,0,1,2,3,4,5,6,7,8,9,10,11,12,13,14,15,16,17,18,19,20,21,22,23,24,25,26,27,28,29,30,31,32,33,34,35,36,37,38,39,40,41,42,43,44,45,46,47,48,49,50,51,52,53,54,55,56,57,58,59,60,61,62,63,64,65,66,67,68,69,70,71,72,73,74,75,76,77,78,79,80,81,82,83,84,85,86,87,88,89,90,91,92,93,94,95,96,97,98,99,100,101,102,103,104,105,106,107,108,109,110,111,112,113,114,115,116,117,118,119,120,121,122,123,124,125,126,127,128,129,130,131,132,133,134,135,136,137,138,139,140,141,142,143,144,145,146,147,148,149,150,151,152,153,154,155,156,157,158,159,160,161,162,163,164,165,166,167,168,169,170,171,172,173,174,175,176,177,178,179,180,181,182,183,184,185,186,187,188,189,190,191,192,193,194,195,196,197,198,199
TCGA-OL-A5RZ-01A,0.010865855,0.034365814,0.105648056,0.06761093,0.024549974,0.009310293,-0.045415785,0.038803518,-0.09065826,0.099387296,0.031294588,-0.007079977,0.11919738,0.16305265,0.013471133,-0.0083840275,0.053997494,0.0037752339,0.048519224,-0.07114502,-0.027598077,0.012407195,-0.109000914,0.046602253,-0.038277395,-0.0030814433,-0.09772224,-0.05075991,-0.06138654,-0.10095314,-0.047049798,-0.08670944,-0.052138574,-0.0661532,-0.08122552,-0.15101673,-0.06350748,-0.029413149,-0.058822982,-0.038625754,0.023600133,0.06467127,0.11941374,0.051598817,-0.08437271,-0.0062028086,0.005909348,-0.021185188,0.1279662,0.047955476,-0.011264297,-0.0003149005,0.039612904,0.05985087,0.03350565,0.038502574,0.03205643,0.020329015,-0.008344138,0.0189892,0.049905453,-0.00010505327,-0.051968556,0.1468427,-0.07375672,-0.0076111187,0.13841192,-0.008467809,-0.08913725,-0.015789028,-0.11359785,0.09017676,0.031158421,-0.17339475,0.12380579,-0.026276257,-0.058213677,0.017994344,0.10422326,0.14160858,-0.03180027,-0.06794588,-0.013629908,0.11508749,0.00531056,-0.13307947,0.047133677,0.14181615,0.08918084,-0.039911807,0.030273851,-0.12348295,0.009121522,0.05805623,0.056535926,-0.04632624,-0.046784233,-0.059895057,0.10846936,-0.04155426,-0.097081974,0.058603648,-0.030699126,-0.13726172,-0.011629754,-0.08814538,-0.008526448,-0.07775245,-0.06664299,-0.01881405,0.06463885,-0.02856022,-0.009250007,0.1269541,0.13170473,-0.0866465,-0.0060737785,-0.054715045,-0.087531105,0.029624343,0.16213356,-0.041067056,0.011664128,0.017208816,-0.01061948,-0.00310609,-0.033365306,0.007794758,0.012960414,0.17800526,0.11537536,-0.112563714,-0.032883227,-0.0750347,-0.14988281,-0.056840207,-0.02536112,-0.06151186,-0.0027869768,0.036855474,-0.009397495,-0.1181229,0.033281945,0.022158401,0.0065221675,0.0031311193,-0.08134578,-0.0075842007,0.013181532,-0.07889381,0.07679875,-0.044971455,0.084972,0.027498754,0.063866384,0.082348675,0.044589058,-0.11233805,-0.036154907,0.06812213,-0.03051556,0.012659647,0.0031339943,-0.13382015,-0.08829539,0.0005180267,0.06513,0.050896488,-0.025584418,0.038638532,0.021110939,-0.03989748,-0.027226973,0.048014715,-0.008507837,-0.05977553,-0.011308638,0.05285957,0.066743456,0.15655024,-0.032832492,-0.051224552,0.0035295847,-0.015103621,-0.030287612,-0.07517471,-0.17108792,-0.068334796,0.035989393,-0.010232773,-0.02605278,-0.07008586,-0.09376049,-0.003979347,0.06294109,0.06539091,0.08876398,0.025479788,-0.10397813,-0.03774478
TCGA-AR-A1AR-01A,-0.033266515,-0.012659019,0.11047459,0.09067238,-0.0613302,0.0025877145,-0.027254345,0.079720594,-0.027540086,0.01982508,0.030370636,-0.07937894,-0.020852977,0.15401053,0.016306594,0.027925337,0.0022983365,0.06972787,0.0021782608,-0.13262466,-0.03298902,-0.09073094,-0.015992878,0.042920027,-0.024062103,-0.07439732,-0.10895672,-0.058072995,0.019902471,-0.14006567,-0.053635467,0.002114434,-0.035353787,-0.17761251,0.0020207323,-0.024297781,0.007812924,-0.1212228,-0.04254233,-0.03296005,-0.028153159,0.08523153,0.0747566,-0.16470307,0.002674891,-0.052898504,0.07937861,0.039277233,0.03128947,0.13252331,0.063801944,0.055370133,0.028902886,0.0029860158,-0.05671804,-0.023079481,0.06294058,-0.023898548,-0.10999169,0.045592543,0.09259462,0.06903839,-0.06560838,0.07110287,0.013859005,-0.027501859,0.099040896,-0.07737171,-0.024807183,0.036701463,-0.1111551,0.11132919,-0.02206717,-0.25559774,0.087119296,0.1251102,0.05971081,0.03749246,0.09222506,-0.07583778,0.07204597,-0.046956,-0.03703082,0.042850528,-0.012256851,-0.16020897,-0.027467838,0.06438557,0.08247057,-0.03890358,0.062021412,-0.09878465,0.11036759,-0.024432091,0.062915444,-0.06625993,-0.024881478,0.022186967,-0.046644036,0.04444809,0.010820318,0.026359625,-0.03312838,-0.12680514,0.024726298,-0.02402444,-0.02995273,-0.071710505,-0.007864892,-0.0054982076,-0.11729644,-0.085475326,-0.03781425,0.013248861,0.08824743,-0.060809277,-0.0641594,-0.05928665,-0.006327625,-0.06161507,0.07272341,-0.12250457,0.026360216,-0.034077533,0.019618174,-0.064875916,-0.09479983,0.032066237,0.062010143,0.107949555,0.0921842,-0.12307362,-0.08176402,-0.045677546,-0.12846045,-0.048326842,-0.115597755,0.005969285,-0.05747048,0.0687404,0.0072776144,-0.06398803,0.0675286,0.07121546,0.004644202,0.016663758,-0.051502123,-0.009545303,-0.07604363,-0.07969995,-0.01671949,0.13246013,-0.0056027966,-0.005427067,-0.06527864,-0.026205083,0.12012448,-0.12038814,-0.021626422,0.05902145,-0.027988466,-0.029056739,0.04321961,-0.07426321,-0.015131655,0.06265027,0.008261208,-0.010556284,0.045666676,0.008477247,-0.018871643,0.022388974,0.047677875,0.050503667,0.0027434446,-0.102562964,-0.13341784,0.08080057,0.035550695,0.16262315,-0.0899392,0.014217898,-0.052506704,0.033986274,0.0168316,0.027927523,-0.08612646,0.012763793,-0.097830065,0.021309823,0.103687264,-0.011767313,-0.06420385,-0.05503298,-0.030286383,0.0672582,0.13140818,0.048447445,0.0019905095,-0.04421377
TCGA-BH-A8FZ-01A,0.012160829,-0.08150363,0.18863977,-0.026249867,-0.014412762,0.06551705,0.06615068,-0.046649452,-0.0835846,0.045283753,0.050897785,0.04774359,0.027610607,0.10966965,0.12261202,0.0042856475,-0.041166555,0.08542584,-0.055730335,-0.057208166,-0.13016699,-0.058436893,-0.0144026475,0.07870375,0.0020228946,-0.049698196,-0.09646135,-0.11395578,-0.019547673,-0.080100834,-0.116696544,-0.024885144,-0.00090731774,-0.1534626,-0.03487951,-0.111567914,0.06408077,-0.07864325,-0.11845825,0.053076204,0.023201901,0.014738473,0.057804685,-0.058672495,0.01586043,-0.09717005,-0.00723872,0.015154363,0.087308995,0.063711405,0.08828175,0.039746176,0.027431956,0.07599909,-0.07369009,0.021973401,0.08216778,-0.0060879528,0.005051695,0.10508687,0.06666043,-0.01888192,0.01866356,0.11176296,-0.007748437,-0.07518692,0.07892864,0.01190059,-0.10028632,-0.08536925,-0.13180028,0.02466815,0.003809931,-0.18104956,0.074091904,0.016975217,-0.033031993,0.04121802,0.11224149,-0.01707157,0.019721298,-0.040547807,0.044301808,0.049271055,-0.021305611,-0.06837503,-0.0643722,0.058475994,0.16851348,-0.0031731834,0.0068736253,-0.109549545,0.07070635,0.032858796,0.06141964,-0.03833192,0.02379723,-0.047513507,-0.020519309,-0.022852205,-0.01376657,0.08088121,-0.13726275,-0.13359,-0.010795766,0.02857692,-0.050333984,-0.09495809,0.009580705,-0.06158987,-0.01790334,-0.048578102,-0.04318221,-0.02350764,0.06569424,-0.12830365,-0.036945693,-0.005223792,-0.03078595,-0.017849393,0.16423394,-0.15222044,0.017424844,0.013695788,0.09280549,-0.055364706,-0.07433409,0.07291746,0.072252825,0.1015956,0.056018278,-0.00957612,-0.0425106,0.009928852,-0.19703652,-0.03386306,-0.12652352,-0.03611667,-0.098401584,0.0036104755,-0.0073686983,-0.055589017,-0.014252145,-0.022060994,-0.0003058792,-0.03611493,-0.07624157,0.04048481,0.06377761,-0.11801886,-0.007959952,-0.052384842,-0.03914528,0.13232991,-0.016440947,-0.00023507304,0.11750552,-0.07551427,-0.07087309,0.0127907405,0.032569487,-0.089490205,0.09806031,-0.12118205,-0.065602645,0.02172254,0.055047914,-0.021098714,-0.015505014,-0.055680793,-0.0981518,0.08868233,-0.019386511,-0.053956028,0.08006841,-0.003813784,-0.10856212,0.11061072,0.05836443,0.14025491,0.007897082,-0.036441814,-0.050877284,0.00648689,-0.004525086,0.04987528,-0.01466064,-0.0319133,-0.0618003,0.045829643,0.043455284,-0.009285955,-0.052993104,-0.10288962,-0.053986672,0.09948138,0.021320518,-0.010563712,-0.010862741,0.025758376
TCGA-E2-A1B0-01A,0.011483272,0.041876633,0.056256726,0.08444548,0.05614103,0.043262582,-0.045588974,0.021566458,0.020550543,-0.015352266,0.03508413,0.009833627,-0.050733164,0.18680939,0.035423268,-0.010437224,0.02842996,0.14580455,0.027556287,-0.14528629,-0.009834465,-0.08043599,-0.04174033,0.042869892,0.02550105,-0.03936171,-0.20047726,-0.046965472,-0.015286434,0.0012579043,-0.07430452,0.024228621,-0.036414836,-0.17797807,-0.04702535,-0.054160524,-0.0036720426,-0.03643036,-0.014316308,0.026083589,0.0029103195,0.028902663,0.07333663,-0.0773308,-0.027392868,0.029940583,0.03633964,0.013181371,0.063780345,0.020978667,0.10159062,0.08667397,0.011497545,0.044335168,-0.0812196,-0.034681216,0.020856066,-0.03195607,-0.0662791,0.035795894,0.01577103,0.026460433,-0.057205424,0.009299058,-0.047864046,-0.06645417,0.1650605,-0.08803584,0.006109622,-0.011282018,-0.1108336,0.03959999,-0.067925744,-0.13268639,0.08938607,-0.047214024,-0.027950356,-0.0007595483,0.1559064,-0.057052564,-0.016770912,0.0074809827,-0.007631617,0.104120135,-0.03554031,-0.059104964,0.011222137,0.027628891,0.07675712,-0.066812344,0.0878775,-0.046955295,-0.02143769,0.1343164,0.00082980155,0.04349307,-0.13580951,-0.060604263,0.06527221,-0.032330703,-0.03856341,0.17264831,0.011920527,-0.044181943,0.013823116,0.009313834,-0.20754,-0.15776862,0.034461763,0.006462517,-0.07599692,-0.14450671,-0.05843989,0.11656927,0.086126015,-0.026001178,-0.04462857,0.0059548626,-0.03339755,-0.033405654,0.07132593,-0.12469592,0.04079087,0.038209356,-0.023499373,0.021117097,-0.032263532,0.039056342,-0.047941934,0.15000561,0.06590774,-0.042698104,0.024997244,-0.102341264,-0.20496646,-0.065798186,0.020473734,-0.01749063,-0.0022700364,0.12864618,-0.035313424,-0.12767252,0.015557247,0.01918048,0.07764168,0.06739199,-0.025026673,-0.1118704,0.0048183543,0.009443957,-0.059225824,-0.029936412,0.01000078,-0.016009418,-0.05424939,0.0044551836,0.0930781,-0.06827495,0.034059662,-0.06814184,-0.0033890666,0.0164576,-0.049224615,-0.18909653,-0.05080489,0.062597096,-0.037957326,0.09535324,-0.058604825,-0.0899061,-0.030790621,-0.047679838,0.042561844,0.039998792,0.04391492,-0.07378195,-0.07647867,0.0011886272,0.020181267,0.10549174,0.03890206,-0.0869489,-0.017472517,0.11503539,0.04159934,-0.035733268,-0.08143971,-0.0883447,0.017492676,-0.0058704643,0.04869805,-0.07536499,-0.08488392,0.104171865,0.06379976,0.044193126,-0.024977168,-0.0038657724,-0.02729258,-0.02237474
TCGA-AN-A0XU-01A,0.013079467,-0.035446186,0.1279034,0.1485584,0.014289414,0.039746765,-0.059845872,0.11925092,-0.028289897,0.07694536,-0.06148129,0.016886134,0.018751465,0.04958383,0.06004636,-0.07504631,-0.045292646,0.044517335,-0.033515465,0.008638669,0.042932604,-0.010798048,0.010004299,0.009587624,-0.027304985,-0.005783561,-0.04196265,-0.03592275,-0.046358034,-0.08350722,-0.08315089,-0.031522628,-0.06529519,-0.10320785,-0.16403282,-0.052309334,-0.04208926,-0.04345002,-0.038033225,-0.08313336,0.0731302,0.08179193,0.054361917,-0.036973026,-0.014570858,0.009527599,0.027648637,-0.009875403,0.0056282594,0.16270271,0.16944548,2.4990377e-05,0.032119807,0.031932354,-0.13541351,-0.009847265,0.0095215505,-0.022739902,-0.054312434,0.023200423,-0.005277716,0.029171541,-0.013106407,-0.00042360727,-0.07769155,0.021493796,0.059740786,-0.04677472,-0.08600844,0.11048778,-0.15684994,0.007630718,0.0888224,-0.119164735,0.1414047,-0.044154007,-0.023130795,0.048464485,0.050871357,-0.013406451,0.04094991,-0.075222954,0.062568106,-0.005374108,0.014041324,-0.10405363,-0.03287323,0.20505968,0.13781045,-0.01916388,0.029284643,-0.12606043,0.10711626,0.046479117,0.06075021,-0.08105546,-0.04900151,-0.0051252027,0.07059135,-0.09142993,-0.002017941,0.056705907,-0.10440826,-0.0706938,-0.08463891,0.02920904,-0.06056892,-0.10917421,0.016421815,0.05791417,-0.07660995,-0.10965056,-0.07309742,0.08704093,0.06536753,-0.037971873,-0.05457808,0.011646746,-0.05415233,0.05061504,0.14788571,-0.050530747,0.085990824,-0.024786728,0.01914259,0.022795789,-0.09368571,-0.039164443,-0.00930873,0.15220997,0.068443336,-0.078659676,0.001832409,0.0020852273,-0.2180565,0.092705026,-0.0106161535,-0.06634925,-0.04208099,-0.01438981,-0.013849716,-0.04709427,-0.049347326,0.036402307,0.1224597,0.048757862,0.05719649,-0.101435244,0.035000186,-0.104093276,0.014519192,0.034148347,0.11893946,0.041528784,-0.06814511,0.13265729,0.06243731,-0.010529167,-0.079416424,-0.057872113,0.021313572,-0.0034017493,0.09820032,-0.17254901,-0.038060695,0.05605218,0.0479242,-0.046434876,0.0043578935,0.005000962,-0.01662607,-0.1185649,0.0012803111,0.04908021,-0.0018218752,-0.071811646,-0.08632089,0.06913654,0.06687034,0.0045204917,0.055162895,-0.0651159,-0.12865674,0.011528605,-0.012363562,0.022301827,-0.026103757,0.021048905,-0.028346717,-0.007944064,0.08134852,-0.12359465,-0.08589407,0.004505433,0.018508263,0.011875379,0.08734136,0.013069827,-0.010323034,0.032107368
TCGA-D8-A27G-01A,-0.030988136,0.03216798,-0.0021859445,0.041356303,-0.07521999,0.057083305,0.08964196,-0.054292116,-0.007989658,0.06216898,-0.035872906,0.028763048,-0.038061045,0.15264618,0.11479633,0.035399996,-0.026286533,0.12032815,-0.037261654,-0.05516721,0.047001585,0.08529306,-0.055298723,0.051378567,-0.036470447,0.017787822,-0.09228347,-0.10201991,-0.010538452,0.02936206,-0.103875,-0.022722863,-0.14836553,-0.135803,-0.051514853,-0.11718754,0.045483083,-0.027389873,-0.07268088,-0.10668888,-0.05076719,0.12203751,0.09997785,-0.09039456,-0.072807215,-0.002094335,-0.023897367,-0.00522288,0.0808239,0.11628612,0.10546376,0.09006919,0.010537399,0.094634496,-0.019584816,-0.053040672,0.08096525,0.00069009705,-0.06819264,0.045582656,0.03919408,-0.0024677047,-0.17459945,0.022226952,0.021125754,-0.011923489,0.079297744,-0.020886047,-0.079028256,-0.043917388,-0.04203783,0.004921825,0.056092653,-0.23261346,0.12250341,-0.081438355,-0.087348476,0.026714034,0.115333416,-0.026278824,-0.053190872,-0.0060397126,-0.07382218,0.021772519,-0.009517528,-0.025095932,-0.058312096,0.11482678,0.09744603,0.016706139,0.035772152,-0.026744096,0.03927174,0.03999649,0.044078592,-0.13471615,-0.0318476,-0.0074477345,0.041914225,-0.010966114,-0.009148501,0.027431319,-0.058568373,-0.123468325,-0.009998063,-0.070347704,-0.01973714,-0.06226097,-0.027152315,-0.09403024,-0.0060950536,-0.22260359,-0.14776362,0.09507386,0.056102507,-0.094178945,-0.0570512,-0.00088888145,0.012810532,-0.034929298,0.037338592,-0.027609466,-0.0124496585,0.030716216,-0.034743007,-0.028903676,-0.011358605,0.024461396,0.012652433,0.027044611,0.013616169,-0.10288887,-0.004190507,-0.021359595,-0.105139785,-0.117649324,-0.08365903,-0.015046129,-0.010766123,-0.018075662,-0.103161484,-0.087640844,0.01290737,0.12268886,0.007845233,-0.013844263,-0.12612781,0.0058649024,-0.056387033,-0.0050905864,0.009828717,0.025313865,-0.07270464,0.04245453,-0.046384837,0.066456705,0.019216204,-0.12341025,-0.024739776,-0.0498129,0.05989462,-0.071262315,0.0067377943,-0.16181095,0.008473269,0.072441764,0.0126151955,0.01985757,-0.012402333,-0.036073774,-0.056414485,-0.12828429,0.029592928,-0.011995265,0.034682304,-0.007951027,-0.08466543,0.1454504,0.027437536,0.17301041,-0.037702173,-0.0060083335,0.07065875,0.051007044,0.022780566,0.021375101,-0.13608646,-0.089463085,0.0031869262,0.013812709,0.03228702,-0.01653762,-0.15196149,0.029569121,0.014068713,0.04412922,0.048013855,0.023163026,-0.022084495,0.052986607
TCGA-D8-A27L-01A,0.05371517,-0.052799392,0.0591187,0.013395984,-0.0188198,0.017715223,-0.03692525,-0.005868282,-0.08888877,0.022271222,0.024937043,0.0020479457,-0.061814763,0.19366986,0.10583054,-0.07536229,0.09826099,0.08797342,-0.0022458031,-0.14644681,-0.0012707318,-0.035645805,0.01834417,0.03531982,-0.031008126,0.030121466,-0.17771502,-0.007540951,0.08372751,-0.012558684,-0.07966816,-0.02910123,-0.09151568,-0.16605777,-0.11618328,-0.14472693,-0.044948168,-0.03686718,-0.06712451,0.061968975,-0.04106095,0.05314004,0.08725499,-0.08002121,0.008622406,0.013901743,0.04415448,0.04706933,0.053847972,0.05119719,-0.044872243,0.018344896,0.026454156,0.11172284,-0.01211758,0.0039259396,0.090207525,-0.0028908798,-0.06373762,-0.027303284,0.039835036,0.068531394,-0.049224786,0.043158095,-0.04858572,-0.061397973,0.10517395,0.003176473,-0.061391417,0.017587148,-0.19052972,0.026275719,-0.002556451,-0.15952146,0.11274652,-0.047829553,-0.056448888,0.03458182,0.09020491,0.013215546,0.079063684,-0.11899069,-0.016961094,0.03987113,-0.020033358,-0.06288268,0.059028275,-0.0050306753,0.118227564,-0.051310256,-0.036730215,-0.06736266,-0.00957144,-0.04440534,0.06206181,-0.04842291,-0.080293,0.024830963,0.02774052,-0.08467874,-0.045873575,0.042483203,0.04731529,-0.121024035,0.0033169982,-0.02758291,-0.08609019,-0.1700519,0.07801948,0.04602226,0.044109993,-0.039495766,-0.05520066,0.0055686655,0.090045474,0.019671839,0.031124238,-0.026244778,-0.11616538,-0.0067361784,0.08806308,-0.1709787,0.14878933,0.13782533,0.051432885,-0.010915116,-0.04073549,0.0064178524,0.012737965,0.11429149,0.05609179,0.023384696,-0.07242671,-0.053559918,-0.06637446,0.008170357,-0.04346771,0.03720303,-0.007423065,0.005371758,0.015215444,-0.22269994,-0.050914645,0.0052146646,-0.039641824,0.014627919,-0.057846345,-0.099320896,-0.06303627,-0.11348333,-0.09294313,0.09108037,-0.041219864,0.034732282,0.029065842,-0.03754904,0.037268296,-0.05730436,-0.026660163,0.049343772,-0.060698688,-0.023545172,-0.010010923,-0.16540688,-0.008731268,0.0387375,0.14356372,-0.01949931,-0.044955343,-0.06421374,-0.032257844,-0.092616394,-0.00849997,-0.07435429,0.020159397,-0.07234958,-0.015179009,0.065351516,0.07951901,0.094034396,-0.08572014,-0.04492166,-0.046731483,0.058024824,-0.009135357,-0.072754666,-0.09479881,0.022486707,-0.0764027,-0.030761853,0.028909298,0.038877748,0.038923092,-0.011664557,-0.067770556,0.006102553,0.02217614,0.14512804,-0.014164405,-0.026617233
TCGA-C8-A26Y-01A,-0.059506338,0.055755578,0.122973725,0.083396785,0.032621875,0.0009428309,-0.037595157,0.058194313,0.06422857,0.031981528,-0.020707801,-0.041713204,0.045263223,0.121372,0.035287675,-0.006334154,-0.018191785,0.047832318,-0.008348926,-0.13632286,-0.02834686,0.0028580057,-0.0015252972,0.08438776,-0.029308032,-0.073349595,-0.11293511,-0.12228178,0.04242294,-0.116809286,-0.03581079,0.05698832,-0.03737139,-0.10516747,-0.0830634,-0.090685,-0.052761357,-0.13955057,-0.09752825,-0.02568551,-0.043256387,0.107118726,0.08823904,0.023442334,-0.07433592,-0.041625567,0.017837483,-0.032496653,-0.019187048,0.087731786,0.06889854,0.08815912,-0.04487003,0.08994398,-0.06753207,-0.08192245,0.015156213,0.062902465,-0.059665613,-0.015306769,0.056476254,0.01672573,-0.07170442,0.12610178,-0.03447999,-0.13005425,0.12852482,-0.11207534,0.0014537342,0.061530728,-0.11587864,0.06752784,-0.116721,-0.026927786,0.044463202,0.11117523,-0.0063467096,0.0122504765,0.09009445,-0.015601578,-0.05668283,-0.06549532,-0.03785582,0.041117173,-0.015777681,-0.102524474,-0.09951634,0.11965584,0.1210279,-0.04630311,0.11741412,-0.12118976,0.008770909,0.044591606,0.11569772,0.018637437,0.026822414,0.027766293,0.0035466051,0.076636754,-0.043817967,0.1458409,-0.04775324,-0.05914449,-0.108569674,0.031840242,-0.034324467,-0.15634345,0.0031174265,0.054231763,-0.005064522,0.0003086848,-0.042431943,0.068524234,0.076164186,0.008772969,-0.016822405,0.032929543,-0.063493334,-0.014984797,0.088558935,-0.05903648,-0.041709695,-0.0129208155,0.06055953,0.025451612,-0.11038263,0.024604887,0.04710284,0.15598418,0.093972035,-0.044478003,0.05506671,0.02190296,-0.2113252,-0.10438076,-0.039479025,0.009361297,-0.006846163,0.03890997,0.036240425,-0.17844619,0.021177921,0.03260904,-0.043401904,0.06437509,-0.06738388,0.060575783,0.054564696,-0.08935918,-0.027914822,-0.034553055,0.004462193,0.023590827,-0.06625967,0.06556017,0.08115921,-0.0009082929,-0.0559756,-0.032533333,0.090897955,-0.0852654,0.057592954,-0.13452232,-0.08034923,0.06516815,0.014744449,-0.010998145,0.008851177,-0.04370445,-0.040301573,-0.06988468,0.091075994,0.039335668,0.010272493,-0.018441731,-0.15565123,0.13075247,0.08036686,0.11480173,0.0026240929,0.03041767,0.030074546,0.052501485,0.044941623,-0.016539672,0.0075791753,-0.045876823,0.00026201268,0.055661254,0.0657876,-0.08124482,-0.0695406,0.021793129,0.03614819,0.05189908,0.07200657,0.07377618,-0.0076207966,-0.029187793
TCGA-3C-AAAU-01A,-0.049694322,-0.05082796,0.034332212,0.046215657,0.01592894,0.060842298,-0.013458888,0.057577528,-0.11240093,0.05852628,-0.00345081,-0.04167587,0.07637433,0.115006335,0.08018038,0.028182637,-0.03500941,-0.004318668,-0.011653279,-0.06662504,-0.071048245,-0.03940773,-0.11208724,0.06655808,-0.10466524,0.08711849,-0.09167408,-0.10872824,-0.027166378,0.035140056,-0.06076708,0.051764715,-0.04501652,-0.10555655,-0.12192207,-0.0999479,-0.016063461,0.02512947,-0.009819607,0.012567902,-0.061994337,0.09130372,0.055999182,-0.09220547,-0.11124925,0.036903694,-0.039817136,0.04591059,0.059131145,0.051657688,-0.034124423,0.047135595,0.07000929,-0.003901964,-0.02207992,-0.0014159929,0.019476162,0.02992387,-0.090713486,0.021465622,0.0031224522,-0.054633282,-0.10662101,0.13865878,-0.05072266,-0.055008803,0.037175424,0.060176276,-0.03151046,-0.0356956,-0.0761396,0.021949777,0.030241316,-0.11825148,0.03514752,0.0016224883,-0.040460706,-0.074812636,0.136636,-0.053463675,0.09945717,-0.027091907,-0.034525044,0.0802117,-0.00716972,-0.109535106,-0.0139420135,0.15887854,0.080026396,-0.07379769,0.054290183,-0.033276368,0.17421485,0.13398346,0.11182635,-0.06797878,-0.09014171,-0.00031181594,0.12616456,-0.009881973,0.019795436,0.06612818,0.02039739,-0.01675537,0.041346043,0.05260491,-0.03743956,-0.05542633,0.016406493,-0.03509851,-0.15103416,-0.09373905,-0.05276042,0.10487527,0.04560475,-0.048635762,-0.014095915,0.020946465,-0.03546656,-0.036160193,0.0021706389,-0.061586466,0.14135197,-0.010359681,0.06613477,-0.06775043,-0.046224166,0.06383971,-0.089156695,0.1869185,0.1459773,-0.06918756,-0.026516229,-0.048135795,-0.1650016,0.030302115,0.09839653,-0.18235154,-0.05138659,0.02492443,-0.0841804,-0.09119015,0.003676946,-0.030600375,0.034945093,-0.07045452,-0.12625659,-0.060308624,-0.012526801,-0.0057819155,-0.019990461,0.01703412,0.064588845,0.028765889,0.0080184145,0.06501633,-0.007113799,-0.08557723,-0.08245274,-0.009499746,0.07405367,-0.10613938,0.010064131,-0.15512626,0.014410233,0.054174077,0.13583332,-0.012807707,-0.08684351,0.010170031,0.002585864,-0.09384373,-0.022302026,-0.051117565,-0.014860886,-0.029619046,-0.042558152,0.062977456,0.12653534,0.09385796,0.0041511944,-0.011162134,-0.08737271,-0.10321205,-0.033199914,-0.05038357,-0.058608577,-0.011180249,0.03299936,-0.044615995,0.07330896,-0.03025874,0.024393441,0.08219379,-0.019406993,0.11659423,0.060674645,0.06678895,0.0069665266,-0.005753887
TCGA-A2-A0CT-01A,0.02318151,-0.050755393,0.19975746,0.04658099,-0.046287958,-0.0013475423,0.00050890807,-0.037816413,0.059755318,-0.034722567,0.04645398,0.0024559582,-0.02416388,0.14822355,0.072614186,-0.005515318,0.005576596,0.04254331,-0.022445288,-0.035420667,0.013546498,0.019521095,-0.10145292,0.020103583,-0.05952079,0.0027931165,-0.10364747,-0.03958959,0.035537895,-0.08275155,-0.022828406,0.005109405,-0.020640979,-0.19385602,-0.0049400227,-0.09085166,-0.026208216,0.021865446,0.041013792,-0.017959898,0.010834475,0.058746755,0.1436965,-0.024882028,-0.05341053,-0.08973617,-0.01697955,-0.046054274,0.026653249,0.08804353,0.08363311,0.055549093,-0.029482074,-0.03782271,0.026427468,-0.0632279,0.075180754,-0.022663685,-0.05542102,-0.006657375,-0.06156514,-0.02433697,-0.038203325,0.15677233,-0.076480776,0.0794423,0.10611614,0.0051585394,-0.094906405,-0.07480585,-0.14032952,-0.0062644817,0.008971565,-0.14277747,0.1289907,0.042858858,-0.14457501,0.032998376,0.054755297,-0.040859222,-0.0465634,0.011837898,0.023315988,0.054142624,0.038176622,-0.10048639,-0.018356321,0.110856645,0.085205875,0.043901775,0.08315082,-0.061284002,0.035985444,0.012416308,0.095481195,-0.044676106,-0.048449405,-0.027490415,0.10038829,-0.09915281,-0.058325026,0.0022549583,-0.06296359,-0.08277865,0.018422661,0.014783344,-0.038508765,-0.19976994,0.023577698,0.038495116,-0.022955863,-0.18552604,-0.11481041,0.0385777,0.08939297,-0.06176552,0.0798847,0.0182801,-0.08026463,0.0054210695,0.11700468,-0.04893759,0.06494861,0.02513144,0.056507416,-0.0066151978,-0.02574152,0.0011112149,0.00033295358,0.14005266,0.12724851,-0.045512144,-0.067613944,-0.11071497,-0.13615496,-0.042323735,-0.07958041,-0.091611125,-0.0571535,0.06389604,0.046819407,-0.12764348,-0.005010503,0.04502155,-0.02277892,0.03913665,-0.120323375,0.024452168,-0.09508968,-0.06744083,0.0013205862,0.013482786,0.04290195,0.097937584,0.013735123,0.05225608,0.13410902,-0.009386274,-0.0073431884,-0.048286688,0.058377568,-0.025188994,0.07373976,-0.11993077,-0.037568007,0.14643048,0.0016692587,-0.002289353,-0.04327209,-0.019083962,-0.09222521,-0.06565534,0.06459194,0.011547671,0.073061086,-0.012283752,-0.012812861,0.04626627,0.089680366,0.1297585,-0.11790267,-0.004228939,-0.019479182,-0.04014947,0.034567643,-0.0020004418,-0.15037744,-0.059916455,-0.1058702,0.041849617,-0.009382737,-0.083639406,-0.055503227,0.05087664,-0.059381202,-0.04067996,0.015979363,0.017805682,-0.02620122,0.014221039
TCGA-E9-A1RI-01A,-0.021607127,-0.06972293,0.066931106,0.09079478,-0.0927074,0.050269626,0.06307863,0.0503644,-0.114593804,0.01141035,-0.042329494,-0.065625794,-0.010313528,0.12534806,0.018448716,-0.044692688,-0.03848521,0.13146943,-0.0639043,-0.022468377,-0.06775972,-0.019133292,-0.06307893,0.01857674,-0.018421741,-0.052576642,-0.13527215,0.047280118,-0.038212523,-0.028865708,-0.10714408,0.046169836,-0.044523608,-0.09143171,-0.15459973,-0.106261835,-0.019891277,-0.03888921,-0.048085716,-0.016192913,-0.074014746,0.09819159,0.16385283,-0.12052874,0.021704832,0.0058721947,0.011416557,-0.0027030192,0.07249417,0.076062396,0.08034394,0.12249072,0.021685235,0.13590693,0.03968764,-0.044126686,0.08451635,0.047143422,0.0224681,-0.002556853,0.086796515,0.10210288,-0.06694365,0.078815356,0.025632909,-0.0070637623,0.11133248,-0.07692003,-0.02229966,0.04722465,-0.092957556,0.08291541,0.011477405,-0.21380669,0.1706844,-0.0827532,-0.007375087,-0.0704726,0.09053345,-0.039803006,0.015220494,-0.090771906,-0.078332566,0.01097833,-0.0553096,0.0048649847,-0.05768174,0.07316417,0.07986931,0.018826934,-0.06392055,0.0023765333,0.049063887,0.029447021,0.04632177,-0.04918836,0.003676596,-0.032062955,0.06690729,-0.060570244,-0.04891784,0.059021126,-0.044896867,-0.16258134,-0.08776846,-0.03136185,-0.031353343,-0.02964685,0.09643983,0.011186244,-0.09732602,-0.04791278,-0.051757548,0.045961205,0.10037926,-0.036661558,0.06548757,-0.08357041,0.076791205,0.022231828,0.038554106,-0.07452117,0.131657,0.05154198,0.09611619,0.03231336,-0.023259962,0.011554968,0.054440867,0.15077743,0.13844286,-0.0513613,-0.006757236,-0.08471145,-0.1590076,-0.020097947,-0.027989063,-0.009473135,-0.04139303,-0.029914776,-0.008488565,-0.13680038,-0.07679644,-0.011799914,0.14500453,-0.0007266027,-0.15867841,-0.051144056,-0.08460405,0.0374897,-0.026830927,0.08480147,0.010180134,-0.0020906546,0.00081357243,-0.043485966,0.049281195,-0.09870674,-0.04408913,-0.048258178,0.037754145,0.006686749,0.0059446045,-0.08962715,-0.058421668,0.031998985,0.01087021,-0.005762227,-0.050970796,-0.04536455,0.0075305477,-0.11207512,-0.03164064,0.031381488,0.038803607,-0.043824024,-0.023627454,0.09916995,0.09832518,0.07884826,0.057146847,-0.006973743,-0.060660705,0.022300772,0.0007328446,-0.0796173,-0.078461654,-0.08343079,-0.06008355,0.027099155,0.05466034,-0.014031974,-0.07283438,-0.021878388,-0.067057915,0.015554606,0.13709259,0.08415911,-0.03662776,0.0066129803
TCGA-E9-A1RG-01A,-0.021495704,-0.021095403,0.107056096,0.020998495,-0.025889926,0.033756755,-0.0156020345,0.008365404,-0.112698354,-0.0022435703,0.06950129,-0.0034821422,0.021447085,0.18338926,0.056655433,-0.058254767,0.035696644,0.04862007,0.0050579365,-0.11040705,-0.046446662,-0.08868761,-0.06932782,0.13642931,-0.005921536,0.029654678,-0.10259195,-0.02675317,-0.0063650603,-0.034374483,-0.1063022,-0.0002118365,-0.11138875,-0.09138275,-0.04907064,-0.17142831,0.065446004,-0.0694531,-0.0271272,0.020028442,0.07077494,-0.0010409205,0.18135913,0.011684935,-0.04705756,0.022090815,0.028281653,-0.046820592,0.06327677,0.06626215,0.013361617,0.024328832,0.033535168,0.062012147,0.026265483,0.010407513,0.117681146,0.02060303,-0.027304608,0.016006842,0.03343543,-0.06472938,-0.087864876,0.084324,-0.07361755,0.017106466,0.1876452,-0.0069242837,-0.051700298,-0.029194117,-0.18094817,-0.0010126296,0.07859706,-0.14119868,0.071480915,-0.053220835,-0.05261184,-0.021366643,0.12022481,-0.0059944442,-0.0044013355,-0.09491633,-0.05593945,-0.010384366,0.07143418,-0.07232904,-0.07531152,0.036015727,0.15215833,-0.032829337,0.03139898,-0.09227834,0.037670508,0.044682715,0.091545485,-0.07549776,-0.010915344,0.017042965,0.09753123,-0.07600031,-0.043334424,0.03854299,0.08122994,-0.097838625,-0.07216086,-0.041433375,-0.014283876,-0.07565887,0.09734779,0.011601699,-0.017573413,-0.06529302,-0.06670513,0.081183046,0.12714435,-0.0652408,-0.014035524,0.012174868,-0.13746765,-0.057804346,0.10801456,-0.10331951,0.029263781,0.047181726,-0.026974075,0.04415277,-0.04957236,-0.008674541,-0.012354829,0.20393924,0.1369766,-0.03712064,-0.018310016,-0.039039835,-0.12584567,-0.035486143,-0.15509182,-0.007118654,-0.039136644,0.012655879,-0.016720003,-0.08069501,-0.012403523,0.00050198636,0.045556914,0.05930087,-0.15343842,-0.075747475,-0.08559993,-0.051910587,-0.052343104,-0.018013718,0.023210254,0.042895075,0.012263985,0.011377551,0.0628728,-0.054638207,0.071654715,0.003626334,-0.073342144,0.024115859,-0.061998315,-0.096806966,-0.09698086,0.05185991,0.024540756,0.010931859,-0.055831738,0.063894115,-0.10541727,-0.085060194,0.038329434,0.049489927,0.029957796,-0.055514038,0.008745754,0.0068209693,0.024493285,0.13463071,-0.026989652,-0.033890154,-0.012905949,-0.00431548,0.05187334,-0.027953796,-0.22587244,0.010829202,0.03425054,0.0677244,0.03427543,-0.037639517,-0.048387058,0.027884593,-0.014006442,0.0069884867,-0.04573458,0.089360006,-0.0022209394,-0.013449091
TCGA-AR-A2LE-01A,0.074586935,-0.054180603,0.07677907,0.032767966,0.015428346,-0.009337963,0.01582781,0.009423074,-0.09394301,-0.02729328,-0.062335,-0.08657007,-0.0256529,0.13587028,0.089932196,-0.034446135,0.04060464,0.10417596,-0.06396105,-0.09066209,0.0017892626,-0.067523174,-0.06396419,0.08697646,0.016098004,-0.067355886,-0.13370419,0.020008542,-0.10414347,-0.07425617,-0.02174921,0.07189519,0.000500016,-0.030185847,-0.07490339,-0.14354728,-0.075271726,-0.009434921,0.00012329839,-0.0048958277,-0.07760656,0.11405212,0.11205971,-0.049634658,0.028762724,-0.017224872,-0.04676112,-0.0051137498,0.032495048,0.12046892,0.058010478,0.073674455,0.108581804,0.11081465,-0.0057428856,-0.047708824,0.13044038,0.012416736,-0.0047837147,0.0065673934,0.03570123,-0.03321749,-0.083815835,0.12574123,0.032881234,-0.012266294,0.078548566,-0.04473381,-0.03098709,0.0059959656,-0.10784552,0.0298426,0.075450495,-0.19067326,0.052198146,0.00091241644,-0.0442941,-0.032511182,0.14707229,-0.032633677,0.015358317,0.09620217,-0.064453036,0.04803959,0.012960921,-0.03861255,0.014866281,0.07131657,0.03249659,-0.028687838,0.0800423,-0.07300598,0.11452216,0.031181943,0.12681201,-0.0659789,-0.1264985,-0.028517928,-0.0070373802,-0.0003855915,-0.031040387,0.07550995,0.04110446,-0.070724554,-0.083234854,0.024905313,-0.02931213,-0.030894227,0.03856321,-0.008480636,-0.08496814,-0.08637277,-0.09038716,0.15033858,0.12050772,-0.038624294,-0.05414169,-0.047105476,0.05654822,-0.14385332,-0.09415725,-0.08891736,-0.018596407,0.082985714,0.060219314,-0.04508523,-0.027332306,0.0045113405,0.06843117,0.13238654,0.08009949,-0.10014689,0.021596994,-0.044790883,-0.13474469,-0.02838988,-0.11613945,-0.0077958275,-0.013973953,-0.039928887,0.038758516,-0.106658965,-0.036397293,0.08448698,0.013680866,-0.04207345,-0.11445614,-0.00026865842,-0.014463918,-0.066938624,-0.0029914298,0.10822308,0.017912546,0.024472598,0.022150233,0.038639084,0.105343096,-0.106968984,-0.07321966,-0.006569891,-0.04659355,0.0017490531,0.05215806,-0.15958914,0.011931284,0.044202417,0.07705552,-0.00064529636,0.00018219966,-0.030725759,-0.036339737,-0.11453567,0.10857972,0.0039974386,-0.017687902,-0.0265702,-0.09890714,0.1079188,0.08978379,0.06154829,-0.0014416713,0.014098752,-0.064643964,0.09528002,0.096033655,0.018262865,-0.013013511,-0.0754922,-0.0099567445,-0.03864184,0.17632839,-0.07283938,0.054842234,0.09616471,-0.01309718,0.09356002,0.023147738,0.08855854,-0.02664046,0.047745585
TCGA-E9-A22G-01A,0.018255478,0.002960126,0.10556293,-0.014779819,-0.013540772,0.057972576,-0.06578439,-0.008802862,-0.05858635,0.05197419,-0.01483224,-0.023156155,0.032068018,0.14077437,0.0081138,-0.057674885,0.000520368,0.083419204,0.0911699,-0.10111241,0.0031996875,-0.17357212,-0.048312362,0.088311054,-0.09742254,-0.022006726,-0.14941524,-0.03820441,-0.0012149189,-0.0019967274,-0.025501514,-0.0465785,-0.099087365,-0.1277927,-0.041369367,-0.06678918,-0.048166435,0.063690685,-0.025545288,-0.057074606,-0.008884155,0.08221551,-0.014054679,-0.08615433,-0.019234614,0.0019060038,0.0488633,0.08043602,0.111531995,0.09040314,0.049756292,0.08551858,0.06306635,0.08075954,-0.01221553,0.04032002,0.09737638,-0.07539008,-0.07141037,-0.012928824,0.09578449,-0.035285376,-0.029984692,0.14742859,-0.06285598,0.12916659,0.043966137,-0.055642873,-0.09106196,-0.03032798,-0.11416252,-0.03486606,0.06972191,-0.17226036,0.03730873,-0.0033884966,0.010670087,-0.028835498,0.10511796,0.013691901,0.03734553,-0.058654845,-0.004471156,0.08784985,-0.035937563,-0.07555355,0.0471796,0.06164082,0.11064536,0.010247941,0.023978261,-0.06884198,0.15419485,0.05883146,0.061933704,-0.042676672,-0.040871374,-0.050652586,0.05081982,0.024698364,0.024211017,0.033921566,-0.043427147,-0.106444694,-0.054428916,0.065181166,-0.115658894,-0.05346647,0.023024919,0.09652224,-0.0677581,-0.20879507,-0.008471354,0.025657117,0.06876384,-0.085660584,-0.063402236,-0.027501477,-0.10923836,0.0963897,0.028338887,-0.008611819,0.12006482,-0.022703644,0.034821343,-0.04097166,-0.043465745,-0.0031225479,-0.08188971,0.11680694,0.08095301,-0.17856549,0.056383576,-0.034420047,-0.06425958,-0.03466279,-0.10519643,-0.11865493,-0.005566801,0.091901936,0.02138098,-0.13606113,0.031589277,0.081620574,-0.037441257,0.088851824,-0.10027854,-0.011700686,0.011825102,-0.044599287,0.100332454,0.023310171,-0.011901901,0.06353924,0.0034113692,0.030684235,0.08184346,-0.11216505,-0.07944438,-0.027277373,-0.02856356,-0.02901783,-0.06354922,-0.109346785,0.027584339,0.012348611,0.07972637,0.00063956354,-0.036329255,0.020638755,-0.04715939,-0.13374217,0.02463328,-0.06707498,-0.008178059,0.012551141,-0.09095193,0.1102711,0.08042493,0.111955814,-0.018808702,-0.005681703,-0.019263966,0.15720308,0.040479127,0.011002686,-0.028514406,-0.09765808,-0.052199066,0.010139781,0.08041387,-0.008111192,-0.04339358,0.021497961,-0.025880216,0.0754683,0.0718539,0.022326149,-0.026911926,-0.041735586
TCGA-BH-A0GY-01A,-0.020624714,-0.00462365,0.11830042,0.027260251,-0.027707035,0.048306283,0.03771027,0.022845905,0.089972354,0.029606879,0.016301114,-0.0006881722,0.03948184,0.20516692,0.059039827,-0.011857235,0.0015305628,0.042115934,0.049328856,-0.10093772,0.0125075895,-0.09722983,-0.10443462,0.0888086,0.032768853,-0.12154058,-0.16808899,-0.036561497,0.07305833,-0.060615264,-0.035895783,-0.049265012,-0.085807756,-0.16704972,-0.112170964,-0.08393576,0.005932479,0.02869668,0.035837974,-0.03322062,-0.013403192,0.07051001,0.104329124,-0.021692986,-0.03866953,0.030466419,-0.02117443,-0.042044584,0.032802735,0.15178409,0.08367109,0.006200632,0.055838242,0.10209634,-0.12507008,0.09292554,0.039873615,0.023186397,-0.031604204,-0.008057406,0.076448634,-0.003973595,-0.12848832,0.103437655,-0.020044727,-0.05446899,0.15753679,0.0128451865,-0.12111686,-0.020736188,-0.05727113,0.037849754,0.028762344,-0.05636768,0.11576416,0.055060137,-0.051579244,-0.047946125,0.10421386,0.040572017,-0.03882819,-0.0039655617,0.016164748,0.13418986,-0.008456003,-0.11580933,-0.01940454,0.14684814,0.07791795,-0.018283786,0.07589093,-0.15891688,0.088439286,0.068030104,0.03222283,0.002603397,-0.007421874,-0.048537403,0.03415239,-0.06481996,-0.039803736,0.059802324,-0.03423335,-0.08964981,0.11400265,0.047652904,-0.015714822,-0.081445836,0.021558734,-0.039197497,-0.02407825,-0.13154982,-0.0962746,0.08429434,0.10688531,-0.14080845,0.03667139,-0.08070688,-0.093067326,-0.06960317,0.066402085,-0.03670683,0.02337378,0.0157851,-0.079810575,-0.03873275,-0.0502328,-0.013364654,-0.08719397,0.104825914,0.08258019,-0.1094768,-0.018028291,0.005850038,-0.15640637,-0.060986567,-0.025154306,-0.093356386,-0.004898491,0.014792075,0.04482896,-0.10797996,-0.0069229016,-0.03443413,0.0019660504,-0.055447694,-0.07739591,0.036345664,-0.022365578,-0.06921861,-0.049949948,-0.083312966,0.10426425,0.026924133,-0.05318874,0.069150075,-0.0020358833,-0.06131917,-0.06062824,-0.022138542,-0.029323831,-0.104911104,0.0035210322,-0.061096705,0.07622132,0.07313678,0.06685666,-0.0141218,-0.029926194,0.10688704,-0.033496134,-0.07618862,-0.018506367,0.049133293,0.042696316,-0.066985,-0.048448797,0.1216744,0.06161842,0.093599215,-0.034342065,-0.10366235,-0.017370334,0.012925288,-0.027679246,-0.02075757,-0.10866003,-0.037910733,-0.07197906,0.036682714,-0.020994758,-0.06272209,-0.08127071,-0.0178424,-0.04326672,0.0651961,0.047341328,0.07545911,-0.024196541,0.061817516
TCGA-AR-A24L-01A,-0.08969839,-0.06180097,0.0807855,0.09063635,0.028954307,0.053447645,0.00042624475,-0.034914616,-0.10279313,-0.00567183,-0.0045475136,-0.021054162,-0.04377413,0.11275569,0.038976707,-0.004003075,0.02804189,0.048425324,-0.03455031,-0.070962556,-0.062110145,-0.06984322,-0.053222023,0.11306414,0.054004245,0.047016613,-0.10432573,-0.07673239,-0.011172656,-0.146177,-0.07240982,0.044118278,-0.08012895,-0.09982047,0.007898981,-0.115919836,-0.030992355,-0.018310238,-0.10879565,-0.012753589,0.068470106,0.08883764,0.032415748,-0.04779382,0.012728396,-0.073835105,0.018451843,-0.04636484,0.04193427,0.08684956,0.099051334,0.038064588,-0.012887903,0.15285413,-0.044145763,0.054579627,0.09083125,0.052736323,-0.07125631,-0.030235196,0.045040384,0.028401429,0.029609755,0.18726082,0.04276601,-0.08553479,0.2024739,-0.0064566894,-0.14125279,0.017059652,-0.099836394,-0.012076715,0.02286223,-0.10941312,0.057291977,0.0797715,-0.046078417,-0.011785034,0.09726938,-0.027076824,0.026979657,-0.03427851,0.03236686,0.07389321,0.018351361,-0.055096883,0.09732444,0.04193399,0.0811817,-0.027182745,0.037924953,-0.029116794,0.11429036,0.025138568,0.107656896,-0.08392476,-0.040673386,0.020031208,-0.059526633,-0.02006712,0.07507557,0.08378229,0.16187367,-0.113981254,-0.027385661,0.035503853,-0.048939236,-0.017946236,-0.051646195,0.03695554,-0.07386434,-0.08428797,-0.07737642,0.19404523,0.09989252,-0.067604944,-0.010237022,-0.082835235,-0.0478797,0.008924778,0.037251085,-0.08508893,0.024362652,-0.018398425,0.05311042,0.008399983,-0.10318459,0.10122178,0.073742256,0.0012859271,0.09279972,-0.016423972,-0.060117543,-0.01938011,-0.122777745,-0.0050845016,-0.036724668,-0.12840329,-0.05361517,-0.018520946,0.00045368448,-0.17386772,0.03541068,-0.0019743417,0.035974342,-0.059844516,-0.11155292,0.007246924,0.10744703,-0.1118137,-0.042234004,0.09259762,-0.04869066,0.06719962,-0.06432593,0.053454667,0.009634346,-0.0512575,-0.13293494,-0.027723461,-0.09864469,-0.024322199,0.0794007,-0.13876577,-0.0587114,0.04529246,0.08865151,0.020076606,-0.047631156,-0.032929484,-0.0052146334,-0.08452927,0.05789251,0.010032728,-0.0027351223,-0.077499166,-0.009950368,0.14575005,0.04880223,0.09843386,-0.03216811,-0.064225085,-0.076939866,-0.0007951204,0.07106439,0.029600445,-0.07622266,-0.040612355,-0.010649356,0.02563626,0.10117081,0.006801118,-0.029501962,0.01367622,-0.0015208728,-0.011818944,0.06742447,0.085262336,-0.008614593,0.019320004
TCGA-AC-A2FO-01A,-0.061720617,-0.112523355,0.06694606,0.07658338,-0.015410906,0.0041505676,0.04693782,-0.052570358,-0.030732652,0.017397113,-0.07811142,-0.059581343,-0.0055893622,0.12978995,0.03787176,-0.008212915,0.011433517,0.06017094,0.07621258,-0.15573537,-0.07255129,-0.029972399,-0.05044704,0.07997207,-0.05608738,-0.09807089,-0.14938481,-0.078589946,0.0033527205,-0.08155012,-0.058869995,0.036905274,-0.012832728,-0.04408535,-0.08601605,-0.04912046,-0.10378202,0.013649924,0.0073361173,-0.046468977,-0.08171918,0.055353053,0.07541662,-0.13883433,-0.007601849,-0.012125206,-0.011432214,0.040098503,0.08585463,0.14197005,0.10629818,-0.032489963,0.05520963,0.10816097,-0.012590355,0.12291267,0.014663834,0.01659216,-0.018067628,-0.045524046,0.03315904,0.07680898,-0.06545902,0.06749193,-0.03951244,-0.0029646347,0.17511965,-0.036626413,-0.058250077,-0.012623247,-0.05842842,0.0067478362,-0.0354129,-0.24580131,0.070650674,-0.07381909,-0.011700859,0.0064162356,0.046786465,-0.047366932,-0.018897956,0.026145147,-0.041297674,0.029093837,-0.039659165,-0.04819251,-0.059935678,0.111168794,0.059597347,-0.027036889,0.025191924,-0.08293136,0.0060374252,-0.007184547,0.08448699,-0.034631032,0.024400594,-0.024907442,0.07270765,-0.060032807,-0.028750168,0.04395806,0.045158923,-0.16460866,0.041228633,-0.09920947,-0.08898195,-0.11281626,-0.029259266,0.012579453,-0.04416376,-0.07610241,-0.07940414,0.12194119,0.03911399,0.015469302,0.019530347,-0.059963908,0.02042002,-0.0031243523,0.1328487,-0.10928527,0.103484616,0.0210255,0.021791926,-0.0094595,-0.06267291,-0.011476096,0.06369567,0.13597433,0.111525744,-0.026886392,-0.040163588,-0.03517286,-0.1091156,-0.004786567,-0.0711107,-0.06421052,-0.026768323,0.008139431,0.013501388,-0.16260631,-0.036883503,0.07947087,0.03226848,-0.12304455,-0.17085376,-0.039766703,-0.029202571,-0.04729285,-0.040755197,0.14899023,0.018625379,-0.07360769,0.035430137,0.14090255,0.07692944,-0.052984603,-0.039768465,-0.07653479,-0.062504,0.013882404,0.047122706,-0.14193681,-0.08480632,-0.06290035,0.07280379,-0.0026508635,0.028018724,-0.06734352,0.08151372,-0.105706416,-0.032338515,0.0035907885,0.07767249,-0.012021717,-0.03809422,0.05153727,0.10519718,0.100487106,-0.045718435,-0.011858824,-0.00298238,-0.0014925158,0.049747553,-0.07493924,-0.103233784,-0.030868178,-0.013315046,-0.0058123036,0.049860835,0.0286017,-0.0035550275,-0.036668845,-0.01965087,0.062644586,0.12268635,0.08331027,-0.07233923,-0.037708234
TCGA-A7-A4SF-01A,0.045206994,0.022017574,0.10218916,-0.00087047275,0.016721794,0.101841174,0.055234075,0.06081198,-0.049463134,0.09231502,-0.14229979,-0.09525374,0.03100152,0.11274853,0.07547176,-0.14639619,0.021852367,0.023256723,-0.061262354,-0.061212413,-0.020441167,0.0010834632,-0.064652726,0.12428522,-0.06993052,0.059308283,-0.1198419,-0.010431899,-0.0020311044,-0.1016621,0.0531346,0.029826714,-0.06689886,-0.054822564,-0.052792158,-0.16466166,-0.06431246,0.04223725,-0.058540568,-0.07716501,0.00042297886,0.10558426,0.11551498,-0.060840663,0.00027652786,0.014474852,-0.022055004,0.069430836,0.018813329,0.05756072,0.08167718,-0.056495238,0.029744497,0.057319567,0.035063613,-0.006222326,0.09908625,0.08872902,-0.037565164,0.08786862,0.16365908,-0.028942525,-0.10140244,0.09059829,0.042275753,-0.052746538,0.17227833,0.024751682,-0.07689382,0.09395383,-0.09434771,0.065179095,-0.051974956,-0.21582751,0.06573491,-0.04306343,-0.069871545,0.119300134,0.06896842,-0.02131897,4.4133678e-05,-0.025390372,-0.018156087,0.07935433,-0.026601166,0.0044227657,0.029550904,0.11407714,0.059618212,-0.027217561,0.106200695,-0.06274133,0.13031712,0.034779824,0.05500458,-0.06296122,-0.1149575,-0.0017995227,-0.05146985,-0.091144465,0.009384004,0.05460727,0.030319277,-0.031925984,-0.03172781,0.0019397518,0.002328911,-0.09681403,0.068959445,0.006036413,0.03775569,-0.123066016,-0.08828002,0.061915565,0.1338567,0.0073498953,-0.023730557,-0.07712146,-0.022653406,0.045084223,0.034789547,-0.003385296,-0.008262273,-0.005025563,0.023784617,0.034329623,-0.05662874,0.14826617,0.004249623,0.087583706,0.04623102,-0.09083733,0.03238133,-0.106834516,-0.105420224,-0.0102990335,-0.016359547,0.014589872,0.025458468,0.022961693,-0.106261425,-0.1755548,-0.01789457,0.10134435,-0.01979112,0.019338567,-0.120302066,-0.10700029,0.01904278,-0.0717562,0.03923569,0.02898232,-0.017515704,0.05002199,0.041376624,0.0050761793,0.002071828,-0.1181241,-0.11311706,-0.03431164,-0.0021944072,-0.062096685,0.042610332,-0.12388836,-0.01765348,-0.008361079,0.078105636,-0.032161746,-0.03917834,0.0051490427,0.062417082,-0.1006728,-0.023124944,-0.0016469206,-0.016304992,0.0039878306,-0.11928881,0.09675154,0.0067875427,0.014346575,-0.020789906,0.00011796355,-0.010300997,0.061170667,-0.0036495654,-0.024739616,-0.09134449,-0.005433413,-0.010508693,-4.589086e-05,0.087902114,-0.068174526,-0.06863737,0.028711278,-0.0008670101,0.06432966,0.09248423,0.16548513,-0.037858065,0.054888844
TCGA-D8-A27P-01A,0.059035093,-0.15176284,0.068623714,-0.03783733,-0.03758023,0.091925405,-0.03175198,-0.031881727,-0.1013856,0.05371793,0.0019993465,0.07862994,0.014574557,0.051019732,0.08592677,-0.085006066,0.00749651,0.06019635,-0.016632631,-0.09295339,-0.09415168,-0.017004441,-0.04446147,0.13566138,-0.0010990065,-0.043433357,-0.16871268,0.024198497,0.005732034,0.014921722,-0.07894219,0.0011447518,0.02138221,-0.09475092,-0.01573351,-0.10779997,0.0125863515,-0.053864744,-0.05033895,-0.037414756,0.030918486,0.121536866,0.12869528,-0.07310916,0.09244788,0.051966548,0.08508154,0.029111562,0.1177719,0.07166592,0.08066478,0.009069341,0.07836477,0.16550617,-0.03403949,-0.044907793,0.09577086,0.11975807,-0.0075450744,0.014617139,0.073550634,-0.070088476,-0.05293926,0.10336618,0.03218371,-0.07154413,0.08100668,-0.008058759,-0.069770746,0.015243811,-0.108276196,0.053413212,-0.031609368,-0.124703,0.14235902,0.009782561,-0.046884146,0.0018296192,0.14537312,-0.018060088,0.0037938473,-0.045558065,-0.056484688,0.07034893,0.034205142,0.006065017,0.04586191,0.020853912,0.08816804,-0.016624378,0.09028555,-0.045103766,0.020912984,0.036161415,0.14914618,-0.011136938,-0.076851524,-0.11109882,0.036948197,-0.047641013,-0.055375736,0.10945116,0.00019749743,-0.14952022,0.028683111,-0.028023679,-0.023799287,-0.15791754,0.053578395,-0.023513593,0.015329057,-0.0059485664,-0.09496247,0.07328818,0.034587156,0.02033963,0.0010289716,-0.05186313,-0.01704911,0.04823052,0.1013937,-0.21051277,0.044254165,0.047293805,0.08837524,0.05473836,-0.026704242,0.043448295,0.013873754,0.09977523,0.024962043,-0.07194213,-0.054379877,-0.0024742626,-0.18646765,-0.024706284,-0.054977182,0.0079863705,-0.03872167,0.04887753,0.0053337156,-0.19733436,-0.008687666,0.07170595,-0.037544277,0.023173558,-0.07603382,0.0345856,-0.0027131066,0.003522735,-0.048530426,-0.010062036,-0.02517111,0.001431265,-0.0061332854,-0.031576406,0.11572371,-0.121441655,-0.09725856,-0.026944928,-0.02233198,-0.07758004,0.023752965,-0.07448366,-0.0139888665,0.0071766907,0.13907844,0.012190628,-0.04126093,-0.018489808,-0.0070591364,0.00041207575,0.018360015,-0.08397747,0.106935814,0.002366865,-0.06255296,0.06795272,0.03938482,0.063403465,0.016596409,0.02043443,0.012852956,0.016966507,0.10054102,-0.04281262,-0.022957427,-0.0073454203,-0.0081543615,0.06350705,0.09531601,-0.020799404,0.018865326,0.037169803,-0.14113604,0.11577753,0.0734914,0.12545523,-0.02326956,0.05230256
TCGA-BH-A0DG-01A,-0.07619437,0.03319667,0.02796095,0.088062026,-0.05132805,0.053630877,-0.05911531,-0.062351853,0.014196756,-0.04901406,0.058008086,-0.007825037,0.041647833,0.1858895,0.13793758,-0.018242788,0.016505105,0.026191618,-0.027280135,-0.08403258,-0.022329312,0.07060171,0.0022477347,0.12441563,0.019429047,-0.013022168,-0.12914976,-0.09384913,0.05203755,-0.07285516,-0.06215833,0.08268697,-0.04733993,-0.18039025,-0.14485821,-0.08355362,0.008421164,-0.061037224,-0.09343446,0.06393692,0.031695973,0.16810824,0.08362192,-0.0629203,0.023954675,-0.0227716,0.07752554,-0.038350105,0.031467084,0.12441699,0.07684398,0.09461935,-0.004825096,0.08024285,0.016347203,-0.033821102,0.07112087,0.03347056,-0.071397044,0.06382574,-0.0054506077,0.012807822,-0.06665383,0.09079894,-0.03826203,-0.08323099,0.123496875,0.03039074,-0.0358927,0.029841937,-0.07834719,0.012772847,-0.01797806,-0.15279883,0.033069834,-0.012530356,0.0015693937,0.024695124,0.12710005,-0.019454958,0.00036399122,-0.13389416,-0.09996455,0.0023943675,-0.056993175,-0.052100174,-0.053934213,0.032226797,0.04685603,-0.050708763,0.076153435,-0.08216382,0.022589233,0.11867866,0.025369307,-0.1272144,-0.008282748,-0.03570689,-0.013343885,-0.10220033,-0.039881345,-0.017995488,-0.045333467,-0.05904238,-0.19736996,0.026642721,-0.08585687,-0.10797061,0.0668957,-0.06931585,-0.069920085,-0.098737195,-0.13036314,0.015993265,0.04261949,-0.03488657,-0.024162516,-0.021136044,-0.05350139,-0.099799335,0.14448337,-0.08422217,0.0073300973,0.08380226,0.06792144,0.049844578,-0.065054335,0.08825342,0.03939091,0.13347512,0.0012598976,-0.07335693,-0.03808558,-0.080774404,-0.14043142,0.014580548,0.048387893,0.046158887,-0.076314144,0.0027415853,-0.02158207,-0.11300844,0.043867573,0.03446595,-0.05268219,-0.019483592,-0.14236422,0.018563593,0.01143899,0.011331351,0.027731875,-0.0036769127,-0.05046801,0.068530776,-0.041157864,-0.07557204,-0.0799424,-0.061782334,-0.07016626,-0.031785574,0.021933224,0.020097042,0.008482053,-0.17537072,-0.09334102,0.041891277,0.038603473,0.03043957,-0.049057234,-0.021752946,0.032139827,-0.09875601,-0.06294949,0.025633596,0.077052794,-0.053446535,-0.09583857,0.060007468,0.046928193,0.10377824,-0.0067650056,-0.03960624,0.03551337,0.07168504,0.09820266,-0.06738161,-0.044110194,-0.017733146,-0.00862327,0.057285782,0.049601644,0.00078655593,-0.055658355,0.08420226,0.015372794,0.015060579,0.087524004,0.038618337,-0.057187237,0.04693877
TCGA-A2-A1FX-01A,-0.05351549,-0.07161305,0.111158036,0.051214438,-0.06644112,0.059021194,-0.08305579,0.047411013,-0.109322526,0.10206457,0.10195237,-0.01931973,-0.023972986,0.102764405,0.051011547,0.009255408,-0.023462173,0.0656605,0.032358,-0.024039118,-0.09354706,-0.04800073,-0.1486671,0.084326394,0.048680536,0.019192856,-0.1276613,-0.0054861205,-0.06757625,-0.11506834,-0.114430204,-0.046349477,-0.07902355,-0.14870168,-0.08793958,-0.0792492,-0.05307336,0.012993035,-0.04771064,0.017182654,-0.047922105,0.0280016,0.01887801,-0.1030097,0.07466793,-0.029548917,-0.01055826,0.006912392,0.07926359,0.15897381,0.065230556,0.026527686,0.044902883,0.028436985,-0.05801094,0.033377424,0.06531984,0.0038192049,-0.018502396,0.025094265,0.045341503,-0.04846314,-0.080069594,-0.011800008,-0.006382798,-0.07516404,0.107719555,-0.024382697,-0.04648243,0.01870376,-0.09648641,0.0134902755,-0.06041478,-0.18059324,0.0107496325,0.010139088,0.016507713,0.01921225,0.09793459,-0.029311154,-0.0016024282,-0.041398413,-0.023567807,0.07632463,-0.02860555,0.002477008,-0.116351016,0.04977086,0.08853285,0.06436097,0.029876979,-0.05424282,0.15580273,0.020790266,0.06537034,-0.016593337,-0.10686136,0.0031204736,-0.014344889,-0.0486269,-0.0034092476,0.10489714,-0.04535501,-0.07876783,0.025039036,-0.121868104,-0.091600865,-0.0038276925,0.08804662,-0.07158825,-0.054354575,-0.08743072,-0.059404686,0.18208611,0.07860895,-0.049650587,-0.064443134,-0.0736982,-0.048369776,-0.05524591,0.08471929,-0.13606651,0.06208517,0.038042177,-0.02842008,0.014035892,-0.05130548,0.14283885,0.00027951316,0.10313753,0.057399735,-0.008376195,-0.09700168,-0.0114607625,-0.0930822,0.030367557,-0.04302788,-0.012857524,-0.027360974,-0.02536901,-0.11163206,-0.06727585,0.02535409,0.02634505,-0.02336689,-0.09181132,-0.08416469,0.035296522,0.005237501,-0.08094949,-0.06644439,0.06648402,0.01380494,-0.010717543,-0.007891547,0.03722761,0.035187956,-0.12256317,-0.088920325,0.012850488,-0.028698511,-0.12738204,0.08145446,-0.21524128,-0.029458921,0.031981643,0.02645475,0.005858872,0.019108808,-0.02626135,0.06313002,-0.041396685,-0.057411637,0.008578765,0.051546577,-0.12255979,-0.116270095,0.086138435,0.09768568,0.12323323,-0.046899088,-0.016823282,-0.07251123,0.1041454,0.046069972,-0.022787556,-0.11554159,-0.006360616,-0.06236055,0.047597256,0.07613561,-0.055921245,-0.12259843,-0.029748483,0.058987573,-0.029877529,0.10084904,0.028184377,0.02353802,0.028641095
TCGA-OL-A97C-01A,0.050972935,-0.021822289,0.12700622,0.03756616,0.02657115,0.115417436,-0.029726064,-0.040194966,-0.055624872,0.09357134,0.008743247,-0.015143819,0.0022550817,0.1425884,0.057259202,-0.11644409,0.01455,-0.047093824,-0.033885848,-0.0035430472,-0.045676272,-0.013434326,-0.035265684,0.030340547,-0.0041137557,-0.018932352,-0.13891795,-0.15567571,-0.059437744,-0.08113972,-0.102254175,0.067245446,-0.045849416,-0.094468415,-0.043951713,-0.09426826,0.009857238,-0.051971067,-0.14139313,-0.051450185,0.01819139,0.06532119,0.08975882,0.008279233,0.029993752,-0.059509315,-0.04246462,0.038848173,0.09597217,0.043544117,0.08523623,0.10041946,0.0666851,0.14840238,-0.028398337,-0.022464087,0.06882826,0.09259367,-0.05847009,0.05050859,-0.0053171464,-0.04007754,-0.12785985,-0.014786204,0.0041194153,-0.15391214,0.1738843,-0.00035145192,-0.14928827,0.041588884,-0.06906157,-0.06417617,-0.020406427,-0.08871277,-0.010069945,-0.022238076,-0.004121159,-0.02259482,0.08426719,-0.033548318,0.0020361403,-0.03932867,-0.01787911,0.013144387,0.08757784,-0.18448281,-0.05019022,0.09270409,0.12688257,-0.043739256,0.038727976,-0.0930877,0.056475163,0.09857712,0.02422564,-0.08401149,0.05617886,-0.0046085943,0.037573654,-0.099359415,0.062251985,0.0796404,0.06836894,-0.086249895,-0.048201934,-0.03352337,-0.08762394,-0.05286361,0.01339919,-0.033694603,-0.09169189,-0.09558414,-0.016336923,0.05275507,0.11036928,-0.047391314,-0.013345064,-0.06015337,-0.08989189,0.06340106,0.022463651,-0.14277068,0.042562082,-0.019641848,-0.036455795,-0.030370641,-0.05383509,0.016293025,-0.10046856,0.044547804,0.08568798,-0.0717604,0.02005617,-0.032356646,-0.12232028,0.019482285,-0.07775511,-0.02969025,-0.019708553,-0.02079845,-0.04701063,-0.13635711,-0.051230974,0.05672194,0.047729224,0.096992396,-0.023699366,-0.10676571,-0.0021944856,-0.07234049,-0.008107075,0.060758535,-0.00034218765,0.033850804,-0.008300007,-0.03617208,0.011119889,-0.15906884,-0.034290507,-0.012442226,-0.02773877,-0.057404444,-0.0119126765,-0.13543291,-0.025639664,0.06842217,0.09710921,0.014729151,-0.02696767,0.002293514,-0.009536508,-0.054149974,0.011867065,0.040524878,0.024449313,-0.0048769885,-0.08401407,0.07298055,0.123970024,0.059586816,-0.10595369,-0.05877821,-0.032045852,0.019047625,0.022573106,-0.08596279,-0.049108587,0.025090465,-0.006305238,0.04622292,0.1301092,-0.029488526,-0.1695649,0.043735657,0.104130864,0.0015839022,0.043302123,0.1457812,0.06583558,-0.082909994
TCGA-D8-A1JT-01A,0.026398802,-0.029995354,0.1736942,0.06675297,-0.0047943317,0.083763175,0.019594843,-0.028897094,-0.0146517,0.06643776,0.04572085,0.017855145,-0.0065729935,0.17147483,0.15527128,0.017856568,0.054142196,0.10461751,0.07229184,-0.026296636,0.027863419,0.0024346297,-0.004433956,0.011263508,0.011083919,-0.065779895,-0.16296296,-0.075001776,-0.012967268,-0.09350642,-0.074066736,0.0031760016,-0.1359795,-0.0859006,-0.057252042,-0.09867768,-0.0063272947,-0.07368768,-0.025500359,-0.04779222,-0.0933256,0.07814364,0.003935677,-0.045145955,-0.059215423,-0.03412162,0.0415893,0.12077519,0.0707383,0.12479249,0.07333775,-0.0215186,0.08334065,0.0037111843,-0.03579612,0.085566446,0.059030205,-0.10752015,-0.058744192,-0.07402634,0.034503035,0.012165944,-0.048678212,0.12544553,-0.01228846,-0.00020693663,0.07551314,0.13647081,-0.08785136,0.054505955,-0.14850013,-0.0013490655,0.042616438,-0.22802596,0.07864871,0.0056782514,0.008905373,0.051784776,0.057820868,0.031420108,-0.0610135,-0.11499462,-0.04271712,0.021004431,0.010763633,-0.10293684,-0.055406243,0.051437497,0.07895104,-0.058869246,0.03765303,-0.05947511,0.06694843,0.035803676,0.10559845,-0.013105154,-0.06118663,-0.02455552,-0.046046607,0.024570683,-0.05485378,0.06826139,0.0185202,-0.022351494,-0.015374219,-0.012984392,-0.073175,-0.07738299,-0.024580346,-0.06530513,0.041489244,-0.09928851,-0.08681059,0.05067139,0.13576902,-0.07148159,-0.020914637,0.013109065,-0.028937684,-0.04774458,0.05162981,-0.010810284,0.16219951,0.027604988,-0.0293065,0.03360286,-0.048286133,0.009350273,0.032428686,0.07474257,0.13739482,-0.059877075,-0.02307683,-0.08194348,-0.13891737,0.014925558,-0.02966186,-0.02101438,-0.017011741,-0.007841746,-0.091059044,-0.10369528,0.018568905,0.089234345,0.07908942,-0.105932906,-0.0979693,-0.015848061,-0.05948652,-0.07375818,-0.005626685,-0.0018095502,0.029161746,-0.0034547735,-0.024821343,0.059855133,-0.06253135,-0.0696128,-0.00015589893,-0.038803075,0.062412314,-0.028951643,0.042925645,-0.07966777,-0.00037484017,-0.056390975,0.04313661,0.031072052,-0.05049135,-0.06450012,0.06980269,-0.04030203,0.05185138,-0.056875084,0.033652492,-0.038611133,-0.17688712,0.05142584,-0.021175563,0.14132553,-0.06985455,-0.0050022923,-0.014659561,0.05780093,0.018959573,-0.1355101,-0.10596999,-0.013480732,-0.049282916,0.01977455,0.1273629,0.011313931,-0.0703461,-0.030324005,-0.023243368,0.16946906,0.07662051,0.08682901,-0.085259885,0.00015714782
TCGA-AO-A03L-01A,-0.049554653,-0.049137183,0.08539238,0.080071695,-0.0020866522,0.030166605,-0.009842936,0.13069469,-0.0147044705,0.024939917,-0.058821794,-0.04989119,-0.07711449,0.17345832,0.07694081,-0.025858449,-0.06717709,0.041689366,0.033025227,-0.08497436,-0.1009573,0.02031387,-0.032269415,0.12522623,-0.0474145,-0.034243967,-0.08494804,-0.029665725,0.041050363,-0.076049365,-0.028837416,0.043140132,0.004358281,-0.17739524,-0.06740145,-0.07839866,-0.03688425,-0.009720724,-0.08431155,-0.008035441,-0.050543774,0.105014555,0.11017181,-0.017808668,-0.054816883,-0.007149663,0.04933748,0.021915602,0.025746705,0.05043661,0.088231154,0.060049236,0.010119617,0.08926239,-0.0687267,0.052538943,0.0018769109,-0.00059858523,-0.045566086,0.06297087,0.0461124,-0.028235126,-0.08187594,0.1424891,-0.07138885,-0.01103561,0.15923527,-0.017589165,-0.081184596,-0.02125123,-0.12925498,0.039275043,-0.027284343,-0.15597901,0.05772106,0.098434515,0.015776461,-0.056887355,0.21325403,0.049016528,-0.022765687,0.040629037,-0.017428266,0.06515001,0.013609783,-0.06959698,0.019262336,0.0892116,0.12835754,-0.06124442,0.0070114844,-0.04658665,0.10271102,0.06155122,0.030967403,-0.076957524,-0.04744831,0.0044808197,0.060395047,0.035791487,-0.054137252,0.06506017,0.053309273,-0.081402436,-0.08219235,0.018279009,-0.087741286,-0.11693624,0.060734276,-0.025658894,-0.11899026,-0.03946092,-0.027765226,0.08355967,0.16315164,0.011305874,-0.037698243,-0.053659845,0.0018067881,0.038340922,0.12872122,-0.09975357,0.005334429,-0.019546745,0.08553117,0.008952444,0.030514525,0.10057096,0.03255256,0.11026591,0.12573718,-0.04990782,0.023715876,-0.070110306,-0.13209577,0.0079202885,0.006734135,-0.014198774,-0.005348265,0.03756453,-0.024090609,-0.09672923,-0.06947882,0.035083234,0.026170153,-0.016104873,-0.12415667,0.0128989685,-0.011409418,-0.043582838,-0.021362739,-0.006350713,0.096977256,0.06807228,-0.043419603,0.052969415,0.06414462,0.04970631,-0.036756027,-0.09209216,0.08048044,-0.034908373,-0.03567537,-0.18004665,-0.11367629,0.061029125,0.03746138,0.0155591,-0.040327955,-0.0021900136,-0.008462687,-0.13009337,0.02303667,0.04511345,-0.0083158845,-0.027352046,-0.08579257,0.061567497,0.12111381,0.21172307,0.0070799734,0.0019635262,-0.03665113,0.094988585,0.02437061,-0.059402123,0.036428407,-0.029211871,-0.041266207,0.10708118,0.03648828,-0.047594056,0.051625278,0.040186193,-0.063922785,0.034353588,-0.020230474,0.06602811,-0.08642227,0.0063230162
TCGA-AR-A24V-01A,-0.044549342,-0.010193613,0.13079557,0.064394765,-0.0015302271,0.03896013,0.02129733,-0.021757036,-0.0816242,0.008702065,0.0069791935,-0.028187584,-0.03767804,0.057431918,0.034774784,-0.04434134,-0.117564134,0.075872794,0.030337978,-0.11509571,-0.04924478,0.009421061,0.015604218,0.0501053,0.066617094,-0.0713827,-0.18529789,0.00764457,-0.109521545,-0.010579936,-0.048753694,0.009190845,0.042465568,-0.08437384,0.0041995924,-0.06473544,-0.016479736,0.024082521,-0.10037908,0.05433662,-0.04130775,0.15145291,0.1494938,-0.1034686,-0.06770718,0.06977541,0.016723167,0.08297139,0.05216416,0.18855971,0.0373571,-0.0027459227,0.1081308,0.03631116,-0.06501944,-0.014145735,-0.0453917,-0.09223223,-0.05633644,0.059759475,0.11120309,-0.03327414,-0.041575283,0.0084519265,-0.07461281,-0.050722487,0.06612341,-0.12170975,-0.116655074,0.020163111,-0.03447202,0.04177245,-0.036035765,-0.09568131,0.1253931,-0.036090516,-0.14077139,-0.0035039515,0.07887412,0.00823054,0.071144775,-0.046300005,0.0060270773,-0.03959814,0.0011217537,-0.082364306,0.008936952,0.06541339,0.07859025,-0.012300415,0.09287048,-0.07982608,0.049431328,0.086318605,0.052631337,-0.040004857,-0.13204339,-0.099908486,0.0923443,-0.100816816,-0.08335755,0.061935104,0.07529813,-0.048673604,-0.031245345,-0.046722114,-0.057459064,-0.09682721,0.16612881,-0.0012308874,0.03325459,-0.15220109,-0.063836806,0.0645229,0.17158179,-0.013047722,0.00019729548,-0.018082164,0.06561079,-0.04747882,0.13217533,-0.06788616,0.079500146,0.026097097,0.006117067,-0.006113261,-0.036954813,0.07530399,0.013707067,0.12553854,0.08585531,-0.03458914,-0.050773907,-0.08483218,-0.23848258,-0.07017669,-0.077230334,-0.06518016,-0.011591332,0.010729274,-0.074065186,-0.045900133,-0.005518358,0.05310414,-0.02756688,-0.047022007,-0.10785666,-0.07978048,0.0015437065,-0.04701933,-0.004856003,0.016168589,0.05842967,0.022935249,-0.04796946,-0.010758186,0.012191813,0.009063584,-0.011116931,0.052540265,-0.01162317,-0.055283636,0.027493123,-0.15376365,0.031217309,0.057524264,-0.0035977163,0.021913081,-0.10352485,-0.047518905,-0.1100799,-0.014712845,0.066513956,0.04337287,0.051109903,-0.04929014,-0.02146704,0.061963778,0.07327767,0.20969911,0.020568427,-0.0030848836,-0.059969433,-0.0028144342,-0.040413678,-0.025239224,0.0068102772,0.02125085,0.0074477717,-0.0027013603,-0.014819409,-0.07420551,-0.06929856,0.004080057,0.05039978,0.019221753,0.007209132,0.058898322,-0.06499048,0.050501958
TCGA-BH-A0HA-01A,-0.038289253,-0.045392677,0.047414426,0.0957097,0.010070267,0.058548175,-0.016812595,0.019868826,-0.14697331,-0.15279183,-0.0068701496,-0.06806338,-0.086850606,0.1272088,0.10783355,-0.043413572,0.02024539,0.052142072,-0.0708597,-0.15538296,0.016169358,0.0328525,-0.03354303,0.10034122,0.017980762,-0.09078613,-0.075050734,-0.022448791,-0.0017281397,-0.0654815,-0.028559428,0.017372001,-0.043926142,-0.114461854,-0.085410655,-0.15679958,-0.09393803,-0.021117164,-0.034181353,-4.4559874e-05,-0.0062421854,0.13800667,0.0560425,-0.12844136,-0.022575743,-0.066958636,-0.038336474,0.09199073,0.05255499,0.083551556,-0.024581147,0.025368428,0.038260277,0.117619455,0.006629302,-0.004807016,0.05901182,0.04603267,-0.09214887,0.075494744,0.0033001555,-0.0033197724,0.016421905,0.064232826,0.017276289,-0.06377094,0.052662723,-0.13112971,-0.12834144,0.045151465,-0.09069605,0.0042419164,-0.02108228,-0.18462746,0.009204325,-0.017435445,0.015706692,0.021870887,0.07989377,-0.10325695,0.037592098,-0.025468288,-0.0063126725,0.038710505,0.005702727,-0.079636306,0.045825537,0.09279173,0.054139704,-0.08608119,0.06046214,-0.14530176,0.05943928,-0.010975195,0.0487227,-0.028152809,-0.032262675,-0.057859823,-0.017436959,0.020240821,0.030386508,-0.056264643,-0.02445935,-0.10266447,-0.03813842,0.017338024,-0.042741325,-0.05070458,0.027289258,-0.06530815,-0.16988553,-0.1552581,-0.081537746,0.00959757,0.10895757,0.05059988,0.035296053,-0.018059772,-0.03170731,-0.0973321,0.031125046,-0.108160295,0.047446292,0.099872224,0.14147207,0.0188811,0.0052236826,0.03064967,0.05217045,0.1420911,0.12511407,0.00051251415,-0.012498331,-0.008527692,-0.13188455,-0.039728537,-0.049116336,-0.005714066,-0.11739642,-0.0449956,0.0090176575,-0.18437912,-0.020365035,0.0049673743,0.014887504,-0.060299143,-0.0639706,-0.038181793,2.8317061e-05,-0.11229005,0.0040488783,0.036058914,0.0024125474,0.062374365,-0.028570794,-0.024003068,0.04778765,-0.12159294,-0.12148844,-0.031767763,-0.04607445,-0.08946445,0.08596573,-0.15623932,-0.022607483,0.016098464,0.07758081,-0.027469309,0.06349943,-0.0014649665,-0.0068567763,-0.10814239,0.03490724,0.020894013,0.04297417,-0.021777699,-0.07512063,0.11772346,0.011617521,0.1135199,-0.04338411,-0.029502805,-0.054966357,-0.007803567,0.028760921,0.005670162,-0.12239868,-0.013766644,0.009917415,-0.07239704,0.06637932,0.058679957,0.013018216,0.06316627,0.06697535,0.039806224,0.12213433,0.039056823,-0.041179225,-0.0049089175
TCGA-E9-A1RF-01A,-0.021392988,0.04411859,0.055410415,0.04298811,0.032238413,0.0136447195,0.06845492,0.02731538,0.0138690965,0.01102215,0.009550055,-0.042583358,-0.02609208,0.21875505,0.027620913,-0.05490064,-0.057847116,0.07525512,-0.010279771,-0.02621879,-0.06875164,-0.018611098,-0.11161198,0.041819923,0.023021463,-0.096915066,-0.1621038,-0.037224945,-0.059226714,-0.10276275,-0.022330927,0.005844743,-0.07515437,-0.15392202,-0.11838387,-0.073807105,-0.029350366,-0.021387,-0.10842804,-0.05728355,0.026077768,0.103767455,0.12155215,-0.072164334,0.058334675,0.06157049,0.03728173,0.058590606,0.049629588,0.093350515,0.014903186,0.12262243,-6.7610184e-05,0.12764238,-0.009263518,-0.0508727,0.07898307,0.04189236,-0.08745667,0.016383646,0.039848823,0.079145364,-0.06398176,0.07113992,-0.11899931,-0.0038038895,0.17601426,0.035181038,-0.13458477,0.0107484935,-0.034751777,0.10670394,0.009078903,-0.12340617,0.18169083,-0.045242514,0.03613069,0.0014243919,0.058623828,-0.034448177,-0.013635564,-0.10339695,0.0551229,0.08063073,0.06666462,-0.042322796,0.052690398,0.10352661,0.15095624,0.022085221,-0.026943542,-0.097918645,0.046449695,0.086496755,0.089419395,-0.1028436,-0.08197126,-0.01355805,0.08330477,-0.08044184,-0.07491588,0.052223366,-0.0018639647,-0.07542791,-0.10482506,-0.09802008,-0.107630424,-0.033865195,-0.083923325,0.012172767,0.03700133,-0.039218463,-0.10169393,0.086000346,0.079414256,-0.053594377,-0.024284607,-0.005541787,-0.014563346,-0.015898004,0.06832559,-0.12732898,0.06768531,-0.019642463,0.01820102,0.099208124,0.00045308014,-0.011818043,0.04988753,0.02916611,0.09989589,0.02198988,0.010080144,-0.010288005,-0.21924946,0.047137067,0.04076098,-0.07639034,0.008428592,-0.0123063885,0.058484472,-0.061215464,0.021885267,-0.00079414435,-0.009490504,-0.0013152673,-0.1338502,0.012873922,0.06775841,-0.07696187,0.04116766,0.0012355117,0.0898493,0.06610757,-0.08644223,0.014742181,-0.018447781,-0.13852055,-0.016017886,0.07515472,0.01180129,-0.083992384,0.012563181,-0.11002946,-0.005947137,0.088047035,0.08415341,-0.030205563,-0.022054857,0.021870047,-0.0035323324,-0.016535403,0.08506862,0.07970356,0.025213271,-0.064028725,0.051929824,0.05856616,0.113945186,-0.0077796066,-0.016380766,-0.005974308,-0.094518855,0.073158346,-0.030870479,-0.034592994,-0.054065194,-0.04716456,0.0073953616,0.04887104,-0.014043762,-0.04819877,-0.0898291,-0.0122360615,-0.010930618,-0.009520659,0.096114874,0.044743944,-0.098684855,0.005707794
TCGA-B6-A1KC-01B,7.294445e-05,-0.024336608,0.11015413,0.026753945,-0.072805986,0.019683253,0.09531231,0.055981915,0.042437475,0.024184369,-0.062154323,-0.053449795,-0.0148333255,0.114647895,0.09720534,0.05877524,0.034594636,-0.017299058,-0.012044709,-0.042763732,-0.019642433,0.0095257405,-0.13267846,0.07359044,0.034969088,-0.120063916,-0.07575184,-0.011943878,0.0024762151,-0.22143756,0.011279555,-0.05559295,-0.075070016,-0.06124979,-0.06279905,-0.095122054,-0.04811478,-0.019758727,-0.06886362,-0.114536114,-0.005907658,0.03246744,0.12538193,-0.04705328,-0.0544544,-0.0388117,0.043509558,-0.009935547,0.0853983,0.11774224,0.06393301,-0.044624865,0.06103884,0.15180165,-0.12345761,0.002857638,0.0074010473,-0.013347926,-0.088285655,-0.004699327,0.069384195,0.071146466,-0.08379871,0.06538231,-0.062238373,-0.022160044,0.136561,-0.03020281,-0.12157651,-0.004921684,-0.15550263,0.08229025,-0.057906535,-0.21843909,0.061445862,-0.057933874,0.018966822,0.0031204093,0.13251655,0.03558221,-0.03932606,-0.069806926,-0.043775376,0.098899074,-0.049781684,-0.07210238,0.065110475,0.08917022,0.118936636,0.043471657,0.03253871,-0.10802156,0.08386511,0.06318875,0.06602876,0.013794543,-0.054271225,-0.10600526,0.102567665,-0.10403999,-0.057190366,0.05813177,-0.029897988,-0.1650241,0.0151445,0.010971013,0.059354685,-0.073508695,0.007520466,0.057345178,0.025787039,-0.0961979,-0.09789773,0.090065785,0.13220052,-0.09189776,-0.049843926,-0.10402458,-0.0791243,-0.038518153,0.11993843,-0.055002168,0.0896823,0.012129094,0.055767402,0.097648405,-0.061168775,0.053505342,0.08726217,0.05627116,0.13598791,-0.079869956,-0.049944624,-0.013385591,-0.15388119,-0.044482782,-0.038799826,-0.029761188,0.054373674,0.0022999288,-0.026027832,-0.06374951,0.030835168,0.0129367625,0.015130287,0.036997642,-0.13267346,-0.028962731,0.035974495,-0.083810344,-0.007693192,-0.020867407,0.1287757,0.02183316,-0.029389443,0.011940518,0.025893174,-0.019022798,-0.06791102,-0.0017504898,-0.022523213,-0.057742447,0.0801979,-0.1409108,-0.0057955054,0.07687935,0.0094353715,-0.01452122,-0.09325561,0.03951553,-0.017717334,-0.06773428,0.0030772951,0.070032835,0.0070922025,0.033675674,-0.03569581,0.0045954688,-0.013651681,0.09541495,-0.0041294973,0.032905553,-0.014133427,0.05757267,0.05824668,-0.06453284,0.018510709,-0.022373704,-0.055420097,0.063158534,0.02631266,-0.010604212,-0.054676913,-0.029631067,0.016447391,-0.029635431,0.019188771,0.075651616,-0.065494224,-0.04003065
TCGA-D8-A1JF-01A,0.030165756,-0.05983069,0.09272334,0.054530043,-0.010704128,0.056189172,0.10084061,0.0658022,0.03039514,0.09858799,0.04953762,0.09976628,-0.020939225,0.16109382,0.09375273,-0.09659922,-0.030134609,-0.0077521135,0.008572459,-0.068744585,-0.02762861,-0.095445596,-0.070723854,0.04410996,0.13063702,0.0050835772,-0.17159685,-0.018155618,0.059475236,0.023034468,-0.05182377,2.1288317e-05,-0.09977192,-0.06957407,-0.06762749,-0.08877029,-0.037925843,-0.0048741023,-0.11087176,-0.035132006,0.080894314,0.120133415,0.1764357,-0.04729255,-0.06482081,0.0092535345,0.02468498,-0.045295786,0.07290178,0.055559743,0.10439219,0.0843853,0.11474002,0.1379827,0.0042793388,-0.011593601,-0.00067823415,0.059644304,-0.10986998,0.03520922,0.14089906,-0.09814714,-0.0779501,-0.0069246828,-0.032954443,0.010772981,0.0875941,0.021847034,-0.054532196,-0.010008492,-0.087927155,0.042036172,-0.036054213,-0.09309451,0.20937368,0.039273556,-0.020863203,0.020112889,0.10722371,0.03922847,-0.08718491,-0.10882602,-0.010670062,-0.0056407647,0.053041566,-0.05095493,-0.03143488,0.0467035,0.11440457,-0.022906208,0.06732676,-0.007835733,0.10783183,-0.010890067,0.08426298,-0.009263464,-0.035109226,-0.07653086,-0.018377675,-0.06150809,-0.07452425,0.025890626,0.089967944,-0.05650161,0.0101454165,0.07172601,-0.022107264,-0.12634344,0.10149087,-0.012100064,0.09406294,-0.095991574,-0.10407715,0.09264194,0.083604164,-0.074318156,-0.03820747,-0.06734948,-0.06011484,-0.023905536,0.09183575,-0.05666367,0.07774363,0.0019975458,0.070008196,-0.019639146,-0.076494135,0.06842771,0.03287884,0.12258982,0.08876137,-0.1735089,-0.043024734,-0.037095707,-0.09951708,-0.087267846,0.031168446,-0.03526671,0.00901609,0.022232022,-0.008216469,-0.12892205,0.04089794,0.06033192,0.0020093173,0.10807554,-0.12045737,-0.049505092,0.088873334,-0.07245977,0.05618255,0.046015207,0.020371858,0.046153735,0.028347284,0.05275451,-0.0031676274,-0.032296896,-0.075713694,0.043737937,0.07876661,-0.028198613,0.041748226,-0.09177635,0.032512564,0.04489448,0.10892013,0.018106738,-0.10851751,0.033740543,-0.05525643,-0.06695684,0.02261357,0.03528664,0.061455417,0.09613502,-0.017601741,0.03210952,0.05379913,0.06289274,-0.017347662,-0.022989329,0.0063198493,0.048243646,0.0358756,-0.037823197,-0.04919416,-0.06691366,0.028500998,0.061292406,0.06303842,-0.09067419,-0.053548887,-0.028701186,-0.009808448,0.009742155,-0.05215425,0.118810505,-0.092434205,-0.019829916
TCGA-A7-A26F-01A,-0.009853181,-0.123010136,0.10312391,0.091528766,-0.020973919,0.053823926,-0.018832274,0.025997307,0.039973017,0.07747755,-0.0970459,0.012424796,-0.03011218,0.09562464,0.1049238,-0.027137535,0.118975945,-0.0033848253,0.029619861,-0.13804755,-0.101656735,-0.14120077,-0.06374521,0.015115499,-0.026221156,-0.0068027517,-0.11810516,0.019225284,0.073992364,-0.047774706,-0.021024797,-0.05524373,-0.0055859457,-0.03866107,-0.12060498,-0.036771137,-0.00028764352,0.0584411,-0.022260046,0.014324403,-0.08700337,0.09811361,0.12056149,-0.06484877,-0.027195035,-0.05769446,0.009044695,-0.04412182,0.019953765,0.13632101,0.04539016,9.428866e-05,0.092355385,0.11503401,0.010014041,0.017933432,0.08275675,-0.032336686,-0.07437902,0.034003127,0.065862745,-0.0025301846,-0.013617763,0.09804321,-0.022539543,-0.13629796,0.09658154,0.018365312,-0.14197384,0.013590921,-0.095536575,-0.015828976,-0.0492919,-0.14579998,0.079790495,-0.024855558,-0.083782576,0.015276268,0.06807075,-0.0004781863,0.07826797,-0.0817034,-0.054000434,0.058721926,-0.09047175,-0.061434954,-0.009917395,0.1482079,0.10951432,-0.09186711,0.025641253,-0.05856436,0.0053039114,0.034462012,0.056039233,-0.035362113,-0.032526713,0.026762256,0.08052431,-0.07490595,0.0075846445,-0.006154281,0.053402398,-0.09230664,-0.052450877,0.046152897,-0.045978773,-0.05226431,0.044394303,0.0011185026,-0.026028145,-0.06415685,-0.059383232,0.10478896,0.10429942,0.0024799274,0.003834061,-0.006422808,0.033122826,0.036443945,0.059529956,-0.099205025,-0.010845117,0.059563454,0.00023387471,-0.052814677,-0.012948369,0.15765171,-0.0074464832,0.12528372,0.056542907,-0.06058829,-0.020680785,-0.08605663,-0.06235007,-0.08709838,-0.05387157,-0.100096025,0.02593651,0.021814477,0.05876824,-0.13862401,-0.05844219,0.00046655262,-0.05193522,-0.016926855,-0.09798734,0.014906813,-0.07248636,-0.0007292529,0.064146474,0.033573475,0.05768711,0.067632616,-0.03723308,0.10476451,0.04981285,-0.0216893,-0.13034192,-0.046780568,-0.008078994,-0.048013408,0.0580195,-0.20068993,0.020211408,0.03610111,0.19791415,0.022098666,-0.06911751,-0.041355647,-0.026913814,-0.17400081,0.06779299,0.023980359,-0.018074438,0.019703113,-0.018916478,0.08388584,0.08882013,0.18622541,0.04265328,0.024701592,-0.01597794,0.09871207,0.07648985,-0.052233327,-0.055415247,-0.07949975,5.6816356e-05,0.091874145,0.085056916,0.008083047,-0.046576846,0.011957064,0.03275201,0.032205567,0.08361578,0.078878775,-0.027044797,0.0038353922
TCGA-BH-A0WA-01A,-0.012652509,-0.030889448,0.06770635,0.052963097,0.01522716,0.06824825,-0.015644774,-0.0382393,-0.090117574,-0.007877509,-0.016934909,0.007816894,-0.012180398,0.18144542,0.04770531,-0.064754896,0.041062664,0.029181967,0.03305817,-0.07165977,-0.058159646,0.03319739,-0.051614646,0.044524718,-0.068313606,-0.027869435,-0.14255542,-0.07616238,0.025306363,-0.09476332,-0.078037955,0.029382661,-0.09550668,-0.09672841,-0.03962048,-0.18662821,-0.04818329,-0.03282188,-0.104392625,-0.011796271,0.002913023,0.093524195,0.071335815,-0.017439269,-0.059337292,-0.048410643,0.04282357,0.016889982,-0.008057601,0.048278075,0.01662454,0.13063854,0.017114798,0.08129258,0.029228963,-0.026998881,0.068176,0.059380893,-0.0926248,0.06640789,0.12160963,-0.024544884,-0.028276091,0.12000327,0.031912662,-0.08703591,0.15727952,-0.0405966,-0.07213923,-0.052680925,-0.08709628,-0.027881749,-0.060790654,-0.1436521,0.10017185,-0.014470863,-0.028400175,0.035312027,0.1592819,0.02368412,-0.02133364,-0.0008993983,-0.007166336,0.010266091,0.024818758,-0.108120866,0.0629837,0.06230827,0.14065085,-0.09091415,0.053476263,0.0200751,-0.030451268,0.12896952,0.07549022,-0.004863049,-0.028099159,-0.02642019,0.044358924,-0.033219438,-0.071104854,0.104465134,-0.012756464,-0.025383579,-0.05760493,-0.06346669,-0.0038804368,-0.1618945,0.01541237,-0.0043857326,-0.028668672,-0.07124437,-0.076192506,0.1224558,0.16652487,-0.080061,0.041787248,0.011335543,-0.08995475,0.063679606,0.09222504,-0.06062515,0.053245217,0.01049024,0.08313935,0.08312499,-0.13896824,0.092237204,-0.010189332,0.066792265,0.07451942,-0.0022530416,-0.08425839,-0.07945353,-0.059959706,0.05092507,-0.072143994,-0.050472908,-0.020180874,0.043545127,-0.039876018,-0.21467683,0.10672225,0.048164893,-0.0063432585,0.0073362207,-0.1479039,-0.094087146,-0.12127182,-0.02971663,0.064302325,0.0039958553,-0.010963571,0.044197623,0.048313025,0.014897424,0.055308018,0.0419686,-0.0625465,-0.027392378,0.030690728,-0.07943861,-0.003711423,-0.06422979,-0.045165174,0.015277225,0.08700825,0.056690693,0.04706183,-0.08991012,0.028372904,-0.0055263746,0.0726086,-0.0119908685,-0.040831555,-0.003914214,-0.026350137,0.1458541,0.048021246,0.1957899,-0.007886772,-0.021776427,-0.0060706534,-0.022617988,-0.007812521,-0.09806915,-0.07838572,-0.07271531,-0.062247533,0.08123562,0.05218018,-0.032987095,-0.047611784,0.02442541,0.044966605,0.060268436,0.042722967,0.019935377,-0.004844128,-0.07043014
TCGA-A2-A259-01A,-0.02389555,-0.0121865915,0.09566165,-0.0034802868,-0.0063638766,0.11230221,0.008056364,-0.037434597,-0.08475336,0.026159097,-0.027168134,-0.03167193,-0.018932173,0.1356168,0.1330506,-0.0023308436,0.053400945,0.047070824,0.042351417,-0.0907213,-0.0316257,-0.09937462,-0.078216664,0.11782427,0.05998557,-0.004618809,-0.08202454,-0.10189703,0.025601512,-0.08715345,-0.010800664,0.04088659,-0.10728528,-0.19137792,0.0030259076,-0.05645607,-0.026488652,0.003388243,-0.02954472,-0.10558613,0.0045525045,0.011263633,0.08627653,-0.12575871,-0.029505532,0.01025548,-0.008573477,0.069251716,0.029691452,0.10844768,0.050297543,0.008457771,0.011403349,0.11417804,-0.07247612,0.018414237,0.09107629,0.014029814,0.00399348,0.049487364,0.042068537,-0.019117363,-0.09611826,0.034082517,-0.063373506,-0.019483194,0.12417651,-0.039704695,-0.13925019,-0.032976266,-0.1330014,0.042758934,0.041088406,-0.12129799,0.008387204,0.012584098,-0.11241665,0.095056064,0.024824083,-0.044164684,-0.0130721675,0.040447082,0.07184553,0.016860276,0.04680252,-0.046525218,-2.7294125e-05,0.13980787,0.097311154,-0.08818704,0.00095690886,-0.03317368,0.14150743,0.028510759,0.056584794,-0.087937854,-0.07144547,-0.025268016,0.09768638,-0.050309755,0.13952681,0.09988413,0.062035438,-0.06550824,-0.024167873,-0.031452283,-0.08800485,-0.05388577,-0.078260385,-0.0332181,0.0014067028,-0.071970075,-0.026522202,0.14387378,0.028671771,-0.034748286,-0.010052038,-0.07552536,-0.11592054,-0.0186036,0.111472845,-0.121826865,0.01834097,-0.0024041072,0.014610925,-0.011342377,-0.100399,0.054070715,-0.013198701,0.14055616,0.07886253,-0.17278218,0.04252707,-0.034845255,-0.1296492,0.049172565,-0.14166807,-0.056859445,-0.12404512,-0.023469029,-0.038671643,-0.16706222,0.07204763,0.07408855,0.082090646,0.03282123,-0.09172585,-0.10530103,-0.04347343,-0.003351153,0.04313341,0.037389927,0.01783846,0.0052918415,-0.012022982,0.04996455,-0.002301498,-0.046606325,-0.02784982,0.021686371,-0.036594946,-0.025276478,0.010756885,-0.08069471,0.0050504794,0.010568094,0.07820721,-0.01823866,0.04271087,0.0035830326,-0.025393952,-0.05815963,0.024388371,-0.055729833,0.026309399,0.008104198,-0.13577135,-0.019011226,0.04628901,0.14431179,-0.07331814,0.042621598,-0.09693153,0.0025250802,0.0534763,-0.02457991,-0.11462628,-0.05540277,-0.041765917,0.0228784,0.13566196,0.0031969096,-0.06866465,-0.032145426,0.037425965,0.043081347,0.10703264,0.095249526,-0.061779164,-0.028197499
TCGA-B6-A0WW-01A,-0.00075343763,-0.080285706,0.09973191,0.046033185,-0.074770994,0.07464389,0.028382856,-0.079872094,-0.065538906,0.04013879,0.027035832,0.013206993,0.010479335,0.16951674,0.071520045,-0.10671077,0.052658077,0.09090377,0.05549329,-0.09631693,-0.04318112,0.03004039,-0.030287629,-0.005197447,0.003402246,0.029986123,-0.09686969,-0.07271806,0.026398268,-0.039246604,-0.011486829,0.011120428,-0.016586348,-0.12607528,-0.063250385,-0.14703913,0.03656348,-0.0106318705,0.036493313,0.040587083,-0.00697929,0.074564226,0.068215646,-0.08454357,0.013602764,0.005348155,-0.014765707,0.024286382,0.065810345,0.056906693,0.077630706,-0.056787785,-0.096279785,0.03297344,-0.07673517,0.03727277,0.10476155,-0.05324574,-0.042168275,-0.0026105766,0.07904815,0.0246816,-0.0628801,0.09261159,-0.094192445,0.0030237052,0.17537053,0.04029506,-0.14324425,0.029945776,-0.15475805,0.02528346,-0.028609898,-0.21992287,0.056841087,0.026255982,0.031407062,-0.0008616037,0.09255809,-0.016652795,-0.023898425,-0.07384018,-0.010230183,-0.0032575163,-0.011274071,-0.055124685,0.0059744306,0.0411687,0.1680085,-0.034998808,0.012578702,-0.0073255366,0.023716494,0.10898669,0.08031677,-0.02274052,-0.06917524,-0.025402674,0.0012893955,-0.029460065,0.037371542,0.017196028,0.07449872,-0.112209044,-0.096920125,0.019929703,-0.004898678,-0.10096151,0.020548793,-0.014012038,-0.05185296,-0.11281184,-0.12752575,0.08099563,0.11658781,-0.124186255,-0.0059303,-0.13261567,-0.007368874,-0.026545478,0.025451288,-0.095591746,0.09892201,-0.030912315,0.03270401,0.011372434,-0.111676514,0.0095946435,0.0859184,0.062175177,0.0813694,-0.0050905105,-0.07160984,-0.09735469,-0.12388747,-0.03728907,-0.021831552,-0.03827985,0.08110866,0.020776208,-0.107820295,-0.18314727,0.021573484,0.15465747,-0.030698637,-0.05541796,-0.09397621,-0.018381879,0.032366954,-0.051333662,0.005706878,0.026074361,-0.02347547,0.010260483,-0.09840002,0.06100156,-0.023230843,-0.06758217,-0.035498306,0.032241885,-0.07212241,-0.029041627,0.10359037,-0.09341503,-0.089947544,0.05491089,-0.014011438,0.062184613,-0.06399681,-0.068040594,-0.040747512,-0.0659254,0.102034524,0.03650352,0.014486246,-0.008509934,-0.06391704,-0.041931193,3.0549045e-06,0.12247585,-0.061920818,-0.057632547,-0.07879827,0.052254144,0.05005534,-0.00019561267,-0.1720655,0.020337686,-0.0638792,0.057581577,0.125349,-0.027847603,-0.038800433,-0.014798774,-0.041304994,0.09738356,-0.011556305,0.11578571,-0.026415514,-0.00077216316
TCGA-OL-A5RU-01A,-0.13999863,-0.009663155,0.01684581,0.019182663,-0.024121696,-0.026822029,0.028017746,0.0039705103,-0.02667258,-0.054727275,-0.011485625,-0.07542053,-0.04709684,0.18052188,0.07358034,0.057597343,0.074284844,0.037374415,-0.005588984,-0.087985225,0.0139704,-0.0011147507,-0.10220033,0.08609531,0.05857409,-0.055159345,-0.13789542,-0.028773108,0.067783125,-0.043408923,-0.05074047,0.09297572,-0.08830272,-0.19846372,-0.12887439,-0.09200668,0.08428272,-0.07614524,0.013127546,-0.059183203,0.023368496,0.06703494,0.120674156,-0.04719437,-0.042427465,-0.029817853,0.16010442,-0.022949122,0.008695424,0.060529023,0.032018412,0.0518441,0.023038037,0.10275164,-0.03758787,-0.04736296,0.06488855,0.054234542,-0.05245903,-0.026633477,-0.08731144,-0.023754291,-0.08278061,0.09645303,-0.04058735,0.03904549,0.06830593,-0.06378806,0.021229837,-0.023203349,-0.16120118,0.06373681,0.012996165,-0.13231866,0.07206964,-0.016948037,-0.0026731882,-0.016289936,0.09433927,-0.014773965,0.03086524,-0.046313647,-0.036256485,0.14114045,-0.013957244,-0.0023460125,0.013483783,0.049807858,0.03653668,0.037078276,0.084937885,-0.078563556,0.118977346,0.007971602,0.08939081,-0.059107337,-0.078676224,0.019315157,-0.015284817,0.03326466,-0.036878604,0.10457544,0.02325385,-0.025947778,-0.07472191,0.064786136,-0.069319926,-0.09344179,-0.066825785,-0.02571056,-0.06008287,-0.06980493,-0.04525722,0.10156879,-0.052285418,0.05562328,-0.029532107,-0.0553291,-0.045845505,-0.030660655,0.13063668,-0.07724042,0.036435775,0.0359995,0.061142173,0.012415237,0.021881389,0.14729843,0.06948571,0.13817869,0.03623604,-0.09100455,-0.02558465,0.008783893,-0.15063122,-0.03781129,0.025705347,-0.0054211854,-0.009295486,0.13466029,-0.019055018,-0.13766697,-0.019365922,-0.0088491095,-0.040691447,0.013092408,-0.12968472,0.029945958,-0.07854395,-0.034208857,0.02785182,-0.014471206,-0.084347874,0.0643449,0.030921672,0.042727225,0.009447664,-0.08808943,-0.065828785,-0.07208658,-0.041954517,-0.03327924,-0.0855956,-0.108330645,-0.00639772,-0.08254972,0.074308045,-0.09376154,-0.03400651,0.055399653,-0.009105417,-0.11623063,0.00617051,-0.05604424,0.03707894,-0.10790276,-0.09449461,0.070625156,0.002324357,0.12163651,0.054060165,-0.039417136,-0.010306646,0.04281512,0.05159873,-0.036983132,-0.13697931,-0.007582702,-0.039482363,-0.019610615,0.09403255,0.027251765,0.044668067,0.012857321,-0.06934733,0.043563344,0.13402538,0.13999544,-0.14780757,0.010726854
TCGA-BH-A1EY-01A,-0.041743632,-0.02995598,0.1233493,0.005200641,-0.14820465,0.08686801,0.061967295,-0.030810414,-0.101978295,0.061804812,0.0045377156,0.020449681,-0.0547007,0.13290028,0.16758245,-0.080090314,-0.0005059003,0.0808385,0.049050517,-0.015561582,-0.089633964,-0.02493958,0.013019995,0.08943448,-0.06256433,0.06982698,-0.11938588,-0.04372745,-0.012341384,-0.07409726,-0.054377347,0.007712208,-0.027739149,-0.14358868,-0.13854389,-0.10212555,0.010397949,0.012966827,0.012542382,0.00019252225,0.06683119,-0.065864466,0.08304138,-0.11719804,-0.0875396,-0.014837424,-0.03437687,-0.00158244,0.10313008,0.08576542,-0.0033804106,-0.0032751192,-0.031197987,0.0727691,-0.06408249,0.06326106,0.055753693,0.0057048113,-0.14143698,0.013384917,0.011850989,0.008616364,-0.04387375,0.022614447,-0.0020247789,-0.09359853,-0.0066033644,0.072074525,-0.053193077,-0.052933004,-0.13200895,0.06109584,-0.033126652,-0.15740496,0.16269873,0.06867744,-0.09745877,0.015409362,0.046903692,-0.04490142,0.05267809,-0.018970236,0.017803144,0.053592794,-0.0041744853,-0.07159756,-0.047380246,0.09765027,0.09108178,0.06170618,0.030859455,-0.084096156,0.0013596357,-0.08436427,-0.0017683048,-0.06717139,-0.057731457,0.00430174,0.03966925,-0.07049097,0.09832017,0.083783835,0.032194022,-0.11950299,0.019538168,-0.05412862,-0.0372084,-0.07698011,0.04337862,-0.13610175,-0.05493869,-0.1662481,-0.13860632,0.022119433,0.064790525,0.010988677,0.03724059,-0.10273214,-0.0031164659,0.034437705,0.10850634,-0.12569083,0.004926181,0.009967691,-0.0028414691,-0.05427875,-0.08212179,0.0057322076,-0.07395815,0.08971297,0.08734611,-0.06674768,-0.026343249,-0.044203907,-0.23033112,-0.042732473,-0.03129343,-0.032009628,-0.015983988,0.043770954,-0.10327651,-0.09555298,0.022948006,-0.029282732,0.052569814,-0.03271183,-0.03539603,-0.06154366,-0.041106887,-0.0342133,-0.003062587,0.017883012,0.06925339,0.050368126,-0.0893934,0.0013680103,0.020444324,-0.114845864,-0.07975769,-0.083038256,0.0019791888,-0.07908697,0.086411156,-0.058667503,-0.054496955,0.082882635,0.095138654,-0.003210632,-0.001119975,-0.07691627,-0.041606434,-0.080184445,0.0070889485,-0.062344883,0.056810778,-0.083034486,-0.07701075,-0.017510928,-0.020524886,0.16320945,-0.078754,0.018425984,-0.0266001,0.044551,0.024428278,0.005828498,-0.13493516,-0.054571282,-0.027184755,-0.006610606,0.106630355,-0.088567905,-0.06151226,0.033030007,0.02739989,-0.04463917,0.031958304,0.07035438,0.013196117,0.0061171204
TCGA-D8-A1X9-01A,0.012729422,-0.01969603,0.09822381,0.02712881,0.0055148173,0.025362352,-0.029050028,0.0830449,-0.10794006,-0.030193407,-0.024978984,0.019289099,-0.10023437,0.088309675,0.03332531,-0.01759898,0.035315845,0.11154303,0.075111635,-0.021022012,0.062278066,-0.037586685,-0.008665698,0.14166741,-0.027021863,-0.006004147,-0.104600415,-0.032704197,0.026570305,-0.04815677,-0.026558736,-0.0024635927,-0.049633536,-0.086415514,-0.021063639,-0.11275041,-0.028959587,0.011831394,-0.0951085,0.029015148,-0.024664147,0.07824802,-0.011668986,-0.040115684,0.045092627,-0.044094153,0.13268027,0.019110994,0.053502906,0.10772474,0.063012466,-0.005988793,0.04484335,0.033306267,0.0053284676,-0.021990325,0.09445372,-0.024112832,-0.037057217,0.05067807,0.006157764,0.045935694,-0.0093240235,0.07060604,0.011731878,-0.013059424,0.041448664,-0.0059816795,-0.05839119,0.072896585,-0.17756137,0.020905413,-0.034209047,-0.23444478,0.09981053,-0.015690027,-0.0019874575,0.09237083,0.11646173,-0.033421658,-0.025209779,-0.011514457,-0.06110852,0.027878826,-0.05869436,-0.078801624,0.0024170293,0.14026767,0.082561605,-0.10267924,0.0059682014,-0.08490467,0.012731278,-0.01089517,0.16298139,-0.14142318,-0.12281533,-0.052683815,0.036445107,0.031861942,-0.019064972,0.092210226,0.026555073,0.018165892,-0.032363877,-0.010432573,-0.128195,-0.08897181,0.0011061763,-0.08914472,0.05212098,-0.057383146,-0.09930695,0.0830639,0.093513936,0.061379947,-0.0066426345,-0.010377068,-0.011725164,-0.0036399344,0.14948224,-0.15816943,0.12002393,0.110808805,0.030442987,0.053777903,0.049593523,0.08658242,0.03469633,0.07601756,0.046023708,-0.00034153258,-0.010178186,-0.08432045,-0.14186613,0.06265966,-0.01744617,0.058790628,-0.07372248,0.049560014,-0.06835134,-0.1149967,-0.0529083,0.02351288,-0.01688486,0.012217279,-0.109419346,0.009583508,0.034140207,-0.027800117,-0.015455617,0.11317576,0.04718177,0.09514057,-0.049015548,0.034676254,0.02776925,-0.12736607,-0.07296506,-0.022859208,-0.04290449,-0.016753312,0.02707068,-0.12690918,-0.07868018,0.005781163,0.15913792,0.014110363,-0.030761372,-0.022358915,0.017628634,-0.085195914,0.11213847,0.028541299,-0.06312836,-0.04086654,-0.069156975,0.0043796445,0.08248748,0.11430536,-0.10267572,-0.016271383,0.014176445,0.14628094,0.025000028,0.0034116965,-0.099462435,-0.08182114,-0.08737791,-0.035836402,0.025105922,-0.04466121,-0.111113735,-0.0023394837,0.04700951,0.0015630991,0.09967928,0.14152692,-0.07388858,0.023252008
TCGA-OL-A5S0-01A,-0.051892273,-0.078299806,0.048815005,-0.015184184,0.032123104,0.10904789,-0.008473372,-0.011320302,-0.06780775,0.13602538,0.060349096,-0.042935178,-0.077140175,0.10991902,0.020098103,-0.02414122,-0.014841425,0.06549619,0.04744649,-0.04737069,0.012640829,-0.018252084,-0.020804152,0.11078237,-0.01678733,0.0051239734,-0.16512077,-0.06464155,-0.07362585,-0.016165767,-0.057230815,0.061865985,-0.017767895,-0.15211251,-0.09205783,-0.10359172,-0.00063132145,0.013739871,0.008764211,-0.06883809,0.006708597,0.13041447,0.11590445,-0.073735155,-0.08189825,0.05082727,0.060492184,-0.021100512,0.07498569,0.12260056,0.09475361,-0.04415179,0.04789117,-0.0054841447,-0.0044551436,0.0008275704,0.049423266,0.08108583,-0.031073108,-0.011215651,0.10262456,0.028012825,-0.05833918,0.03541656,0.009866929,0.0340556,0.12376772,-0.060258977,-0.068298385,0.049060427,-0.148051,0.047053922,0.0071597844,-0.1372868,0.19756266,0.016610783,0.007770597,0.048009016,0.06663869,-0.04261901,-0.02076062,-0.10994153,0.026931116,0.06314539,-0.010712195,0.0009861763,-0.091248475,0.029046018,0.06439523,-0.005913933,0.13607904,-0.07799141,0.12351295,0.054547325,0.050325442,-0.029313296,-0.03211462,0.037716277,0.04316069,-0.15529518,-0.04132608,0.05463727,-0.04245351,-0.023295669,-0.058343854,0.04462935,-0.14374125,-0.1319205,-0.001217797,-0.029737787,-0.06893395,-0.14405993,-0.090412624,0.044637743,0.14654063,-0.039171044,-0.019521663,-0.031454634,-0.08544084,0.077842854,0.086466186,-0.019789519,-0.021260137,0.0527087,0.043494187,-0.009790686,0.020392047,0.08532985,0.043864332,0.05336759,0.093875594,-0.11389852,-0.013514093,-0.04015083,-0.13262261,-0.056074005,-0.025252102,-0.08198191,0.01525455,0.073351786,-0.045367695,-0.15160516,0.00022496622,0.047553934,-0.021821655,0.13326885,-0.11307895,-0.12778598,0.0021738575,-0.040998843,-0.03691822,0.08644149,-0.018552663,0.029552221,0.031089762,0.026871657,0.07368301,-0.072170556,-0.081548065,0.05442538,0.03577646,-0.0095536085,0.021313624,-0.11860887,-0.016579257,-0.003586852,0.0489574,0.002682431,-0.048878003,-0.011189209,-0.058941554,-0.07657659,0.07967964,-0.092170306,0.110165305,-0.018854091,-0.069339186,0.10197826,0.014794765,0.12291,-0.05671007,-0.07830385,-0.0964357,0.022559473,0.09089312,-0.044029895,-0.10104293,-0.067978926,0.017448703,0.06278955,0.0955286,-1.056643e-05,-0.08277705,-0.004531123,0.043692347,-0.06407144,0.06545701,-0.029494112,-0.018725725,-0.016727403
TCGA-AQ-A04H-01B,-0.053541332,-0.08147159,0.040438496,0.01799724,-0.03200933,-0.023843944,0.07021612,-0.002818717,0.043637976,-0.02138044,0.02749821,-0.07426052,-0.01843912,0.188535,0.10661671,-0.03314358,0.075013116,0.046472494,0.061368354,-0.025830872,0.03745999,0.02312525,-0.09704861,0.012824316,-0.014057748,-0.00831909,-0.16250135,-0.09537125,-0.0013023793,-0.12966499,-0.03734534,0.00045667667,-0.066199675,-0.08979863,-0.061448578,-0.10857198,-0.012812832,0.03190464,-0.13013731,-0.06818885,-0.00084338995,0.047309276,0.07623533,-0.025486922,-0.12536998,-0.04258374,0.0040704235,-0.026265115,-0.06958386,0.090566665,0.015560969,0.10544244,-0.014319133,0.03411634,-0.058839407,0.063852824,0.03418451,-0.051392846,-0.058656294,0.044736456,0.057044137,0.0066567985,-0.0915742,0.09523057,-0.05645392,0.014446635,0.17914687,0.015000159,-0.06943399,0.004899179,-0.120056815,0.05259772,-0.06667497,-0.20995173,0.0885812,0.06675456,0.027464291,-0.018982898,0.12712838,0.017308805,-0.004869042,-0.022970418,0.008316948,0.0074685174,-0.028995544,-0.05166352,0.053886898,0.10817891,0.17142348,-0.008088762,-0.006939699,-0.024665285,0.070476994,0.016268076,0.08499459,5.4860553e-05,-0.110458665,-0.045893032,0.09396558,-0.06722688,0.018569391,0.08224755,0.014819548,-0.014492442,-0.10580752,-0.029717911,-0.05166424,-0.039254602,-0.06803761,0.029944066,-0.07664094,-0.12426193,-0.16519415,0.08247489,0.06497703,-0.058925923,-0.01824557,-0.046705823,-0.098949924,-0.018789358,0.08718104,-0.024824802,0.14818747,-0.05224184,0.014537654,-0.011697257,-0.123905644,0.018827334,0.004234102,0.08566077,-0.011744701,-0.070061795,-0.105799876,0.018578932,-0.15386517,0.05953496,0.0062557133,-0.10805129,-0.034632917,-0.055417392,-0.025267903,-0.16019392,0.028549034,0.07425522,-0.029766113,-0.081662476,-0.14220354,-0.017876009,0.102372386,-0.03230127,-0.019809194,0.046359222,-0.011848454,0.041507892,-0.011294433,0.014190435,0.049220145,-0.12810712,-0.036049414,-0.022004738,-0.058629077,-0.046626497,0.05902216,-0.09378792,-0.036609154,-0.00044666004,0.0419404,-0.0045994683,-0.01743096,0.009072873,-0.0053589107,-0.055775885,0.014792731,-0.051557012,-0.024847329,-0.06860261,-0.110609226,0.04771547,0.035929598,0.04229907,-0.13549586,-0.06790777,0.020472148,0.1396011,0.053559974,-0.074508145,-0.024317501,-0.07135649,0.09897679,0.050888307,0.08820859,-0.089951605,-0.04964069,-0.053363074,0.00016676015,-0.029970666,0.088049866,0.07930036,0.06825184,-0.042615812
TCGA-AR-A2LK-01A,0.047277935,-0.07089373,0.14107315,-0.0426022,-0.0770392,0.07465248,-0.0064433306,-0.041531347,-0.046546422,0.0035908162,0.010361022,-0.020301532,-0.011878289,0.12687467,0.1298031,-0.06329144,0.0066690724,0.06791895,0.038800005,-0.022720663,-0.06496593,0.020702427,-0.065571554,0.115582645,-0.012095751,-0.05444509,-0.12715738,-0.07500018,0.04305999,-0.015739225,-0.11663833,-0.03769038,-0.03188221,-0.14607514,-0.07311642,-0.08300269,-0.05756677,0.0001608314,0.01025988,-0.03359286,0.014092447,0.12026372,0.107170716,-0.03702727,-0.049501278,-0.050963577,0.07098784,-0.07961454,0.07346911,0.07422289,-0.013530492,0.01994074,0.0144351,0.0055670836,-0.0018664312,0.038002137,0.08357683,-0.0166376,-0.02696068,0.011454415,-0.02622088,-0.02957391,-0.06446713,0.096865766,-0.07468357,-0.040601157,0.07750318,0.018175442,-0.10057083,-0.016839761,-0.13026623,-0.021556249,0.001666775,-0.20841692,0.10728421,0.078174435,0.0076057557,0.022687567,0.10849292,-0.0016396334,-0.011325131,-0.025870081,-0.059925787,0.027259568,-0.03839023,-0.07773484,-0.09513903,0.09780924,0.043261126,0.02858397,0.05025478,-0.06170116,0.11199431,0.036449738,0.039098192,-0.08832636,-0.050327286,0.01412302,0.0430137,-0.0897494,-0.11291338,-0.044581387,-0.020065615,-0.14878051,-0.04391001,-0.01218342,-0.12363917,-0.08164751,0.11498711,-0.029918516,-0.00787443,-0.14617962,-0.09142214,0.12904714,0.14617574,-0.014804829,-0.027824525,-0.036564466,-0.019057037,-0.016628642,-0.03720926,-0.05457148,0.20361598,0.05467305,-0.008201781,0.03912569,0.037804347,0.052132074,0.035512988,0.056659378,0.122769825,-0.07529523,-0.036206335,-0.090447284,-0.09878085,0.027443806,-0.024026563,-0.0034440497,0.04925086,-0.074448355,-0.1058512,-0.16874221,-0.037888378,0.05416251,0.059684876,-0.03875493,-0.09552298,-0.04841669,-0.008198593,-0.0014336953,-0.11141102,0.019324968,0.045844182,0.074502885,0.048612773,0.044939645,-0.0055870325,-0.03023195,-0.04338271,-0.014476966,0.06256594,0.03423919,0.045959916,-0.1848894,-0.041097373,0.060059514,0.09257674,0.029491844,-0.031985875,-0.0027451238,0.03250887,-0.07436724,-0.008684616,-0.041674264,-0.047513705,0.00429974,-0.10527687,0.07631978,0.18218488,0.07621643,-0.06768962,-0.050232038,0.03627375,0.073993124,0.030291691,-0.070761904,-0.081079334,0.019780502,-0.10761971,0.020800194,0.11468032,-0.01193861,-0.050715234,0.03821894,-0.03280461,-0.033068206,0.030070852,0.07482093,-0.06570531,0.025350893
TCGA-BH-A1FJ-01A,-0.04643006,-0.0687298,0.07736231,0.040101912,-0.054433327,-0.011970929,0.01762655,0.009671098,-0.05810555,0.005447384,0.0023477331,-0.06497307,-0.008541082,0.16854127,0.06608387,0.0029472765,0.05318805,0.108960964,0.04154822,-0.12606052,-0.02131551,0.023338836,-0.019711757,0.059078194,-0.03609935,-0.023233473,-0.054523416,-0.018049201,0.009691508,-0.04505179,-0.018834306,-0.014103907,-0.09930293,-0.110749304,-0.17126158,-0.13009256,-0.04304131,0.0077716387,-0.073470846,-0.05743847,-0.00978367,0.060513314,0.06711505,-0.018413771,-0.06452526,0.032610185,0.023244694,0.107677996,0.0708622,0.057264864,-0.017160762,0.053871658,-0.08575365,0.13580376,-0.015314548,0.00760469,0.0708464,0.107952416,-0.05880927,-0.014193209,0.037273746,-0.07239399,-0.10718792,0.084219344,0.008061417,-0.014117598,0.12452108,-0.016116785,-0.034347426,-0.05487539,-0.14149743,0.015236079,0.049046796,-0.25589415,0.05610701,-0.02629896,-0.0045835837,-0.031606983,0.07726208,-0.06656263,0.036712553,-0.06481977,-0.017045498,0.061170753,-0.053523693,-0.05743295,-0.080115974,0.10527534,0.08854335,-0.12156485,0.08833244,-0.20775005,-0.020866344,-0.10007745,0.005022477,-0.032238476,0.01153696,0.036514673,0.00554459,-0.041832596,-0.024174275,0.034326613,-0.005064663,-0.19383581,-0.1055047,0.000819918,-0.061438236,-0.13061807,-0.031888645,0.02908821,-0.0007889134,-0.09308347,-0.08871901,0.059282042,0.08303419,0.022997415,0.011197499,-0.023004469,-0.03100608,0.05824098,0.12539737,-0.13087101,0.085348666,0.025093736,0.032324832,-0.044331815,-0.042342503,0.07268587,0.029229207,0.06304083,0.011261837,0.013279021,-0.09047031,-0.11764295,-0.03863679,0.006151535,-0.06694245,0.08022606,0.0014906902,-0.03555557,-0.07032216,-0.069882795,-0.05503224,0.08350402,0.05316911,-0.046117604,-0.1095601,-0.048334926,-0.14012344,-0.025674298,-0.08162592,0.025516016,0.10091178,0.06326573,-0.107479446,0.046358246,0.049765293,-0.016333388,0.048653767,-0.045291085,0.00078370527,-0.048168726,-0.017237687,-0.11624333,-0.024296576,-0.004734377,0.05785445,0.026428489,-0.06315933,-0.012343723,0.043473016,-0.09898303,0.05849775,-0.02083061,0.10556614,-0.09186972,-0.023724284,0.10630717,0.01899714,0.1806767,0.0062292027,-0.046925776,-0.04049939,-0.016471686,0.060879517,-0.0931961,-0.1145009,-0.012355109,-0.024432497,0.042274605,0.10769657,0.033544533,-0.0031547854,0.026317373,-0.01840534,0.016853005,0.037272826,0.09041901,-0.04753759,-0.032377373
TCGA-B6-A1KF-01A,0.011306027,0.00082445465,0.110824265,-0.007914722,-0.0047920165,0.026430927,0.0032343653,0.058679417,-0.048891842,0.087027326,0.04521983,-0.070838526,-0.00074874505,0.21785653,0.013145171,0.011029528,0.06301066,0.03192373,0.029473683,-0.1317587,-0.030147268,-0.08250322,-0.008673335,-0.005861247,0.0466472,0.001557414,-0.10459093,-0.044018876,-0.035132848,-0.11625776,0.050476607,-0.018737918,-0.045790385,-0.074567825,-0.033865653,-0.1175803,-0.062834635,-0.024910014,-0.024703095,-0.079655185,-0.059321236,0.03106827,0.11381425,-0.048165448,-0.07220261,0.005771501,0.08401493,-0.07325059,0.010879963,0.021864146,0.006042964,0.10155365,0.099149294,0.06744762,-0.0084513305,-0.049260203,0.120881416,-0.04528312,-0.101638295,0.04287221,0.024971211,0.010678797,0.013324591,0.105065726,-0.04757931,0.02787932,0.08279977,-0.025332585,-0.13740201,0.027853137,-0.19535975,-0.00961559,0.03579332,-0.19031468,0.10562822,0.060562175,-0.07669605,0.056761373,0.07079831,-0.0033563895,-0.05105419,-0.04063416,0.048151992,0.041964874,-0.0058203894,-0.050709575,-0.019369915,0.12517723,0.13404061,0.00024265057,0.032075845,-0.11200802,0.11739167,0.029450577,0.048350696,-0.095188424,-0.05506286,-0.016751787,0.04413709,-0.06258002,-0.008305494,-0.010113627,0.013519581,-0.12467589,-0.110628985,0.022063414,-0.09751547,-0.0700064,0.062191762,0.016913485,0.008872811,-0.08627054,0.025227368,0.035329882,0.11392043,-0.030771488,-0.06033261,-0.0042259586,0.048322774,0.0046994006,0.03265613,-0.017553106,0.05428622,-0.036055427,0.014183679,-0.053320713,-0.008920865,-0.0069079306,0.028282588,0.17282484,0.08529582,-0.20379323,-0.08303136,-0.1402112,-0.1262735,-0.06252039,-0.08936512,-0.1265347,-0.031035498,0.0856603,-0.043461017,-0.095934466,0.019011645,0.0075661805,0.02731073,0.12064012,-0.06991881,-0.06961133,-0.12580927,-0.020393388,-0.058211282,-0.021306666,-0.0034421107,0.08582797,-0.021689055,0.048103794,0.0561283,-0.03469459,-0.031370908,-0.0023800791,-0.02855174,0.032562125,0.06619468,-0.14305422,0.009947377,0.03599908,0.13107786,0.06822754,-0.029834477,0.10416776,-0.044805024,-0.1415937,0.008108985,0.063284546,-0.07293921,-0.04107552,-0.025767876,0.056106783,-0.008709909,0.10582396,-0.042406008,-0.039380316,0.038363483,0.088349566,-0.049720574,-0.048983928,-0.10638867,0.02710016,-0.020908313,0.028294131,0.109285966,-0.05289967,-0.037442986,0.01001268,0.021966513,-0.025242476,-0.016693909,0.08377119,-0.06923291,0.013002921
TCGA-BH-A1F6-01A,-0.0040443535,0.036130004,0.11303645,0.13646354,-0.046375245,0.1251377,0.03388895,0.10126817,0.037800707,-0.04963406,0.021877699,-0.077207275,-0.034465294,0.17554092,0.07212832,-0.016341079,-0.017652018,0.16702694,0.03838302,-0.04789757,-0.0458489,-0.07446241,-0.073793866,0.016145105,0.06340828,-0.011027082,-0.13319774,0.016171476,-0.0525789,-0.1289819,-0.03566886,0.03104681,-0.13420978,-0.14225158,-0.05793207,-0.052240912,0.016102782,-0.010343945,0.028331345,-0.04765628,0.11099208,0.06661119,0.11379914,0.030338977,-0.10137446,0.044163592,0.14954764,-0.030707354,-0.018783502,0.1276891,-0.0006403073,-0.008647748,0.051229693,0.08947429,-0.010715555,0.103681274,0.04002326,-0.092945874,-0.062429395,0.06271943,-0.025312243,0.017567832,-0.076016046,0.056268636,-0.026886342,-0.060664956,0.15046409,-0.009765282,-0.1507743,-0.077917874,-0.03950346,0.044591054,0.024759164,-0.121844925,0.07818425,0.019087888,0.031236412,0.12336798,0.03782833,0.13187851,0.079924196,-0.07153493,-0.025120717,0.007660696,-0.014254313,-0.12362566,-0.011707766,0.10948871,0.14699085,-0.060764246,0.054681722,-0.06182665,0.15716192,-0.03799262,0.114206985,-0.08542787,-0.00060468167,0.06166258,0.014038035,-0.02519614,0.061323673,0.052739758,0.010260457,-0.049999405,-0.027785132,0.020605598,0.002070532,-0.096825786,0.045178857,-0.021807969,-0.021239163,-0.045833804,-0.062241927,0.15336902,0.13833122,0.022035917,-0.05418614,-0.04429579,-0.094780155,0.03074906,0.17522906,-0.057169974,0.003273265,-0.0020838906,0.03873202,0.008081228,-0.05887242,0.051919598,0.034447815,0.12907858,0.07842228,-0.08930106,0.026150798,-0.042246968,-0.13698316,0.014814263,-0.0059765503,0.045230754,-0.056433816,0.019697512,0.048180982,-0.07325773,-0.01694495,0.029074924,0.018914727,0.016005669,0.014119938,-0.09820525,0.0023843227,-0.0895511,0.00026970636,0.017144658,0.07190882,0.08847882,-0.07085875,-0.02267359,-0.028101405,-0.045482304,-0.05905924,-0.008008375,-0.03778944,0.020967733,0.02167314,-0.11696939,-0.059898004,0.030946113,0.027661024,0.09134325,0.0068501555,0.012015444,0.12507936,-0.06768019,0.013109021,0.01677446,-0.0855211,-0.10282725,-0.03831361,0.0016510065,0.09118472,0.038719796,-0.09349102,0.025331631,-0.051018003,-0.019643337,0.017509269,-0.041220568,-0.12698676,-0.007751998,-0.023727516,0.01508048,0.033307638,-0.10464543,0.015503321,-0.009997077,-0.07312956,-0.014722145,0.06404124,0.04916693,-0.077527605,0.0016393173
TCGA-PE-A5DD-01A,-0.070244245,-0.067261234,0.179207,0.084390886,-0.06923991,0.13280809,0.003958364,-0.02237686,-0.1285838,-0.015970364,-0.024331175,-0.026795391,-0.010259148,0.056068595,0.057803784,0.0021109052,-0.0038507392,0.12770784,0.033164628,-0.12795067,-0.040081263,-0.029610917,-0.042638168,0.060067616,0.003836351,-0.0130957365,-0.14646013,-0.021693228,-0.021750122,-0.08819009,-0.036856923,-0.046496615,-0.105912626,-0.070046544,-0.061919846,-0.10712114,0.036928587,0.056251913,-0.009092306,-0.0048492583,-0.09625612,0.07319886,0.0034011193,-0.07225053,-0.03686628,-0.028426789,-0.0053546005,-0.030021181,0.095077425,0.15354355,-0.03916891,0.0045303917,-0.030078432,0.08638939,0.005682307,0.002663558,0.17031609,0.0011203974,0.011509662,0.037478134,0.036992706,0.009709614,-0.06058991,0.008990394,0.045887873,-0.07027478,0.059800588,-0.07288997,-0.098359495,0.005297579,-0.13869387,0.031170785,0.016136987,-0.216179,-0.023914406,-0.00068589364,-0.023526207,0.115290746,0.051069997,-0.031711556,0.036451347,-0.026507733,-0.049077094,0.0029812816,-0.0394976,-0.072676726,-0.0133134,0.11508371,0.14835869,-0.002490657,0.04993069,-0.10165089,0.03588596,0.03624811,0.11902131,-0.101937294,0.00825532,-0.039802704,0.055348873,-0.01398436,0.06734555,0.01665713,0.08015929,-0.1334144,-0.04276322,-0.06698875,-0.009718208,-0.10477601,-0.06845947,-0.073159836,-0.024342416,-0.07894137,-0.098519176,0.08292605,0.21596076,0.055510536,0.038611215,-0.04534843,-0.058013648,0.0022790649,0.09807799,-0.07435262,-0.040213864,0.06790346,-0.0444681,0.059713926,-0.028265968,0.06544889,0.07859508,0.006276543,0.06955801,-0.0130349845,-0.03085811,0.006604574,-0.124605395,0.028839296,-0.06699694,-0.05050845,-0.055312738,0.04665151,-0.041810043,-0.18271805,-0.058011223,0.01690371,-0.008163474,-0.02421212,-0.036278386,0.10350602,-0.07927543,0.009394819,-0.035068452,-0.011649208,-0.05507567,0.061014365,-0.09152333,0.057596933,-0.017207682,-0.027510814,-0.05079285,-0.00849735,0.02278142,-0.07012156,-0.008413277,-0.10313793,-0.0135393245,-0.0063139866,0.12402375,0.0155254165,-0.06461508,-0.04494094,0.058742687,-0.1253579,0.052750994,0.014678243,0.0706717,-0.09339151,-0.023512278,0.04509857,0.0960949,0.20102105,-0.09440435,-0.0360624,-0.09073915,0.049216647,0.036842663,-0.0017504414,-0.13218811,-0.04358084,-0.03608786,0.049206432,0.01197948,0.055895112,-0.10756723,0.018555265,-0.032348897,0.056265626,0.05105563,0.06209963,-0.004248192,-0.0018059104
TCGA-D8-A73W-01A,0.011930854,-0.046042334,0.14886445,0.043026302,-0.081503265,0.12908925,0.081551224,-0.0035766389,-0.15725659,-0.035179332,-0.016553765,0.03336803,0.015862076,0.12599744,0.14260413,-0.0025925876,0.006868589,0.046203066,-0.040646043,-0.10112307,-0.06986015,0.00058357255,-0.15904255,0.06529761,-0.0045005125,-0.07997611,-0.11527094,-0.045266595,0.07458881,-0.00085104327,-0.06709681,0.014517263,-0.14759316,-0.10212893,-0.09109919,-0.14270867,0.0007169925,-0.022779439,-0.05806272,-0.1312433,-0.058357038,0.114966154,0.12452269,-0.12206891,0.015711552,-0.114959456,0.05056274,0.045720253,0.093069926,0.04781786,-0.0070010475,0.05291311,0.0059280195,0.07688424,-0.04108876,0.0035045024,0.08763903,0.00074097543,-0.0075353724,0.039256115,-0.015328548,-0.0041247983,-0.03685315,0.022055555,-0.01888065,-0.025323112,0.08894335,0.060141925,-0.06907385,-0.033929974,-0.10056556,-0.0023426346,-0.018707523,-0.142594,0.0341093,-0.057404626,-0.035040323,-0.008497,0.085460566,-0.05314829,-0.003984532,-0.010508214,0.008545916,0.10396704,-0.042401593,-0.019759296,0.015537479,0.11137627,0.1022975,0.040832173,-0.00039883287,-0.09249391,0.040790033,-0.0052820295,0.16821793,-0.13123456,0.029945245,0.0052193822,0.007565681,0.025408017,-0.015027073,0.061531924,0.028264586,-0.11224981,0.016982175,0.032267652,-0.0977569,0.011698719,-0.009926347,-0.03101234,0.03907328,-0.06889033,-0.10599072,0.035853643,0.049416155,0.029212683,0.020008417,-0.05309905,-0.12756246,0.037981395,0.019141627,-0.14758886,0.12308876,0.036295384,0.09014744,-3.725601e-05,-0.043430373,0.018036958,-0.06476599,0.15474649,0.06550135,-0.034940194,-0.008998674,-0.008793852,-0.06786389,0.09925748,-0.054632794,0.059369717,-0.024771225,0.015207588,0.0013266248,-0.093506865,0.009869643,0.08095195,0.013785646,-0.015034041,-0.0784477,0.024227146,-0.0802571,-0.06751035,-0.041886512,0.044914026,-0.037407793,0.09674838,0.044898376,0.025368603,-0.0048347204,-0.11110242,-0.038840618,-0.0516738,0.00134217,-0.065304026,-0.03399774,-0.15780887,-0.057249825,0.03611416,0.1195802,-0.05697677,-0.0776945,-0.0063508847,-0.012078871,-0.060955666,0.012859588,-0.06964807,0.0694816,0.041099954,-0.06776465,0.11766572,0.07096614,0.09786551,-0.081617124,-0.07361599,-0.0959374,0.05900575,-0.05377565,-0.060404513,-0.10202363,-0.07252009,-0.073187456,-0.03910786,0.016810989,0.00016445448,-0.011174536,0.11837285,0.027338523,-0.028233226,0.078854725,0.16544093,-0.06454842,-0.002326807
TCGA-AR-A0TV-01A,-0.039039634,-0.0055153538,0.15568587,0.055051032,0.07428347,0.06695188,0.03326782,0.074828096,-0.071721,-0.023388483,-0.00071841123,0.035952386,0.00585647,0.13260067,-0.0025818124,-0.015829593,-0.020135285,0.09596951,0.0211961,-0.00369242,0.026916895,-0.124766044,-0.10954861,0.09015926,-0.062170096,-0.011725481,-0.16978584,-0.08061147,0.0137450695,-0.1009247,-0.008907255,-0.021986106,-0.05517102,-0.06255801,-0.089025535,-0.080188654,-0.001197872,0.03225489,-0.13635598,-0.10977082,0.031081248,0.017920312,0.13851227,-0.027111353,-0.01381312,-0.014606404,0.11450559,-0.0086253965,0.0018148182,0.08951371,0.025824035,0.06049397,0.15567122,0.033192962,-0.028597645,-0.017707033,0.034006372,0.007603985,0.0013367396,-0.089847505,0.023967372,-0.015557694,-0.060770813,0.11740959,-0.060046963,0.065687396,0.086740226,0.013166891,-0.120815024,-0.06068395,-0.117826305,0.0030236607,0.038748305,-0.17519435,0.10018007,-0.023884647,-0.061113425,0.03977404,0.099486366,-0.039460383,-0.001998491,-0.03567645,-0.043447398,0.03861023,-0.035303514,-0.041193336,-0.09643166,0.09764402,0.07848293,0.04034054,0.02246977,-0.041952625,0.008067834,0.050211687,0.13522597,-0.0903101,-0.02423315,-0.00094927975,0.030987224,-0.10036045,-0.06728756,0.06282761,0.022197954,-0.061768547,-0.1021499,0.009962557,-0.12614396,-0.038958415,-0.015184583,0.038078647,-0.006040823,-0.07586107,-0.15002191,0.11988645,0.10587373,-0.030229965,0.004243871,-0.049203455,-0.071723245,-0.05630778,0.18736112,-0.085170545,0.04530624,0.043503374,0.002551296,0.038354605,-0.057099584,0.04254418,-0.06300112,0.11386742,0.08550928,-0.095049895,-0.0057811625,-0.06969594,-0.18831845,0.00033546335,-0.01006156,-0.023322903,-0.03206818,0.105935,-0.024913577,-0.115037225,0.051131222,0.006750399,0.016558282,0.03158369,-0.023172967,0.006582,-0.035198614,0.002572745,-0.047653385,0.059868958,0.08520904,-0.026794681,-0.04246316,0.0735394,-0.0467389,-0.033893995,-0.056746926,-0.022946378,-0.0016548891,0.013992053,-0.13210559,-0.11192902,-0.04756092,0.07555475,0.05661893,-0.009225501,-0.10087871,-0.0348933,-0.04797127,-0.12744164,0.052460693,0.0048583173,-0.0038207064,-0.034318525,-0.021437233,0.0027968425,0.09211371,0.10164767,-0.09245331,-0.023971116,-0.08867078,0.09091614,0.03729835,-0.020459453,-0.03826342,-0.01975411,0.014153104,6.511587e-05,0.022526132,-0.08294334,-0.12839684,0.07777959,0.047826197,-0.047220338,0.073473535,0.17349812,-0.06699712,0.02997149
TCGA-BH-A1F5-01A,-0.06980403,-0.09526895,0.15091035,0.024861958,-0.021788277,0.043666314,-0.07623719,0.07146834,-0.04009753,0.014384413,0.081784844,-0.048279345,-0.035298083,0.13087611,0.07927513,-0.0072274213,0.034954447,0.12266043,0.087368414,-0.076952584,-0.04551791,-0.08011803,-0.07385314,-0.028668161,0.03576382,0.033728037,-0.09700081,-0.104290694,0.010953732,-0.099732496,-0.022182291,0.008310207,-0.03949907,-0.16142535,-0.08929335,-0.0745872,-0.023585938,-0.0011547381,-0.10014865,-0.06177523,0.028584985,0.08032712,0.0414009,-0.06984233,-0.05718726,-0.054148663,0.020301005,-0.048977345,0.046653714,0.030133937,0.054221354,-0.009315634,0.009951352,0.05326291,-0.059597317,-0.01663882,0.03130499,0.056391336,-0.00060121145,0.0052332347,0.100603834,-0.023633871,0.004227246,0.03339586,-0.02384431,-0.03859715,0.074584685,-0.016099682,-0.10419653,0.010615741,-0.12029478,0.0705428,-0.079622634,-0.18794233,0.10772966,0.063776776,-0.036037188,0.03831703,0.051740374,-0.05537788,-0.0563883,0.013560478,0.009567156,0.04606977,0.016764477,-0.015557489,-0.13025635,0.09219174,0.081787646,-0.028876457,0.05611221,-0.040233795,0.10278497,-0.017032482,0.06617185,0.016154395,-0.05063992,-0.05497776,-0.05758053,0.06263182,0.036554605,0.12951025,0.04512953,-0.024026312,-0.08774873,0.030922132,-0.10552087,-0.05769703,-0.05459788,-0.020756682,-0.044551942,-0.11450693,-0.09118919,0.17118464,0.13082269,-0.01721667,-0.015674276,-0.018526364,-0.03152127,-0.06409151,0.08141454,-0.14056644,0.055603005,-0.024351362,0.07878049,-0.07191309,0.009092905,0.040220734,0.09649183,0.08328239,0.12891102,-0.0012496555,-0.037644446,-0.051895984,-0.15967172,0.019908093,0.04143352,-0.013078321,-0.006649224,0.031909212,-0.07391735,-0.18549544,0.04640386,0.07035352,0.11511477,-0.047635943,-0.07599522,0.0617346,-0.06430591,-0.05327851,-0.07554188,0.04471169,0.08273391,0.036688715,-0.09751953,0.07396161,-0.012643176,0.0022685595,-0.06865963,-0.0024090703,0.027418332,-0.019448077,0.062089223,-0.17853644,-0.13399883,0.053876054,0.089371145,-0.038438953,-0.030269135,-0.026252097,-0.008821256,-0.113580905,0.005269095,0.007270178,0.090144895,-0.042351265,0.0077796704,0.012578025,-0.06787067,0.14124773,0.020902092,-0.051586237,-0.057205025,0.023139548,0.024779696,-0.051031284,-0.14318256,-0.03274997,-0.11942574,-0.028961943,0.06845768,-0.05901689,-0.04948559,-0.02210143,0.055802602,0.02287651,0.07705742,0.11137574,-0.093607776,0.014598787
TCGA-E9-A1ND-01A,-0.009602395,-0.06334708,0.1457724,0.07544523,0.0049564317,0.12356738,0.028755253,0.16701879,-0.053347126,0.033371724,0.021038618,0.03820667,-0.082624786,0.07154547,-0.0167214,-0.035840295,-0.019353775,0.02788376,-0.049171474,-0.1297531,-0.07646724,-0.049033243,-0.040028192,0.11073561,-0.04455813,0.0046960646,-0.1587539,-0.025012769,0.005480324,-0.022657096,0.019016448,-0.013279697,-0.12928355,-0.097382225,-0.09876092,-0.111168675,-0.06821165,-0.036112525,-0.033759244,-0.028662901,-0.034848414,0.08689022,0.11776161,-0.071725056,0.03485905,-0.11440633,0.07812315,0.018976336,0.045543216,0.080386885,0.052272312,0.05668128,0.10944131,0.060669087,-0.026865708,-0.11887265,0.060245972,0.0032325825,-0.08100157,0.007411508,-0.009801868,-0.033545945,0.0073230434,0.07863905,0.012205102,0.050514013,0.10093185,-0.050812714,-0.14855343,-0.043878123,-0.08908612,-0.010078088,-0.0010518229,-0.109749965,0.122080564,0.051082637,-0.06811493,0.04929849,0.10248345,-0.028320111,0.0037047544,0.03884034,0.0956086,0.027402317,-0.017007582,-0.08271563,0.006359748,0.09207757,0.1088255,-0.10111268,0.075568475,-0.124025054,0.08484061,0.053330485,0.1334031,-0.057599835,-0.055343196,0.09541942,0.009614307,-0.0122345,0.062147018,0.06529664,0.06694828,-0.08117383,0.010524751,0.07351184,-0.011505967,-0.053493876,0.06747962,-0.023548251,-0.114303194,-0.04724196,-0.080702595,0.013553902,0.1480998,0.03525037,-0.035601076,-0.048231244,-0.02512765,0.0061568497,0.05070496,-0.064457275,-0.023200879,-0.036312122,-0.037850674,-0.0750423,-0.03216937,0.0404804,0.07332295,0.09066928,0.044936653,-0.041095745,0.06723003,-0.07490708,-0.15268137,-0.03502675,-0.056775555,-0.03420545,-0.008366068,-0.024134336,0.018190315,-0.1359661,-0.076312535,0.05170582,0.049687963,0.081745476,-0.09616205,-0.07789778,-0.00037528377,-0.13143948,-0.055408493,0.13016436,0.030051682,0.05873589,0.024649275,0.018986486,0.022873003,-0.087148055,-0.09840654,-0.0133773405,0.112495594,0.054825235,0.058837008,-0.15354718,-0.081125006,0.048694454,0.02739062,0.018947583,-0.02548357,0.017749567,0.007011899,-0.06623125,-0.031216975,0.093575634,0.057155408,0.0005263005,-0.04296347,0.06747094,0.17682508,0.14570743,-0.07880469,-0.030080464,-0.021611055,-0.01138795,0.11087391,-0.051175896,-0.07635148,-0.055375602,0.06867237,0.03740745,0.02357242,-0.037384316,0.03774404,-0.028613051,-0.060041264,-0.03137982,0.0009707619,0.091423124,-0.043064408,0.02779943
TCGA-AR-A1AP-01A,-0.037794236,-0.14466982,0.12189964,0.09647717,-0.05657457,0.09631525,0.0331241,-0.0070292586,-0.013202141,-0.03373406,0.032156464,-0.06912337,0.031644817,0.079423346,0.108006306,-0.015421967,-0.05580154,0.17590955,0.021722568,-0.09740743,-0.05604,-0.010718974,-0.059527364,-0.02430038,-0.014397074,0.0048890207,-0.10104953,-0.041386966,0.07568122,-0.035585813,-0.09466938,0.033295866,-0.050447885,-0.0861479,-0.047106024,-0.02591119,-0.047898833,-0.030982807,-0.0522167,-0.05194985,-0.00044633125,0.120054446,0.1452472,-0.13492405,0.008052701,-0.053561047,-0.0077741696,0.022447089,-0.026230799,0.18069875,0.04120095,0.090830214,0.032878228,0.053158846,-0.034679316,-0.0061379396,0.075368375,-0.021488586,-0.0066326507,0.0066021318,-0.033777047,-0.06576986,-0.06118135,0.16458902,-0.0282958,-0.04522006,0.11528542,0.02132243,-0.106686614,-0.057136297,-0.060091272,-0.019169787,-0.042234786,-0.1988425,0.034179367,0.00066063605,0.02453747,0.031878542,0.11461947,-0.0018722207,0.055985097,-0.009914813,-0.014377912,-0.018670507,-0.022047147,-0.051246595,-0.040001784,0.06474882,0.23321395,0.005547798,0.061656334,-0.051127337,0.034532193,-0.024642581,0.044869278,0.04416377,-0.06153714,-0.059660416,0.045632407,-0.027205484,0.038262066,0.044277906,-0.007666313,-0.17291899,-0.017227225,0.02022932,-0.043426078,-0.022143835,-0.010296384,-0.105522186,-0.09128031,-0.174954,-0.051281378,0.06889926,0.11092171,-0.062609755,-0.05577448,-0.09706714,-0.081206374,-0.0040781065,0.02840458,-0.14889541,-0.043843843,0.085166946,0.021692066,-0.061903387,-0.06332071,0.10500389,-0.0043265754,0.05697169,0.103212364,-0.028732633,-0.017815404,0.035900652,-0.23735398,-0.045436993,-0.046082824,-0.0009781613,-0.1061858,0.08063318,-0.0405354,-0.13442871,0.06824466,0.042551983,0.009933882,-0.0528532,-0.04789884,0.021237064,-0.012211394,0.008258675,0.00827392,-0.0033366939,0.0022967118,0.0758917,0.02087056,0.061770394,-0.057712685,-0.12572807,-0.09565553,-0.012912998,0.00016398716,0.011745662,0.09393919,-0.15374756,-0.047475886,0.010282408,0.002727489,0.07115298,-0.03244344,-0.06776295,0.0076314593,-0.08223028,-0.019058242,0.0031406805,0.10461936,0.011335684,-0.044198085,0.03110806,0.09795501,0.123181306,-0.022879187,0.010286387,-0.04254173,0.062816896,-0.010024499,-0.034442846,-0.1183881,0.0036767586,-0.08148749,0.014336843,0.08825198,0.022188794,-0.010704918,-0.027676368,-0.0019542556,0.018288784,0.05010926,0.028359784,-0.007633008,0.04552862
TCGA-AC-A6IX-01A,-0.12303328,-0.064089686,0.112288035,0.014809638,-0.057123516,0.014209756,0.10179978,0.06191419,-0.09137912,0.097997524,-0.03735249,-0.05030443,0.01422884,0.099493384,0.05473403,-0.0052861962,0.05787827,0.050257955,0.02697088,-0.050536886,0.0675983,-0.0253021,-0.011043042,0.035829704,0.06520466,0.06782416,-0.08333904,0.0015107137,0.0027387745,-0.05042438,-0.13448985,-0.053802952,-0.059870727,-0.10657069,-0.09019952,-0.09553743,-0.03927906,-0.0135548245,0.09042949,0.034232296,0.02325629,-0.03473576,0.05350364,-0.037314676,0.010018883,0.04094757,-0.032136235,-0.042409,0.054341357,0.09168998,0.0031277374,-0.02580727,0.0031449827,0.08421058,-0.027084367,0.0125859585,0.074708536,0.046982404,-0.08425231,-0.044714704,0.0003539526,0.063561805,-0.053143073,0.058986086,-0.018430727,-0.06368671,0.10532282,0.05431469,-0.11311314,-0.01683703,-0.215163,0.032639123,-0.064052016,-0.11192599,0.053286538,-0.03145368,-0.005312234,-0.032567505,0.027441211,0.0047090584,0.04163012,-0.03968399,-0.03076687,0.02722126,-0.08181297,-0.077721395,-0.13593137,0.11008388,0.10177987,-0.03088417,0.042561643,-0.122186415,-0.05480802,0.051233217,0.06899098,0.07153745,-0.03774897,-0.07423082,0.050720215,-0.07401303,0.075527325,0.055990446,-0.008565448,-0.16531505,0.010408825,0.04281401,-0.08675595,-0.045689482,0.009959472,-0.04187106,0.015704112,-0.17599125,-0.14767769,0.022349076,0.1049507,0.03528426,0.08875762,-0.079541884,-0.0366843,0.026883302,0.17460455,-0.06895028,0.16356248,-0.012518209,-0.025708402,0.023969201,-0.14503057,0.038176883,-0.029106377,0.14503133,0.11370059,-0.008937594,-0.039277084,-0.037847474,-0.1398379,-0.08928445,-0.040717322,-0.042748682,-0.04327714,0.033411242,-0.030944297,-0.13525048,0.022173578,0.021081988,0.004501647,0.037400074,-0.09301292,-0.07371124,-0.048031054,-0.047400083,0.046893973,-0.021528713,0.10758162,0.04036474,-0.08851696,0.060821045,-0.04592292,-0.047949698,-0.12925772,-0.048770472,-0.022768117,0.018358208,0.00077587366,-0.06839844,-0.031782463,0.0094316015,0.10578636,-0.011488473,-0.072877236,-0.048413984,0.02543896,-0.1352481,0.046110872,-0.07312772,0.057532474,-0.012633275,-0.0530213,0.04476444,0.06797385,0.17497967,-0.021894993,0.015839284,-0.052430175,0.12834424,0.037004534,0.032043394,-0.1379765,-0.076593116,-0.058646515,0.019969597,0.020850757,0.009519869,-0.081350796,-0.03224615,0.086143665,-0.049225904,0.020956025,0.05234731,-0.039977264,0.030034691
TCGA-AR-A1AY-01A,-0.0093072485,-0.051114365,0.11756991,-0.049809024,-0.026371703,0.08768688,-0.020987034,0.037632946,-0.013475615,0.04880251,0.056522,-0.03197354,0.054692943,0.1843001,0.08036357,-0.0076611694,0.019675126,0.020126665,0.046820853,-0.13559997,-0.012568169,-0.09492969,0.03390982,-0.009064217,0.06511973,0.0043666586,-0.014580588,-0.04434624,0.0451429,-0.11698802,-0.082938924,-0.0653829,-0.03400963,-0.16175564,-0.04231659,-0.14315781,0.035368852,-0.05318214,-0.028032366,-0.10397232,-0.011598005,0.10470646,0.079013355,-0.13333511,0.027537752,0.023579955,0.09109126,0.0026155778,0.0869912,0.14625058,-0.027351985,0.09727603,0.06996276,0.08172118,-0.012956507,0.05131487,0.06985779,0.038335327,-0.10808706,0.096213825,0.052532114,-0.031808786,-0.061438628,0.020113138,0.0074556167,-0.06688874,0.09280876,0.053827483,-0.039535556,0.009480014,-0.14064978,0.09303403,-0.04480098,-0.16729386,0.08293123,-0.02575067,-0.032469947,-0.017475158,0.12307722,-0.019305779,0.09288559,-0.023327067,-0.012122645,0.057543095,0.009573748,-0.07386876,-0.015978483,0.08720855,0.10642541,-0.09038142,0.00027513911,-0.08882119,0.09811637,0.004208776,0.035167396,0.010890745,-0.013157836,-0.0040510795,0.021122158,-0.111408,-0.024347942,0.061286878,-0.017828187,-0.13539687,-0.0010857777,0.053888187,-0.09314121,-0.058136262,-0.015629502,-0.05873575,-0.040887155,-0.04010243,-0.06259781,0.062023267,0.039451268,-0.03717028,-0.015575854,-0.048855525,-0.06687212,0.0042883107,0.12344018,-0.09411914,0.13281244,0.097385466,0.057248015,-0.04659832,-0.050097354,0.08121742,0.086508945,0.14649595,0.07252187,-0.10149458,-0.02601692,-0.11301549,-0.068470806,0.00402685,0.041938923,0.015191907,-0.01665092,-0.03227002,0.02431979,-0.19192041,-0.01008702,0.050502803,-0.0052642887,0.019245522,-0.11108845,0.03480776,-0.030196313,-0.08453578,-0.00795318,0.085086726,0.09579645,0.029480213,-0.06344123,0.026687363,0.15396027,-0.08987577,-0.018998666,0.0051731286,0.02258552,-0.063276626,-0.009526708,-0.11105212,0.03612242,0.064806014,0.06520112,0.06231985,-0.006031435,-0.0034011255,-0.055448133,-0.13806148,0.024549957,-0.014281876,0.05450587,-0.059576377,-0.12805869,0.12689197,-0.029633258,0.05988796,-0.0035308492,-0.052533243,0.0034148623,-0.041109387,-0.0017863178,-0.05438376,-0.07709166,0.02051624,-0.051834967,-0.026069503,0.12644807,-0.058372714,-0.026894536,-0.028355928,-0.08154309,0.041833457,0.13126345,-0.013664148,-0.039076388,0.0725825
TCGA-EW-A1P6-01A,0.0037053567,-0.046089638,0.0035456973,-0.01145493,-0.07177802,0.07557365,-0.12008795,0.047544945,-0.10966114,0.0152652925,-0.032733284,-0.00016042292,-0.016711537,0.15915872,0.14015596,-0.06524184,-0.047806937,0.09155767,0.0037304114,-0.10000445,-0.060589388,-0.053300273,-0.08901142,0.06631451,-0.083406694,-0.009146347,-0.16787657,-0.033115108,0.019942528,-0.061239075,-0.13318194,0.08520916,-0.0319076,-0.106113486,-0.05524894,-0.02570936,0.008005366,-0.052493226,-0.0675032,0.0146867735,-0.09392229,0.064732306,0.1059076,0.012243837,-0.07954797,-0.056435663,-0.007633933,-0.050065722,0.08783764,0.02806074,-0.019641073,0.005092354,0.03409682,0.052300878,-0.033005387,0.08056983,0.16121837,0.070342466,-0.04827048,0.13516219,0.10299873,0.005929395,0.002903136,0.097526096,-0.023011303,-0.09130824,0.028948346,0.058317225,-0.05486568,0.05072153,-0.12696852,0.058593165,0.01716484,-0.15272889,0.1424003,0.0020524343,-0.009847724,0.039674107,0.011373428,-0.114925385,0.029113531,-0.087855704,0.024229957,0.048293002,0.010334197,-0.117588475,-0.021211386,0.19139367,0.1167308,-0.018206384,0.06483066,-0.046130028,0.02612639,0.04460104,0.11316408,-0.06622665,-0.040343184,-0.0790851,0.083636224,-0.0028396144,-0.052110616,0.02030338,0.014723664,-0.054082688,-0.010208526,0.04250025,-0.020829182,-0.1005423,0.02118962,-0.04291718,0.008094364,-0.10357669,-0.10990091,0.041860152,0.05421552,-0.008918938,-0.016637437,-0.04991007,-0.0407513,-0.02781863,0.09991423,-0.016714249,0.07678338,0.07232984,0.07864382,-0.04737304,-0.11795767,-0.022171099,-0.016232204,0.17063284,0.074563645,-0.07327013,0.050580543,-0.08776503,-0.13160163,-0.020661224,-0.023417879,0.023321936,-0.0178268,-0.07055908,0.0023521725,-0.16460589,0.016069401,0.06429328,0.0138350865,-0.0015382743,-0.050711095,-0.04270613,-0.036666803,-0.10955049,0.0016241721,0.03247013,0.015238079,0.042431176,-0.05150585,-0.02843839,0.087913565,-0.1078277,-0.040259592,-0.012351018,0.024373118,-0.09519427,-0.0133403605,-0.08489917,-0.037689075,0.048768546,0.105344005,-0.09044202,-0.014529155,-0.046489738,-0.07532149,-0.07810532,0.02444506,-0.035495926,0.0030844281,-0.036153857,-0.17762364,0.06663864,-0.021803416,0.1834252,-0.015472347,-0.103014305,-0.018809794,0.02656991,0.0057768235,-0.049848124,-0.08185204,-0.034828898,-0.0041261893,-0.05560516,0.036206566,-0.06107243,-0.06987785,0.07334206,0.009848276,0.04476467,0.08707186,0.07914625,0.036568686,0.006620144
TCGA-E2-A576-01A,-0.012938318,-0.042915862,0.068577394,0.09203177,-0.053216793,0.0017334186,0.001960065,-0.029314572,-0.015960034,0.021155577,0.014973928,0.003342825,0.019354984,0.09107753,0.040814415,-0.037801746,0.067866765,0.11023949,-0.018967504,-0.054782886,-0.014161151,0.058530618,0.0009225007,0.022492286,0.030100202,-0.09079614,-0.0681566,0.025532173,0.07127572,-0.04700052,-0.10252958,0.12133541,0.07009984,-0.15482907,-0.024815463,-0.1239501,-0.042880744,-0.06965787,-0.0724807,-0.002199551,-0.04916032,0.06544312,0.08300154,-0.13000932,-0.01926674,0.047974326,0.075040236,-0.011355987,0.03356572,0.17360167,-0.027086128,0.073108986,-0.038590193,0.026753718,-0.0030790204,-0.019104375,0.07028956,0.06470562,-0.03735397,0.0024056234,0.067042165,0.047069553,-0.087148346,0.049911633,-0.05410628,-0.09106893,0.24257454,-0.08713187,-0.062167414,0.05901511,-0.13213545,0.070582874,-0.009052514,-0.1885058,0.059396554,0.053093914,-0.027494771,-0.0006711741,0.116299525,-0.032303054,0.08039538,-0.10231108,-0.060002755,-0.004574312,-0.00598163,-0.0639095,0.040590554,0.119298145,0.11654091,-0.15628484,0.09759312,0.0076763867,-0.029640079,0.050841454,0.057054956,-0.0035202727,-0.06540186,0.05155994,-0.099158995,0.0037161263,-0.019151747,0.062464725,0.035023715,-0.112824306,-0.05521681,-0.04378573,0.015273405,-0.09781343,0.034103636,0.083315305,0.011826503,-0.06407199,-0.052919976,0.18776873,0.060762264,-0.016291136,0.047909983,-0.06890397,0.025726333,-0.029608201,0.1146659,-0.17633145,0.054829564,0.007900104,0.026141766,0.0037776679,-0.051154125,0.0033657178,0.0037578584,0.0853639,-0.00842046,-0.016219491,-0.11424202,-0.09724535,-0.16132517,-0.027191577,0.0016808398,0.033196993,0.040657952,0.06259163,-0.066130236,-0.11620729,-0.015575705,0.04649998,0.0131132845,-0.022509295,-0.051139772,-0.07000555,-0.037101295,-0.028871212,-0.046229895,0.038816184,0.020773882,0.011015242,-0.060075995,-0.048895817,-0.06996035,-0.09366086,0.0051652584,-0.041695762,0.005677379,-0.029138708,0.048121564,-0.14699903,0.03185515,0.09693454,0.040633284,0.040526997,0.007014919,-0.036295075,-0.016957907,-0.0080678575,0.016674593,0.01743995,0.051151477,-0.08311336,-0.06735104,0.08194946,0.06784878,0.113138236,0.027915122,-0.05022716,0.03623312,0.011330595,0.026423289,-0.20887002,-0.12140964,0.060347877,0.0080296,0.048880793,0.10766036,0.0004638611,-0.08267584,0.027155403,-0.038910907,0.010650536,0.07361101,0.121034175,0.0065134573,-0.039366096
TCGA-BH-A0H6-01A,-0.08032691,0.019768061,0.1156268,0.14464566,-0.050026227,0.09144161,0.01735387,0.019230217,-0.058792315,-0.031999826,0.06660904,-0.11686742,-0.04761881,0.113508575,0.04202145,-0.011458277,-0.020002242,0.08287486,0.0029249515,-0.07629724,-0.15113492,-0.12713657,-0.12361774,-0.029178163,0.035564266,-0.0040056705,-0.2645968,0.06498192,-0.03230018,-0.08203059,0.020645216,0.10521153,-0.12715146,-0.19976185,-0.016603513,-0.06597122,-0.022795588,0.06455036,0.023701845,0.056023102,-0.08542108,0.07762818,0.06348474,-0.0359911,-0.09485967,-0.061973386,-0.00361625,0.06758483,0.019997692,0.072335444,-0.02439146,0.05746392,0.03142296,0.04960277,-0.086702004,0.034817077,0.07799118,-0.012571299,-0.00082882453,0.027879704,0.10541408,0.006589374,-0.03425744,0.11020882,0.004089877,0.03595382,0.13847883,-0.036467817,-0.1662137,-0.013861752,-0.08648692,-0.04070683,-0.046009295,-0.03221834,0.13646638,0.014003426,0.0005035294,0.04897043,0.13512413,-0.0039518722,-0.022498656,-0.03145452,0.04039033,0.08614807,-0.017853629,-0.009313031,0.066435,0.067294724,0.092184715,0.0943994,0.05350667,-0.0484669,0.047408458,0.025435138,0.14496695,0.007871165,-0.067562915,-0.019459471,0.060825933,-0.0277227,-0.008538908,0.097960904,0.085595444,-0.01840248,-0.11707271,0.038816568,0.051987942,-0.06864163,0.08975921,-0.10032004,-0.020337231,-0.14444736,-0.03267623,0.10232425,0.13162732,-0.054908123,-0.02302606,-0.08726777,-0.06431526,0.0072535123,0.0019526675,-0.065474756,0.021929296,-0.018294018,0.076062344,-0.005845594,-0.0019773366,0.056429308,-0.057226866,0.099133715,0.079326704,-0.048796657,-0.05535963,-0.047761828,-0.09514859,0.015251394,0.00337158,-0.076673456,-0.015425034,0.08062149,-0.026098303,-0.11589037,-0.043641,0.049540646,0.083547555,-0.0124312425,-0.048583962,0.025526673,-0.08432794,-0.049038272,-0.031366788,-0.03294387,0.041339573,0.06721374,-0.06812402,0.002303237,0.034387186,-0.06515706,-0.04424299,-0.082155354,-0.05653627,-0.008189191,-0.0456247,-0.12823163,0.045926794,0.025136491,0.012691349,-0.010389087,-0.0021891117,-0.015145197,-0.04222365,-0.12963945,-0.016801026,-0.009499556,-0.008843502,-0.03946912,-0.07175824,-0.007979877,0.037104238,0.12044899,-0.053527504,-0.06516289,-0.07889133,0.037603777,0.023932368,-0.08048178,-0.019529471,-0.12908499,-0.03186458,-0.034584664,0.09722499,-0.029342044,-0.114169024,-0.02763139,-0.028251901,0.07327985,0.043618686,0.112110116,-0.050523747,-0.044602584
TCGA-AR-A1AW-01A,0.04175163,-0.059680577,0.074913315,0.121843584,-0.081035785,0.06783788,-0.032749336,-0.038826115,-0.053934913,0.11009262,-0.078832895,0.055262588,-0.040674236,0.058043953,0.10282711,-0.094030224,0.08742274,0.023487153,-0.029574158,-0.13458022,-0.043939054,-0.055477355,-0.16318487,0.04411939,0.02984746,-0.012694921,-0.03455869,-0.051640097,0.06074241,-0.026731767,-0.11803669,0.01131662,-0.042717714,-0.14836136,-0.028019352,-0.14231129,-0.04329366,-0.0034638846,0.038201902,-0.03416355,-0.02247906,0.018981963,0.08193299,-0.08243191,-0.017279562,0.04112556,-0.00255172,0.07776518,-0.009891607,0.04731068,0.014494628,0.007669576,0.032251798,0.08451983,0.004240225,0.06940962,0.15332446,0.10537917,-0.079468146,-0.0006709861,0.02699293,0.004064914,-0.10863166,0.025962422,-0.060165796,-0.06547716,0.12098195,0.030952785,0.00019641334,0.0005575857,-0.071188055,0.11634395,-0.046648618,-0.1194037,0.0845038,0.0127734495,-0.0042720567,-0.06456895,0.06352987,-0.015876194,-0.060641903,0.048215736,-0.039327983,0.10462193,0.018017057,-0.07033993,0.0032268178,0.07749588,0.08411153,0.002656043,0.00042613377,-0.049538113,0.06957355,0.028322231,0.06666652,-0.059256036,-0.02803413,-0.036371186,0.034307055,-0.1075801,-0.050902713,0.10407175,0.11470248,-0.14452618,0.043320253,0.020387217,-0.015031841,-0.11018258,-0.033218157,0.0045043933,-0.0074154986,-0.009635615,-0.036271103,0.050384838,0.064654484,-0.0345871,0.018085115,-0.009663335,-0.027819145,-0.0082181115,0.07350203,-0.13652731,0.12599456,0.08016771,0.09920875,-0.018599434,-0.005136316,0.047252595,0.04978876,0.1332274,0.14453864,-0.094694644,-0.0062462823,0.03494302,-0.08702308,-0.049201563,-0.047824673,0.010456645,0.013989538,0.0066783493,0.059818663,-0.09450729,0.02944578,-0.050785802,0.07211113,-0.038004313,-0.13611658,-0.0500783,-0.038461734,-0.00641075,0.0023560768,0.029023182,-0.018011397,-0.007653681,-0.108040884,0.05525363,0.121031575,-0.15764378,-0.10361456,-0.028294913,0.016416136,-0.15410668,0.08821141,-0.06902564,-0.0031683329,0.05694157,0.1277659,0.04340865,-0.03047012,-0.0404548,-0.022898674,-0.0668368,0.0561054,-0.03173442,0.041882873,-0.043468144,-0.07683689,0.06405285,0.068771854,0.12821841,-0.024405768,-0.0031709399,-0.19995007,0.05025383,0.042334773,-0.01865564,-0.16061725,-0.0075227516,-0.051006597,0.010718915,0.07914768,-0.039461203,-0.13012077,-0.050731584,0.028209038,0.077818945,0.07927995,0.120793015,-0.012139497,-0.039342985
TCGA-B6-A0WZ-01A,0.036686283,-0.01857029,0.13576673,0.007831505,-0.015681764,0.12887537,0.10169859,-0.02639872,0.0044523594,-0.015523023,0.030057505,-0.042248376,0.07181819,0.0848798,0.057016354,-0.06333126,-0.03226284,0.10179331,0.061554085,-0.11710859,-0.0001547245,-0.059956867,-0.026419686,0.04880406,-0.032971058,-0.035980903,-0.1633009,-0.008570468,-0.08246796,0.008435023,-0.1311794,0.00035275612,-0.107258335,-0.009748193,-0.07106295,-0.14098671,-0.0049573933,0.028948681,0.0029279357,-0.051008824,0.013547793,0.10488402,0.1604764,0.0360142,-0.041397095,0.03707764,0.01649259,0.061132576,0.082976855,0.12120253,0.048210748,0.020418894,0.013276002,0.10993398,0.02074413,0.03017816,0.057589594,0.04831229,0.012424097,-0.010545952,0.05304996,-0.014678565,-0.0824897,0.14618695,0.003956227,0.034566388,0.093796164,-0.05615288,-0.07977124,-0.051127236,-0.05038705,-0.01590833,-0.09795434,-0.20742396,0.06388699,0.016323717,0.043913003,0.1177505,0.08104704,-8.436018e-05,0.044182852,0.00083535304,-0.051751524,0.03222794,-0.02664802,-0.059358872,-0.07274024,0.08330427,0.16062224,-0.014285052,0.040841643,-0.059696052,0.06984021,0.0135355005,0.033389565,-0.054623034,0.01547368,-0.017476674,0.008539379,-0.013064475,0.03056831,0.041802704,0.111006685,-0.10862371,-0.13410005,0.044624344,-0.120843224,-0.15344676,-0.006567539,-0.010461169,-0.069119595,-0.08747183,-0.08651947,0.1480157,0.09056003,-0.046669453,0.0070532914,-0.032972768,-0.0018503348,-0.012137827,0.10870656,-0.034973107,0.18483719,0.088973366,0.08340566,0.025153987,-0.038961515,0.044414844,0.045634862,0.045851603,0.057215463,-0.069901824,-0.0025459393,0.015917791,-0.09474171,-0.05235942,-0.09127995,0.022367802,-0.09322999,-0.052482616,-0.04976051,-0.13920966,-0.025458625,0.05948969,0.022997426,-0.07455595,-0.11938562,-0.07137155,-0.044950742,-0.09250968,-0.018281672,-0.0161282,-0.01780606,0.09187078,0.012185448,0.062254205,0.048566855,-0.021688957,0.018510895,-0.007336542,0.03751555,-0.02976969,-0.015128475,-0.08255847,0.02050517,0.07506853,0.040797934,-0.01816979,-0.043126754,-0.1648774,-0.04348138,-0.025422456,0.07016126,0.02861465,0.07046251,-0.02061681,-0.046681453,0.0764079,0.040062428,0.12372934,0.045458514,0.010222784,-0.08131793,0.020195775,0.09981688,-0.059399232,-0.12332246,-0.049170174,-0.06378039,0.058241416,-0.016115319,-0.052286394,-0.010243246,-0.02317785,-0.07876552,0.11794889,0.110559605,0.070738725,-0.10387097,0.0040840846
TCGA-5T-A9QA-01A,0.029794456,0.07841357,0.1300664,0.12937155,-0.06132865,-0.015203186,-0.026109137,0.04183807,-0.12872013,0.081291124,-0.038221803,0.032989874,-0.059304904,0.18877968,0.066930704,-0.079033725,-0.07662345,0.0022699288,0.027991725,-0.05060744,0.013346246,-0.011394168,-0.08290938,0.053115703,-0.04213308,0.016770286,-0.14077522,-0.06781084,-0.002912183,-0.07313976,-0.033245195,-0.0014568159,0.0090149855,-0.21649262,-0.08476289,-0.106749214,-0.04944609,-0.07448929,-0.064216934,-0.047207303,-0.04769748,0.042747494,0.050553337,-0.002008081,-0.082557395,0.017429875,0.00061804097,0.02347884,0.099091716,0.04681558,0.006179358,0.05912519,0.015902642,0.09848246,-0.033394307,0.019541856,0.070794,0.039084718,-0.028762056,0.039049223,-0.008040864,-0.054436054,-0.05114958,0.08537927,0.0015726878,0.045550838,0.07164354,-0.12856518,-0.12048791,-0.05304992,-0.14299287,0.040973697,0.02129547,-0.2340693,0.054586772,0.055928115,-0.033337988,-0.0030857557,0.113526225,-0.03807691,-0.01799153,-0.064271316,0.033228096,0.038064092,0.0069479654,-0.013567974,-0.02241805,0.074568085,0.14019835,-0.015575706,0.09887706,-0.020861445,0.039644755,0.014575687,0.032879874,-0.027098482,-0.06687654,-0.016183985,-0.00023457588,-0.065254875,0.011722215,0.060992513,-0.024474213,-0.110538505,-0.029822215,-0.080675304,-0.01881484,-0.18647704,0.027142718,0.019952197,0.0048945327,-0.057015687,-0.0033794453,0.06320956,0.11539757,-0.053432688,-0.018401,-0.04554991,-0.044326372,-0.028110497,0.06317543,-0.078476556,0.061307147,0.027752906,0.028979087,0.015378735,-0.10857833,0.06082376,0.03402503,0.042592857,0.07384554,-0.15112586,-0.06539918,-0.09724992,-0.12663299,-0.14269394,-0.13405684,-0.04009322,-0.05488914,0.038695034,-0.0738953,-0.0873569,-0.00463908,-0.024165874,-0.023858024,0.030126791,-0.07455842,-0.124228224,-0.06500233,-0.053362098,0.016607167,-0.01705848,0.034962498,0.0946048,-0.04388898,-0.013561497,-0.0030188053,-0.10307093,-0.07276619,-0.057497043,0.032674942,-0.07353907,-0.015908448,-0.08578602,-0.054093506,0.089535,0.041334633,0.043124445,-0.018716136,-0.060931306,-0.04133854,-0.086898245,0.060124416,-0.02892531,0.017008254,-0.11667819,-0.11200789,0.10452293,0.061231997,0.17783561,-0.056529492,0.013954364,-0.07545928,0.06016374,0.014932452,-0.02401178,-0.1426176,-0.008755158,0.028910473,-0.0014295881,0.054561265,-0.03542002,-0.04643365,-0.05024091,0.08701185,-0.025932524,0.030123174,0.065619655,-0.09349118,-0.008953938
TCGA-BH-A1ET-01A,-0.0128457155,-0.07941146,0.0441373,0.021150412,-0.016999168,0.058884915,0.0025536541,-0.014180456,-0.04254185,0.009663537,0.06690291,-0.060183056,-0.0034236815,0.130671,0.14917618,-0.057080727,0.0626634,0.09947844,0.061065376,-0.0716368,0.10063214,0.018324286,-0.0673999,-0.016577756,-0.045646098,0.07077286,-0.1118623,-0.06840246,0.031481627,0.056147873,-0.016466169,-0.058938522,-0.16483822,-0.108778976,-0.104885586,-0.13854486,0.049256746,0.029639507,-0.02949389,-0.031364307,0.03212289,0.103718534,0.075756155,-0.13964345,-0.056997854,-0.0064408225,0.020407692,-0.08412841,0.010302027,0.08344833,0.052261725,0.09060855,0.014681361,0.17412427,0.024336312,-0.045742445,0.06394694,0.03778414,-0.0781222,0.0036968316,0.016672838,-0.03085532,-0.05751794,0.07661593,0.01923964,-0.08479889,0.11265615,-0.0030624152,-0.0071510077,0.05169624,-0.022526229,0.026996488,-0.038303316,-0.21651898,0.08918502,-0.04260681,-0.07984825,0.03110367,0.011338319,-0.0006577147,0.00646048,-0.09140236,-0.13326378,0.099359006,0.021639062,-0.04980023,0.015730785,0.03292229,0.117153116,-0.06807405,0.10142172,-0.059560344,0.06061497,-0.016683131,0.038197737,-0.09705744,-0.083700374,-0.03421042,0.044134136,0.013596454,-0.009524057,0.09224372,0.019018488,-0.10355625,-0.101632655,0.025457734,-0.09706772,-0.12450067,0.017771006,-0.02100872,-0.093435235,-0.14656448,-0.06940334,0.14616379,0.09408355,-0.019349435,-0.01980737,-0.045989692,-0.026821803,-0.008192479,0.04878334,-0.13516098,0.028888507,0.11129593,0.027618233,0.016669635,-0.05802474,0.017212085,0.004890546,0.052489396,0.15682243,0.009096287,-0.05300727,-0.015221324,-0.1582218,0.046110604,-0.010155108,-0.027090393,-0.03872333,-0.05886975,-0.037417587,-0.101248026,-0.04710594,0.011513557,0.044635504,-0.07195165,-0.12836953,-0.045061775,-0.010588439,0.025225516,-0.023202248,0.016249908,-0.07023958,0.106338486,-0.02435343,0.038134564,0.05717208,-0.047618825,-0.07120846,-0.014935654,-0.06904812,-0.107349396,-0.0515475,-0.12507743,-0.018076604,0.064663015,0.12169975,-0.040463023,-0.023260513,-0.056177344,0.08074805,-0.009521233,0.058905378,0.037663966,0.09494585,-0.0275695,0.010620219,0.05922031,0.18936345,0.08663761,-0.019808225,-0.049212992,0.03517667,-0.0005292513,0.0059025157,-0.013636045,-0.13122739,-0.08823009,0.011178994,-0.014666645,0.12702927,-0.041201305,0.019460509,0.07608265,0.038246438,0.017666876,-0.00376033,-0.0006615576,-0.028270511,-0.013701907
TCGA-BH-A0BM-01A,0.00036971818,-0.012148736,0.14511022,-0.027664438,-0.03157211,0.038940836,0.051279463,-0.07903502,-0.09204438,-0.054926198,-0.0016110792,-0.04220256,-0.04390414,0.10183464,0.0018051428,-0.09491116,0.009944944,0.09110276,0.0109395785,-0.090871066,0.07216949,0.016668823,0.0026512726,0.041396722,0.0004927425,-0.038054314,-0.15943915,-0.056710325,-0.02629202,-0.0711983,-0.058819603,0.017509187,-0.016378736,-0.10544293,-0.014187627,-0.053621344,-0.026275804,0.03718276,-0.0041278615,0.09990044,0.06059838,0.07003674,0.14447248,-0.03994368,0.03378627,0.0429839,0.01464623,0.014024918,0.06610749,0.06935177,0.007976282,-0.029387884,0.014058418,0.107883856,-0.09988958,-0.00094819395,0.13822694,0.030279042,-0.05198894,0.015622659,0.10665951,0.05625721,-0.049377512,0.15958247,-0.025082929,-0.064589456,0.09930234,0.09595795,-0.08482864,0.025073618,-0.11878572,-0.020452075,0.031060897,-0.1544114,0.11801404,0.026649885,0.000701615,0.09480319,0.14551869,-0.05180817,-0.07929515,0.005434087,-0.08735811,-0.041665904,-0.014781266,-0.05992574,0.031429928,0.056108285,0.15656994,-0.099438205,0.109588884,-0.089408085,0.032670863,0.0408736,0.099424526,-0.007649518,0.03316622,-0.053661566,0.06282307,0.007373865,-0.024486879,0.08923917,-0.020825673,-0.07090507,-0.08813021,-0.027598402,-0.07007113,-0.035957135,0.020691289,-0.030837905,-0.081639886,-0.1425042,-0.08235057,0.0016454087,0.10902019,-0.028956676,-0.0011367635,-0.049149837,-0.023206614,-0.020381972,0.105908625,-0.11136473,0.04044791,0.08126616,0.093484215,-0.0061936253,-0.07298345,-0.047150277,-0.0028945603,0.154375,0.07912629,-0.06367617,0.055086713,-0.019390084,-0.12995379,0.030546883,-0.105994746,0.06311002,-0.09518129,-0.0345825,-0.061800975,-0.23535389,-0.01929095,0.02344863,-0.015915697,0.03749753,-0.09938077,-0.006719735,0.018495155,-0.056246858,0.015835188,-0.009093848,0.016192462,0.03491082,-0.09663712,-0.03678738,0.003361645,-0.06852009,-0.079053044,-0.015799709,-0.055651437,-0.0435936,-0.03953907,-0.021974277,0.007121923,-0.045179747,0.14069809,0.09401156,-0.082297795,-0.028997106,0.0016439969,-0.0805727,0.06594483,3.649561e-05,0.04054429,0.01975276,-0.13413076,0.10424098,0.05407685,0.15609398,-0.07771868,-0.0018162283,0.009781,0.12036721,0.009761774,0.03554801,-0.09850814,-0.075707614,-0.023144946,0.0183764,0.034324866,-0.06857958,-0.07900778,0.08239912,-0.061677452,-0.0104706045,0.038459994,0.0846599,-0.025387214,0.01209074
TCGA-AC-A8OQ-01A,-0.045013145,0.006530924,0.077378005,0.029831786,-0.043120366,0.057500307,-0.049898006,0.07894443,-0.09648298,-0.020391585,-0.04892765,0.050041106,0.06268548,0.052388523,0.04243738,-0.19135238,-0.027582824,-0.022053363,0.014199999,-0.019717528,-0.03598033,-0.061632875,-0.09865438,0.03406473,-0.0035828424,0.007832209,-0.0846329,-0.03726286,0.023101686,-0.055783007,-0.10412105,-0.06711931,-0.038454734,-0.18235955,-0.11405352,-0.16978228,-0.018230509,0.007974207,-0.030832512,-0.12247441,-0.03436296,0.05897129,0.17631938,-0.05530568,-0.08164578,0.02784524,0.012921269,0.024197647,0.09662235,0.11567545,0.01708963,0.11270838,0.10531,0.022567073,0.014467802,0.01851682,0.020512395,0.0992602,-0.06468435,0.11081596,0.07353712,0.00512777,-0.082617894,0.11274054,-0.042821735,-0.10799301,0.060781263,-0.021181414,-0.13212058,0.030217169,-0.06971969,0.02964283,-0.053795386,-0.1377437,0.119090095,0.021603508,-0.04421882,0.103538245,0.17390393,0.031074118,-0.02871197,0.015481831,-0.028031614,0.03209676,-0.1007398,-0.11414294,0.06388089,0.050368953,0.086022735,-0.08568641,0.15067877,-0.10848156,0.10984621,0.035406534,0.003869188,-0.0004373571,-0.009398563,-0.09500561,0.1588876,-0.09427533,-0.003212145,0.11321155,-0.11180607,0.0068494966,0.03567073,-0.024950683,-0.017423183,-0.08353805,0.0049879206,-0.03199379,-0.07207268,-0.07070933,-0.040215474,0.091019794,0.06116803,0.042259783,-0.015997496,-0.03181583,-0.05324024,0.010375291,0.16215204,0.010260044,0.043958474,0.016098747,0.016394263,-0.027145043,-0.12647295,0.07220413,0.010902977,0.051073167,0.10211842,-0.10280941,0.0068873153,-0.01104429,-0.06727223,-0.036968183,-0.012006267,-0.033684604,-0.010638026,0.023637297,-0.012777165,-0.1448592,-0.030357039,-0.033751965,0.021187475,0.015096198,-0.07760639,-0.049685962,-0.10193745,-0.06200022,0.057654493,0.020469066,0.050613843,0.02322392,-0.062043592,-0.013547008,0.04924378,0.01022389,-0.15407519,-0.020854738,-0.0042417324,-0.059095934,-0.010296942,-0.09089697,0.0012030639,0.05732666,0.10666489,0.0018346189,-0.01124837,0.013329495,0.021160416,-0.025022766,-0.0053642457,-0.0196058,0.07030115,-0.10404556,-0.08865572,0.14986315,0.0033282752,0.12240746,0.008672085,0.007240632,-0.007518176,0.10614892,-0.023771934,0.016841624,-0.085145205,-0.075332135,-0.024742287,0.0005385515,0.014252944,-0.052884445,-0.026731376,-0.027758127,0.0050933175,0.05598436,0.073323525,0.07977892,-0.07020916,-0.012857104
TCGA-AQ-A1H3-01A,-0.046016384,-0.0044972054,0.03310727,0.069779396,-0.074879855,0.07958927,0.055294916,-0.040610425,0.039431423,-0.035828203,-0.0031133515,-0.01674073,-0.02242197,0.12695241,0.094822966,-0.05790257,0.035628207,0.035820432,-0.008597523,-0.12236472,-0.03181387,0.05091624,0.0012283126,0.05163728,0.008014091,-0.0236632,-0.13798995,-0.057360876,-0.036938217,-0.033442877,-0.052397273,-0.039063204,-0.17007558,-0.05653811,-0.05419198,-0.05890028,0.0021578865,-0.038580164,0.052826904,-0.08594653,-0.025748933,0.039304484,0.1121342,-0.14949507,-0.039431155,0.07614225,-0.0011727905,0.0014872972,0.05260735,0.11272597,0.11792556,0.037787113,-0.047454692,0.19374241,-0.035826515,-0.03754784,0.15295835,0.028615365,-0.020287428,0.05923784,-0.020119607,0.013966107,-0.07156779,0.06782855,-0.038252797,-0.055359833,0.17403015,0.011804783,-0.12966686,-0.03471451,-0.123966955,-0.041658245,0.07382464,-0.1908849,0.10703545,0.005741266,-0.025533812,0.056215342,0.061181296,-0.054394607,0.04878502,-0.0048912265,-0.022132281,-0.026174564,-0.004111999,0.011252544,0.09063491,0.092758924,0.06710609,-0.041874297,0.060418602,-0.098423794,0.056864355,-0.0008052375,0.10437697,-0.10253455,-0.06399089,0.01741892,-0.008750948,-0.055912644,-0.013155303,0.044028435,-0.0090984525,-0.08093776,0.021102116,-0.040629596,0.026701313,-0.15069997,-0.08666653,-0.102628216,0.06775965,-0.103984654,-0.10742116,0.13099135,0.06649254,-0.039424226,-0.022135621,-0.030064516,-0.04897035,-0.07649981,0.1552638,-0.08971597,0.030374257,-0.034687687,0.025728244,0.050704688,-0.025683137,0.046215255,-0.00014821666,0.0348252,-0.0018639379,-0.043678273,-0.0069150045,0.014630419,-0.16003248,-0.0012253984,-0.020615453,-0.010380469,-0.015900712,0.017647753,-0.026191438,-0.20409311,-0.14460286,0.07961026,0.025149517,-0.046231046,-0.09567436,0.1144381,0.004442923,-0.04314534,-0.024086475,-0.009060976,-0.08147945,0.09599686,-0.07899533,0.091048546,0.014806704,-0.057820488,-0.02616616,-0.049516756,0.032110542,-0.06093287,0.03686962,-0.16290529,0.011918138,0.036929596,0.08557962,-0.04401301,0.017091662,-0.12747481,0.055437557,-0.08931565,0.053501196,0.061696887,0.06248388,0.016671676,0.04604761,0.060344394,0.13495971,0.07035566,-0.06514033,-0.093595006,-0.007664086,-0.026394349,0.06803384,-0.03326526,-0.10211073,-0.08214784,-0.049429506,0.026430944,0.018926902,0.044113573,-0.0039495155,0.0056225676,-0.033249777,0.02621095,0.05994273,0.003683713,-0.0034375214,-0.04212959
TCGA-B6-A0RO-01A,0.027893232,-0.0012959944,0.112349845,-0.046609107,-0.024283305,0.09429835,0.06602226,-0.05699095,-0.022760935,-0.0031988204,0.10079587,-0.07198638,0.0053895875,0.15629901,0.12332178,-0.09366833,-0.055664316,0.08849364,0.019931197,-0.055884503,-0.09461443,0.04629372,-0.06229095,-0.003326505,-0.013407014,-0.023913944,-0.11757531,-0.106561504,0.0686347,-0.08490296,-0.00035018774,-0.011440266,-0.098734684,-0.024798503,-0.16586876,-0.07210098,-0.02438631,-0.025217973,-0.063560665,0.06389577,0.018949011,0.10394854,0.16320518,-0.10662528,-0.044582207,0.030529998,-0.019217638,-0.039279,0.027679922,0.066078454,0.14043273,0.02242786,-0.09883169,0.046180706,-0.005535834,-0.05722576,0.02203761,0.04721915,-0.09624688,0.0007079562,0.07891834,0.05539632,-0.0590688,0.02373054,0.026858795,-0.036908492,0.042690124,0.009642277,-0.06420173,-0.06973649,-0.109125055,-0.06457621,-0.0065198103,-0.15838788,0.06976739,0.0007148779,-0.019116715,0.021558946,0.123321675,0.030406537,0.009887288,-0.052761335,-0.094124325,0.035614137,-0.049170595,-0.087981686,-0.02185577,0.13768439,0.06836582,0.0075253625,0.050571427,-0.09497447,0.13817668,0.0057719015,0.074285716,-0.089537665,-0.087260574,-0.021301143,-0.006954499,-0.037656114,0.072457924,0.0052481834,0.03292823,-0.023272378,-0.0061421827,0.047364336,0.009169236,-0.11408399,0.008300289,-0.076438755,-0.100052275,-0.13705453,-0.061238788,0.13171384,0.059130963,-0.09128758,-0.016177835,-0.07798678,0.0073178546,-0.065020934,0.1476919,-0.079123385,0.011399341,-0.021212693,-0.016379511,-0.03222651,-0.069141105,0.030355461,0.00011798388,0.11177041,0.039912455,-0.08755994,-0.12689184,-0.05541021,-0.20541734,-0.05820536,-0.03908277,-0.11032525,-0.019736858,0.07197107,-0.08388452,-0.09818662,0.024421174,-0.019856947,0.036915753,-0.076034814,-0.17425083,0.029649358,-0.15274459,-0.023132723,-0.019265471,-0.035996918,-0.018993875,0.12719119,-0.020085204,0.0028206767,0.059614334,0.06288531,-0.0059046303,-0.022109399,-0.015595946,-0.027290711,0.057172637,-0.050581347,-0.03133339,0.12998554,0.081055686,0.035540964,-0.014204698,0.00821298,-0.003411141,-0.10761575,0.024540745,0.060996506,0.039553523,-0.08952959,-0.041497488,0.030850852,0.019411122,0.114823505,-0.015060172,-0.009058411,-0.06117317,-0.080351986,-0.06387826,-0.0013736994,-0.079232916,0.032090373,-0.07517448,0.0628085,0.03079613,-0.08937717,-0.057739846,0.1077993,-0.055153705,-0.021894809,0.019279897,0.015610509,0.009037752,0.05897525
TCGA-AR-A24O-01A,0.021389943,0.0016397423,0.13173306,-0.009485015,-0.05118779,0.027406324,-0.019993305,0.04306707,-0.08663426,0.023164492,-0.0022612114,-0.029672917,0.0029522853,0.171787,0.12708548,-0.063270524,0.009813051,0.03135255,0.009511497,-0.07125948,-0.09968829,-0.038756017,-0.049112786,0.08225729,0.009002594,-0.071363814,-0.14486288,0.005378376,-0.0020874923,-0.0718761,-0.087670036,0.0044454145,-0.10494382,-0.026196625,-0.091407575,-0.09142885,0.021014517,-0.013027025,-0.04688814,-0.0008354012,-0.08137335,0.055078335,0.10118273,-0.097717516,0.019797467,0.021213138,-0.004009649,-0.0041866037,0.092651494,0.13498597,0.068411924,0.12997171,0.0029702645,0.16485795,0.0030222586,0.06643912,0.12217625,-0.056418546,0.02189357,-0.01655673,0.02028737,-0.056136847,-0.028362019,-0.0010526674,-0.0069586574,-0.02077635,0.038280807,0.038110405,-0.016121553,0.06868622,-0.24299175,-0.0045053153,-0.0761939,-0.19932719,0.01835352,-0.044873316,-0.07933803,0.026360631,0.051808044,-0.066422485,0.13886091,-0.1202037,-0.030978406,0.05969255,-0.11292291,0.0015644205,-0.0049041747,0.04915473,0.09753024,-0.03051806,-0.02521517,-0.105537474,0.14621893,0.007619298,0.008180935,-0.046649344,-0.09977644,0.017558727,-0.05289175,0.004898598,0.02345657,0.1114049,0.047774762,-0.07800651,-0.0393331,-0.08527624,-0.08921098,-0.054366544,0.02105814,-0.050758097,-0.048339117,-0.10837125,0.0020910762,0.03968864,0.07289374,0.012001141,-0.012488449,-0.029520683,-0.044684753,-0.15661398,0.0019078957,-0.08277389,0.06508519,0.12223551,-0.023335857,0.07918309,-0.050575368,0.017425267,0.05530249,0.10522128,0.072406024,-0.096898794,-0.0024508138,-0.09327757,-0.106724106,0.026966352,-0.054352857,-0.09884703,-0.03503632,-0.0054800822,-0.07756435,-0.09119987,-0.10360818,0.0026533718,0.093734,-0.05324292,-0.03829806,-0.017829435,-0.032863278,-0.094567925,-0.06307292,0.0067933956,-0.004858541,0.092519864,-0.012347178,0.06093487,0.013238378,-0.12550429,-0.023733055,-0.00057245704,0.03409737,-0.041212257,-0.020948386,-0.14781743,0.043318793,0.052618377,0.084956765,-0.027295424,-0.0810935,-0.026984768,0.045266762,-0.067581676,0.051579896,0.071419634,0.032687254,-0.07222221,-0.09748027,0.08674819,0.0641343,0.099715404,0.07639209,-0.04169553,0.033463713,0.002917385,0.00809594,-0.15011257,-0.12855959,-0.02179554,0.0060080257,-0.010386569,0.0799387,-0.06596655,-0.040647637,-0.012000135,-0.062002975,0.05860313,0.05421553,-0.023450589,-0.056443986,0.009231273
TCGA-BH-A0DQ-01A,-0.027461486,-0.033982407,0.12503481,-0.05359654,-0.06479113,-0.003319503,0.06750647,-0.08365868,-0.08250746,0.047783054,0.0030940415,0.0148814665,-0.0018995558,0.104997076,0.057038553,-0.02313357,0.058075007,0.03497109,-0.054650467,-0.14001927,-0.060874034,0.028524589,-0.02963171,0.053130675,0.0056324294,-0.016377058,-0.12257154,-0.08004039,0.02860249,-0.11807521,-0.075264744,0.048362006,-0.10138991,-0.124565266,-0.057634674,-0.12934719,-0.03737855,-0.04992643,-0.07476655,-0.016739758,-0.06966378,0.07614782,0.12880021,-0.037396364,0.030988034,0.02493625,0.0360781,0.085616015,0.09354032,0.07609301,0.066599384,0.026354624,0.033556417,0.10552312,-0.012203616,-0.0012157236,0.07657502,0.04160119,0.06908476,0.02187734,0.13350937,0.049053777,-0.068911836,0.11421475,-0.0033575657,-0.095426336,0.16656226,-0.017832337,-0.112652116,-0.006017352,-0.12819655,-0.054101627,-0.031951334,-0.18164624,0.06923267,-0.036698326,-0.08301634,0.018368753,0.017122367,-0.008176167,-0.03843744,0.034387063,-0.08037654,0.039798185,-0.06969017,-0.038282506,0.009087421,0.049090117,0.046816614,0.008920244,0.052248776,-0.046823308,0.11757651,0.02010717,0.14406668,-0.014836989,-0.019212874,-0.0109486,-0.012678565,-0.046541523,0.060070045,0.05000929,0.054738086,-0.035989188,-0.0023783832,-0.03683511,-0.06775249,-0.12965515,0.0076736137,-0.013524423,0.016996797,-0.04454491,-0.076113075,0.067941114,0.078701444,-0.023112297,-0.044203,0.03006763,0.010788135,-0.08173771,0.10513635,-0.10308837,0.024769528,0.05538211,0.010064556,0.0011731762,-0.091678105,-0.036790147,0.07850495,0.088360436,0.052460656,-0.023329869,-0.032496586,-0.012973689,-0.13040964,-0.12130562,-0.15526491,0.0043149595,-0.030116579,-0.031239225,-0.05565067,-0.14451955,0.04208783,0.06821085,0.021312699,0.014340682,-0.14905404,-0.022680895,-0.105205804,-0.09201576,-0.017474612,-0.056720402,0.029899074,0.02436771,-0.06932011,-0.023768354,0.016979871,-0.11652833,-0.022530785,0.0067473357,-0.028574988,-0.05829535,-0.009490713,-0.12977265,-0.035646807,0.08763454,0.12424233,-0.002944512,-0.021155654,-0.064825945,-0.04497901,0.0060155275,-0.033430092,-0.0151062505,0.092859775,-0.0065493444,-0.16976447,0.12475261,0.058951594,0.14508575,-0.054974735,0.091113366,-0.02407183,-0.0059121028,0.07236293,-0.04153983,-0.22389807,0.0572317,0.04393671,0.0044589736,0.0576203,-0.037122793,-0.007216139,-0.0035402898,-0.008722308,-0.005334487,0.08305464,0.1013657,-0.026196474,0.02043221
TCGA-A7-A5ZW-01A,-0.014760976,-0.03529272,0.14407182,0.07870813,-0.09644758,0.0720903,0.005923886,-0.031607095,-0.048249163,0.028915564,-0.005280782,0.018247329,0.025960885,0.14204487,0.14606237,-0.031594824,0.035687085,0.055610903,0.06626756,-0.06856444,-0.07417358,-0.045105677,0.01997839,0.039478764,0.041268438,-0.028981524,-0.12619984,-0.058430567,-0.040390357,-0.006829767,-0.087626606,0.00849802,-0.06488621,-0.115001984,-0.06350251,-0.019571016,-0.06296772,-0.0329098,0.028238224,-0.032720476,-0.0055388063,0.1481541,0.117473096,-0.045906592,0.027960353,0.06749267,0.047158092,0.0012618556,0.13208131,0.048683863,-0.010635737,0.01996955,0.05680052,0.14701064,-0.11234337,0.10003943,0.032994315,-0.068049096,-0.030054586,-0.012675225,-0.029727358,0.02939743,-0.056585558,0.07005181,-0.02546683,-0.034196652,0.11392771,0.04571467,-0.013410942,0.06670363,-0.094361834,0.041733567,-0.03618837,-0.23692375,0.0860232,-0.02486729,-0.028394345,0.06456626,0.046410147,-0.042295396,0.09463537,-0.045654766,-0.034460887,0.017165054,-0.024076678,-0.10321609,-0.05778204,0.099249676,0.059984937,0.018838726,-0.113788985,-0.08531892,0.09955902,0.011063435,0.023002064,-0.04947619,-0.03305516,-0.045849383,0.07237779,-0.02190366,-0.025198914,0.09749988,0.05326683,-0.02255619,-0.07141412,-0.07987818,-0.13675039,-0.045229215,0.0390471,-0.060732983,0.023657866,-0.08553431,-0.077868454,0.121844634,0.0702578,-0.03679455,-0.042527623,-0.05963509,-0.031979475,-0.004072333,0.031090135,-0.09955168,0.09968539,0.10515818,-0.0266783,-0.03456073,-0.05462082,0.06215859,-0.04900939,0.15952331,0.061206814,-0.045063023,-0.13412897,0.01128249,-0.15674827,-0.023393717,-0.095679946,-0.015193525,-0.021468263,0.104868986,0.005048006,-0.083184995,0.0049948245,0.028563533,0.039211843,-0.014844727,-0.1446366,-0.048860066,-0.017811256,-0.051047012,0.04034608,0.045628518,0.003487547,-0.014713663,-0.04314911,-0.024285918,0.0016286268,-0.027370347,-0.113842785,-0.040908217,0.022585811,-0.074859634,0.030775972,-0.15068026,-0.027400939,-0.020274958,0.1148089,0.035556626,0.031162364,-0.065581225,0.100351155,-0.12763494,0.08904088,0.016304985,0.0836369,-0.084029004,-0.042143602,-0.013471671,0.05646787,0.12377653,-0.033386383,-0.015223741,-0.011429773,0.07628373,0.027318342,-0.062654,-0.18819809,-0.038705632,-0.039251503,-0.066629,0.0856395,-0.09376952,-0.07376071,0.04577324,0.013073633,0.034999125,0.11827273,0.035445243,0.010518667,0.05954343
TCGA-A2-A0T0-01A,-0.04365491,-0.04812268,-0.0060108793,0.043466974,-0.055483956,0.09022187,0.0053371857,0.182112,-0.034734517,0.06829256,0.081230335,0.023343034,0.006839747,0.10749191,0.07128447,0.013813211,-0.07165746,0.026107775,0.03753184,-0.11836249,-0.038048137,-0.016529186,-0.055551633,0.12179479,-0.09244351,0.06301633,-0.016985679,-0.09530392,0.041091915,0.04117509,-0.12902124,0.0068560806,-0.013480833,-0.1777249,-0.08225768,-0.053819187,-0.009217683,0.010014685,-0.07360497,-0.0071659046,-0.05259635,-0.0020309763,0.03040773,-0.028304514,-0.03541629,-0.034499995,0.04788056,0.057014633,0.11466534,0.08820385,0.0847188,0.059722222,0.075044714,0.15683785,0.008266981,-0.002892524,0.061597127,0.014303116,-0.094690114,-0.001975107,0.051482312,0.060524218,-0.03376492,0.14238964,-0.0049166647,-0.12558821,0.070876785,-0.04344178,-0.0457544,0.0018191572,-0.119142935,0.017492201,0.004319741,-0.18717305,0.09060336,-0.052442227,-0.006134344,0.027399233,0.09204451,-0.07211229,-0.0489327,-0.07832706,-0.0028218804,0.069753826,-0.003942717,-0.047459964,0.030022163,0.10859571,0.07978629,-0.05458558,-0.0010713399,-0.069869734,0.10622271,0.086753644,0.061875314,0.071769506,-0.08652976,0.0022565555,0.02672538,-0.007878723,0.06978238,0.05942314,-0.15018342,-0.034411617,0.004290716,0.052443422,0.0070249927,-0.04957153,0.11263983,-0.019975208,-0.09869622,-0.049597424,0.024467384,0.1044199,0.0146395685,-0.018071292,-0.046174653,0.067252174,0.013707536,-0.06481218,0.15053569,-0.14231218,0.05019863,-0.041368682,0.011841815,-0.079045266,-0.031701595,0.048479266,-0.0011965234,0.12092559,-0.016961472,-0.12573767,-0.023761094,-0.1191077,-0.16600086,-0.03218878,-0.023442255,-0.039269097,-0.036437158,0.053195387,-0.0063296426,-0.16488653,0.0043731676,0.024909249,-0.043576155,0.104739375,-0.065551326,-0.005549577,-0.048475944,-0.035486568,-0.03855788,0.09341176,-0.018354015,0.058797777,-0.043519698,0.026975758,0.02331128,-0.053275328,-0.1341296,-0.06312097,-0.021289263,-0.054205265,-0.0312354,-0.105062775,-0.048400145,0.11572915,0.12182794,0.030404747,0.035726275,-0.038915552,0.0049755634,-0.17981416,-0.053431638,0.041853733,0.08980523,-0.06398601,-0.1490964,0.02952321,0.007303081,0.10894566,-0.06397972,-0.028990543,-0.057143908,0.03910766,-0.022608524,0.0049474197,-0.06998993,0.0042803474,0.058659106,-0.02907357,0.109703526,-0.0073774876,-0.047274016,0.034220055,-0.008851447,0.026704343,0.110770114,0.021696912,0.0061907773,0.00294659
TCGA-D8-A1XV-01A,-0.020503636,-0.03509396,0.11999348,-0.0104348175,-0.07563821,0.07999497,-0.017210739,-0.024112357,-0.008001656,-0.03879743,-0.015118597,-0.08598034,0.030331474,0.13262622,0.09731428,-0.001537872,0.019894112,0.03286695,0.029003518,-0.12092705,0.034874827,-0.04239407,-0.03839861,0.015118037,-0.0020970004,-0.10741992,-0.16562822,-0.042846374,-0.028898623,-0.07847692,-0.096583754,-0.020665564,-0.0567319,-0.12106356,-0.02786375,-0.0864047,-0.069241114,-0.03652097,-0.017893324,-0.08041478,-0.009453056,-0.012119202,0.080082886,-0.104712114,-0.06541537,0.017423438,0.051028594,0.063042216,0.051373564,0.033499517,0.029567972,0.07377175,0.0057610027,0.12356136,-0.061727155,-0.037017085,0.040696744,-0.06607703,-0.07788364,0.104366794,-0.01302809,0.0256459,-0.09464609,0.04805612,-0.10308827,-0.067847535,0.1357523,0.08556659,-0.048382394,0.0030369186,-0.15977892,0.03917237,-0.046192396,-0.13342617,0.076238744,-0.032841593,0.050346136,-0.005969853,0.16018796,-0.06355376,0.045210052,0.019268302,-0.09359815,0.018928096,-0.09765362,-0.024094218,-0.0010260843,0.032180525,0.10117906,-0.0921665,0.076605305,-0.067035906,0.07307353,0.02952474,0.094900474,-0.0683151,0.017427973,-0.052183066,0.031321354,-0.0383702,-0.0662759,0.07449422,0.040213767,-0.08971915,-0.025283422,-0.026565596,-0.10607175,-0.04949078,-0.02444908,-0.08612791,-0.0027571279,-0.087578654,-0.09476847,0.006846353,0.13311543,0.030181587,-0.027512811,-0.07508665,0.029903708,0.029147262,0.15854467,-0.16620028,0.1665517,0.037006125,0.0042546433,0.012717795,-0.05491746,-0.0714834,-0.033356912,0.16339147,0.10198289,-0.0015717678,0.026305284,-0.051127445,-0.15021174,0.013267821,0.040452212,0.03685991,-0.0073172953,0.049562514,-0.07422498,-0.17249608,-0.060372483,0.030091166,0.08065236,-0.03804663,-0.09836815,0.013017271,0.076323375,0.022218652,0.019273426,-0.0126039265,-0.01919255,-0.02794924,-0.020276021,-0.0020850757,0.086577624,-0.10185157,-0.028111221,0.03122909,0.057055775,-0.008705195,0.022360785,-0.11444064,-0.024993723,-0.013243552,0.042538222,0.024401266,0.04363796,-0.00216005,0.048715193,-0.052466974,-0.022573095,-0.005299262,-0.044379417,-0.06348226,-0.13678157,0.066002786,0.05879388,0.18304232,-0.0096561955,-0.1303528,0.007500003,0.096719265,-0.040887684,-0.046056528,-0.059394784,-0.07411491,-0.07531049,0.049268603,0.010683295,-0.04126139,-0.12373024,0.040208433,-0.016200395,0.04788835,0.096279055,0.10389514,-0.010795096,0.0032336812
TCGA-E2-A1AZ-01A,-0.072363496,-0.08129129,0.046740666,0.025022186,0.02315931,0.037139803,0.006987833,-0.0045089293,-0.08240541,0.031774025,0.039478436,0.019543083,0.031369414,0.05988932,0.040673587,0.009896535,0.08200836,-0.0012607877,0.015512189,-0.09552045,-0.11218493,-0.0915721,-0.073425524,0.0021925925,-0.03909347,0.039659366,-0.06278796,-0.11464585,0.01950763,-0.058689296,-0.040820774,-0.0010779045,-0.09181598,-0.03132151,-0.080344096,-0.15058692,-0.07986178,-0.07592179,-0.014206528,-0.012539344,0.022939246,0.056856323,0.051484272,-0.12831202,-0.038491987,0.06415407,-0.03626841,-0.022337513,0.01964702,0.067497715,0.053814884,-0.026743235,0.041035287,-0.008365053,-0.02565579,0.0491732,0.14026326,0.039557926,-0.0752138,-0.05121565,0.06943051,0.07415296,-0.01618018,0.10473473,-0.083635665,-0.069090344,0.12749943,0.030395482,-0.06570371,-0.090325065,-0.13043998,0.006093897,0.030184446,-0.0995315,0.109381385,0.044905305,-0.025653731,-0.008872475,-0.002579705,0.03510576,0.047713738,-0.085755765,-0.03795297,0.034085378,-0.107804395,0.0023762153,0.04341204,0.090263255,0.07309669,0.023549296,0.07252909,-0.078358866,0.109925784,0.042592205,0.07562322,-0.01725456,-0.10403651,0.02984764,0.040886875,-0.045773897,-0.010782564,0.042707436,0.0723407,-0.048011255,0.09649285,-0.010768962,-0.05891039,-0.016802592,-0.031629905,0.008991244,-0.09648185,-0.095843054,-0.062285725,0.16217206,0.117926784,0.01698362,-0.08808475,-0.045841347,-0.104527965,-0.01011108,0.16225857,-0.034204625,-0.113814496,-0.041744098,0.07394589,0.020159768,-0.044574976,0.12445754,0.022285266,0.13852969,0.1103296,-0.08409631,0.04076134,0.030437414,-0.19670373,-0.08721344,-0.10036104,-0.032219753,-0.012197272,0.09805867,0.0031396332,-0.19260393,0.039796736,0.06324663,0.09945171,-0.03422897,-0.087713316,-0.091534406,-0.029418489,-0.05307327,-0.08428654,0.10660232,-0.095978364,0.008537416,-0.04273193,-0.01068535,0.121785656,-0.068968914,-0.12158403,-0.092227735,-0.0018309223,-0.02766659,0.04764393,-0.10536126,-0.0904511,0.15182398,0.10848463,-0.027586585,-0.059062634,-0.0025282553,0.006466179,-0.023223989,0.001828841,-0.01435262,-0.030033398,0.04743942,-0.025390824,0.10280194,0.02177896,0.06753177,-0.07285739,-0.014910442,-0.04596645,0.06254432,0.035884563,-0.04990951,-0.14656064,0.012769793,0.006441929,0.035106383,0.06982838,-0.030815754,-0.0577023,0.0018032641,0.059845753,-0.100714795,0.048315633,0.07469303,-0.05551825,-0.0031044886
TCGA-A2-A0SY-01A,-0.041082136,-0.04139221,0.07635551,0.04662371,-0.0695254,0.08496546,0.03381758,0.023727965,-0.04538648,-0.012330096,0.04072708,-0.083507486,0.008123605,0.09777901,0.077175,0.024454683,0.022774763,0.03806605,0.041902643,-0.083115466,-0.02458443,-0.05520586,0.024091812,-0.068861894,0.0051724785,-0.05146919,-0.106966354,-0.10307845,0.038218245,-0.056298885,-0.099429116,-0.04771443,-0.09537478,-0.09161672,-0.10881988,-0.07630796,-0.06263137,-0.04421115,-0.047048412,0.08459063,0.0053297635,0.12354091,0.07601008,-0.080698095,-0.0472297,0.012888277,0.03323012,0.085986696,0.010899631,0.075230874,0.045392618,0.06363802,0.061301913,0.09988581,-0.12825999,0.0140288565,0.11473374,-0.030041052,-0.0075442665,0.023688354,-0.079191394,-0.0124876695,-0.063249,0.08338561,-0.015774814,-0.06599732,0.15998144,-0.021205047,-0.06850051,0.042290628,-0.22039254,0.03322031,-0.10824817,-0.14394286,0.036459915,-0.022912525,0.054380532,-0.03924938,0.11149976,-0.10140403,0.104802996,-0.013187258,0.014184332,0.0907308,-0.09101962,-0.052282494,-0.053535827,0.10175079,0.14544947,-0.10381542,0.048502427,-0.12220755,0.054780267,0.034552727,0.14139092,-0.030441744,0.012784992,0.008592443,0.01665958,-0.03461009,0.025011826,0.060335085,-0.05554375,-0.037941724,-0.01824143,0.08143546,-0.05638019,-0.07586512,-0.009007803,-0.1364226,-0.0041925847,-0.1033241,-0.1135383,0.07960237,0.010233987,-0.12197611,0.015855713,-0.041845616,-0.056143586,-0.041534115,0.07854592,-0.11018792,0.026277194,0.11077216,0.02627747,-0.013507677,-0.09571908,0.10044199,-0.043649495,0.11407302,0.05579994,0.07883754,-0.009891402,-0.030496465,-0.11612321,-0.029360855,0.01177381,-0.018792726,-0.08867772,0.032915805,0.005618532,-0.08490013,0.04093253,-0.037594683,0.024816927,-0.020061847,-0.109146714,0.021483885,0.047839727,-0.049509563,-0.07575725,-0.002280696,0.08435263,0.112233415,-0.06822315,-0.008366553,0.0046802056,-0.1398561,-0.100457266,-0.019011334,-0.0093417475,-0.0061084847,-0.03126128,-0.15454693,-0.036732502,0.029349634,0.025935808,0.007059117,0.036049668,-0.07336523,0.026882514,-0.075953424,0.019822946,-0.014739284,-0.020634219,-0.041135497,-0.118148394,0.018723756,0.14917047,0.15413356,0.011425454,-0.0010884902,0.047524445,0.09302962,0.084274314,-0.059274044,-0.10918854,-0.018767666,0.0062223887,0.025803782,0.09844985,0.04661387,-0.09118239,-0.03250698,0.011557556,-0.016371079,0.08323047,-0.007296574,-0.009759934,0.059004802
TCGA-B6-A0IK-01A,-0.09693742,0.0076244357,0.086375505,0.058961764,-0.11848458,0.058649544,0.09416837,-0.02305962,-0.030789975,0.011423011,-0.016772194,0.047307234,-0.063337445,0.07008503,0.054040838,0.05426712,0.018723365,0.009861544,-0.034189984,-0.0911302,-0.04174256,-0.007910798,-0.07664894,0.02384417,0.04643404,-0.02581698,-0.1349704,-0.047331896,0.0036641257,-0.04970001,-0.08645551,-0.071881175,-0.08966714,-0.11250422,-0.10841191,-0.13117547,-0.12543666,-0.05960646,-0.013663344,0.04238033,-0.01717663,0.117578246,0.0037682136,-0.095012106,-0.1017119,-0.022372479,0.031539965,0.079249784,-0.007817669,0.036276594,0.049897227,0.06374423,0.13587141,-0.029065415,-0.08877874,-0.06872452,0.023733439,-0.06603716,-0.072241135,-0.009782087,0.080726,0.032739304,-0.061986625,0.12654178,-0.025107607,-0.054843485,0.10469938,0.045400992,-0.12677623,-0.009930306,-0.15042472,0.013881341,-0.040588338,-0.19420412,0.09890194,-0.021580936,-0.060146388,0.049096942,0.08825475,-0.06995481,0.025744176,-0.024923155,0.04472372,0.032256927,-0.054302946,-0.050987203,-0.020685468,0.03883743,0.06673713,0.015069439,0.085481815,-0.08159902,0.042946115,0.060680017,0.072660565,0.035111,0.00045953548,0.020805346,-0.034767136,-0.089694865,0.023518497,-0.025156224,-0.007829448,-0.099253,-0.06521444,0.0006537739,-0.047409985,0.07298774,0.01103371,0.0031697168,-0.028892277,-0.13730903,-0.04358472,0.06988916,0.030088449,-0.0051372177,-0.013376111,-0.003279702,-0.066847935,-0.0054362887,0.03683757,-0.17244154,0.12360853,-0.052267157,0.036233455,-0.01930599,-0.024540795,0.08065161,-0.025814103,0.12705572,0.08327634,-0.035096012,-0.035429496,-0.13492927,-0.032536644,0.009443928,-0.022969464,-0.03701836,-0.07241724,-0.09016775,-0.017540654,-0.06809692,-0.004322159,-0.002091039,0.073736444,-0.049378254,-0.1736227,-0.10711357,0.03050257,-0.07666963,0.046522755,0.120875455,0.0037497452,0.067269325,-0.11441387,-0.01591324,-0.04396424,-0.15989771,-0.050585106,-0.05782987,0.066245146,-0.036680095,0.0078789545,-0.1831624,-0.05501301,-0.011125164,0.04466125,-0.041075073,-0.048454873,-0.07770051,-0.06845216,-0.08529465,-0.029504161,-0.0027848298,0.057461698,0.01815703,-0.08216009,0.04806024,0.078838766,0.15067242,0.04162281,0.014064725,-0.03995524,0.016034685,0.037311025,-0.083925515,-0.10173533,-0.010899313,0.06732527,0.03674896,0.08722795,-0.031016622,-0.11688863,0.022419427,0.03992127,0.003720013,0.19082063,0.08267909,-0.0055113845,-0.05865187
TCGA-AC-A23H-01A,-0.10596841,0.0038586487,0.10355402,0.026317429,0.06541406,0.007387762,-0.0052030776,0.011032604,0.01840597,0.038207155,0.026387319,-0.09754964,0.0044306642,0.11208546,-0.022249755,-0.04465324,0.08793617,0.027065294,0.091537505,-0.047935452,-0.075100176,0.016798338,-0.023874365,0.014110815,-0.021969294,-0.03140864,-0.12525672,-0.11431328,-0.047266223,-0.1465468,0.05601654,0.008037185,-0.106936246,-0.0031437126,-0.12330992,-0.044462204,0.014458459,-0.022271529,-0.03203465,0.01578206,0.09351893,0.05972826,0.10514333,-0.07541078,0.013562244,0.049516436,-0.0040361863,-0.018180003,0.08192934,0.016162235,0.14157942,-0.006334214,-0.0111021595,0.034394663,-0.10314835,0.011603141,-0.033147734,-0.013431345,-0.042568967,0.07489304,0.0504413,0.02880756,-0.07903568,0.041985538,-0.06058953,-0.0460796,0.14917788,0.011206979,-0.07691879,-0.031516846,-0.09676747,0.049185578,0.040112425,-0.16436979,0.12986888,0.040365636,0.06424345,0.06856681,0.0881185,0.044479027,-0.041853447,0.009168153,-0.006541536,0.0023211762,0.036366485,-0.15380704,0.09316456,0.09274571,0.13628656,-0.07416399,0.0434991,-0.1997134,0.09465384,0.030087618,0.033338323,0.0010034882,-0.017107403,-0.10009911,0.09446642,-0.01011986,0.057623718,0.049372155,0.053594597,-0.08964096,-0.02446875,-0.009650775,-0.03729636,-0.0932854,0.056259014,-0.01988957,0.044127084,-0.11257289,-0.0888209,0.09871459,0.1273132,-0.020333191,0.015688984,-0.010363404,-0.015104267,0.0062217517,0.1424633,-0.10754168,0.046033088,-0.05568135,-0.0037701107,-0.06480953,-0.14032175,0.043705884,0.0021906449,0.09397874,0.17495428,-0.050169434,0.0030155473,-0.08266033,-0.07299962,0.03222404,-0.01986665,-0.034015175,-0.113954596,-0.085421436,0.026187176,-0.08059023,-0.051306922,0.067848206,0.075310044,0.030185852,-0.19613282,-0.03194135,-0.02386931,-0.00096611056,0.020519584,0.037130143,0.08765804,0.07293703,-0.063548766,-0.008868833,0.09690312,-0.058278427,-0.0711118,0.0067672553,0.0003817743,0.003379362,0.0051485547,-0.15274507,0.017600788,0.057091735,0.0674853,0.00063288334,-0.074730314,0.03232788,-0.09669848,0.058293875,0.051921077,0.1362368,0.021320177,0.028274411,-0.030418,0.049082052,0.13548021,0.09371428,-0.104160376,-0.044180863,-0.017636554,0.003993347,0.036344036,-0.037074327,-0.049946025,-0.050802447,-0.0013025131,0.039491747,0.09364729,-0.06799178,-0.055697057,0.046138313,-0.03952838,0.029641395,0.0035699545,0.0835595,-0.062425938,-0.10730244
TCGA-AR-A24U-01A,-0.0035559554,-0.049321085,0.099038206,0.033427857,-0.0051559103,0.056344792,0.10692886,0.074485525,0.00081522804,0.02731503,-0.0026441526,0.042855818,-0.028607866,0.10005427,0.04509046,-0.048660956,-0.006104605,0.109020494,0.100350544,-0.11456863,-0.04372813,-0.018595653,-0.06024777,0.15257052,0.04190523,-0.029275047,-0.079904966,-0.08818069,-0.04729676,-0.10821301,-0.052764893,0.03248722,-0.1056301,-0.036275294,-0.12573639,-0.15514256,-0.06112067,0.020460786,-0.05198593,-0.036250208,0.028809836,0.071869336,0.14300467,-0.041652128,-0.042647783,-0.019988187,0.08769426,0.032954656,0.11472339,0.1436174,-0.030370079,-0.019679291,0.06303503,0.20895186,-0.015240052,0.0928941,0.10042466,0.0067179035,-0.0076894164,0.017742103,0.06724109,0.02123791,-0.07750373,0.019874018,-0.08810544,-0.13113305,0.11086188,0.05888161,-0.06699483,0.053133182,-0.11583663,0.0638546,-0.07219628,-0.1305107,0.11976386,0.043170977,0.030190526,-0.042547226,0.059916258,-0.06401731,0.054307543,-0.033152476,-0.06326287,0.08833357,-0.052350353,-0.041318912,0.026166117,0.15446712,0.121728495,-0.054902475,-0.0016018342,-0.11696496,0.07723853,-0.04534872,0.029797845,-0.064646535,0.027520861,0.04018293,-0.028167957,-0.036425635,0.0568986,0.031219153,0.09826445,-0.06385677,0.079481795,0.014151657,-0.028057197,-0.029149007,0.017613392,0.022787528,-0.06615794,-0.010150193,-0.12013463,0.045716714,0.114278674,-0.016924245,0.02973397,-0.112253495,0.0019425438,-0.055578038,0.08042991,-0.10856445,0.039133616,0.09179727,0.03364357,-0.032502394,-0.035905004,-0.04462795,0.06376865,0.058184396,0.0905017,-0.085730724,0.025995888,0.051197156,-0.21353422,-0.07362063,-0.028777827,-0.0030663915,-0.043372426,-0.08827358,-0.027608987,-0.12744373,-0.044475432,-0.020545345,-0.01751639,-0.024910772,-0.13053925,0.066461526,0.022042256,-0.0054433052,-0.03894566,0.04286816,0.06674871,0.072072834,-0.066901155,0.070915155,0.06954784,-0.062332097,-0.090828605,0.006686467,-0.01833862,-0.04507249,0.035663426,-0.10789074,-0.025995998,0.027082564,-0.0013500322,0.02079292,-0.036748428,-0.08946096,0.046771117,-0.09277888,0.011565595,0.045454238,0.04367831,-0.08819786,-0.07771268,0.053560637,0.03790903,0.106096424,0.013370368,-0.029258694,-0.02364152,-0.019085977,0.07287109,-0.14769286,-0.0690812,-0.06218496,-0.041457187,0.036846545,-0.0073276386,-0.06795412,-0.07860407,0.029097281,-0.009537344,0.022770386,0.13362204,-0.049943812,-0.017307796,0.05082859
TCGA-D8-A27R-01A,-0.03562646,-0.032077532,0.11298141,0.029364912,-0.017288012,-0.012648627,-0.070559405,0.07378179,0.0045631733,-0.016845739,-0.062254366,0.05903643,-0.05586289,0.18038051,0.056333512,-0.0048337667,0.06358399,0.013710386,-0.025575735,-0.16252428,0.03781198,0.0035298883,-0.020693336,0.11447237,-0.042311393,0.039366506,-0.15478218,-0.05159141,0.1617686,-0.15713973,0.030062865,0.10901281,-0.12460793,-0.13469438,-0.118675485,-0.03050507,-0.068425514,0.00043711488,-0.010298477,-0.009493085,0.03992676,0.023908846,0.036544215,0.00042208703,-0.078864545,-0.04242824,0.10072204,0.06843913,0.10612136,0.051220022,0.044013478,0.033557415,-0.0024649717,0.08348722,0.013107843,-0.019908627,0.068115324,0.009669088,-0.029590419,0.15833803,0.091064095,0.026065206,-0.114815556,0.13245155,-0.05779613,-0.048663903,0.13160534,0.022325719,-0.02660183,0.043883603,-0.09936383,-0.042436212,0.020861063,-0.10228268,0.048832428,0.094072774,-0.071504764,0.019967481,0.040613525,0.032565925,0.023616288,0.083905324,0.05688758,0.1376178,-0.12989804,-0.08727973,0.057078432,0.059415575,0.035295986,-0.094854526,0.04460543,-0.066793874,0.08338479,0.07628804,0.010936835,-0.033747442,-0.095403604,0.03181032,-0.06975612,-0.08077095,0.008359681,0.012012731,0.04336301,-0.0020090386,0.04653461,0.04525604,-0.05871637,-0.17707871,-0.010614273,0.066862844,-0.06391579,0.0047359443,-0.04571882,0.09775268,0.10968715,-0.03983746,0.02698699,-0.051179882,-0.015643394,0.04071133,0.19620143,-0.06266581,0.07665003,0.014980731,-0.019653393,0.032529123,-0.049631424,-0.02652643,-0.068897985,0.10207678,0.090547994,-0.05575864,0.06453992,-0.085635014,-0.16516621,-0.091276675,-0.03881309,0.002086515,-0.11108202,0.08379835,-0.021358492,-0.13154335,-0.04023728,-0.012869517,-0.014893643,-0.057173528,-0.05033607,0.012665973,-0.009541733,-0.027688863,0.06336055,-0.024739744,0.00046338676,0.017467737,-0.07129575,0.04596419,0.03527862,-0.035873704,-0.06259178,-0.06467464,-0.0785455,-0.061225794,-0.06755166,-0.1180671,-0.012617507,0.033828013,0.10340399,0.04223388,-0.12812403,-0.015421376,-0.061620753,-0.02389205,0.042355735,0.030622622,0.051410407,0.014615595,-0.042327773,0.12336,0.124827735,0.085885294,-0.056483723,0.008250982,-0.06876704,-0.030136952,-0.014310474,-0.08370575,-0.087493666,-0.035914224,-0.032870732,-0.047546957,0.049212653,-0.047184855,-0.04188299,0.05589042,0.03027741,0.009633097,-0.041918837,-0.0008243673,-0.051712815,-0.033793032
TCGA-A2-A0YM-01A,-0.09387776,-0.027104877,0.18079172,0.08334961,-0.014587358,0.048774894,-0.027381862,0.025712285,-0.071509846,0.02764268,0.025943613,-0.068894796,-0.002044512,0.126058,0.026503485,-0.071693376,0.07131056,0.036638476,0.025094494,-0.112685435,-0.007942237,0.00055743573,-0.02237915,0.08785294,-0.039495453,-0.088767424,-0.118386164,0.029910164,-0.020628212,-0.075180046,0.059055932,-0.07161525,-0.09592838,-0.1508317,-0.10026918,-0.15899368,-0.058370113,0.015282444,-0.047764137,0.028288957,-0.019202901,0.097025186,0.10951885,-0.06531012,-0.064455025,-0.026098013,-0.024201468,0.090727545,0.06846468,0.038107783,0.025683358,0.048148774,0.12105095,0.05522591,-0.04566418,0.101379454,0.13836238,-0.064470924,-0.027241088,0.060997147,0.10537104,0.03525797,-0.09383307,0.08282596,-0.022399344,-0.023733329,0.2001085,-0.004373557,-0.12168344,0.06844474,-0.10438191,0.033221286,0.046441264,-0.107696004,0.09015745,-0.020147374,-0.041299745,-0.022591325,0.055542443,-0.028882254,0.00797511,-0.018283967,-0.017587738,0.054418143,0.027211914,-0.12172152,0.022377342,0.06947435,0.019347247,0.011637319,0.07976705,-0.10291879,-0.0047464734,0.0061752996,0.056955226,0.035630476,-0.10391366,-0.021886013,0.09370445,-0.10189893,-0.05805606,0.05468928,-0.09515633,0.0080841845,-0.06990269,-0.012532052,0.03465921,-0.046425603,0.052188884,-0.025612736,-0.033172645,-0.12431557,-0.08018796,-0.03337228,0.18674684,-0.055310253,0.08422625,0.01951976,-0.07692486,0.02378869,0.109587364,-0.09157101,0.089542545,-0.03921906,0.04482342,-0.012610181,-0.024694148,0.019794945,-0.13248071,0.19173269,0.13153721,-0.07838376,-0.10731447,-0.092786044,-0.12130989,0.04172048,0.0063033877,-0.010988494,-0.100664064,0.044659015,0.02382648,-0.12782678,0.035831638,0.044129465,0.0539215,0.024086384,-0.115759745,0.0015714329,-0.056072537,0.048740152,0.05179313,0.010594806,0.07228661,0.009904411,-0.05640668,0.07451413,0.1127356,-0.08112872,-0.037432905,-0.035890568,-0.06888356,0.0011214043,0.033441022,-0.05013602,-0.047764804,-0.010636201,0.07714233,0.004950539,0.05187395,0.029273909,-0.050217018,-0.034565564,0.026086537,-0.021847386,0.036678083,-0.03309565,-0.008193112,0.00094172463,0.07416433,0.07439484,-0.048607342,-0.14643162,-0.027525978,0.00025045325,-0.029112728,-0.04989951,-0.053033415,-0.08366107,0.032622926,0.0054063746,0.05806719,-0.05371639,-0.036323495,-0.074024245,-0.0005860443,0.06470883,0.065372206,0.0541371,-0.11646913,-0.0070222155
TCGA-E9-A1R4-01A,-0.040674236,-0.005528863,0.057293337,0.14176065,0.04610139,0.07618083,0.023362873,0.0058447123,-0.025404463,0.079811275,-0.03754265,0.050536215,0.040013533,0.21927145,0.066230446,-0.08761034,-0.026148362,0.07221738,0.08938413,-0.13470215,-0.06763077,-0.0525224,-0.014999467,0.07273608,0.07140686,0.013279896,-0.12611526,-0.06073705,0.0669567,0.018992253,-0.065355755,0.026354855,-0.07404961,-0.102823265,-0.05332504,-0.094856255,-0.03324465,0.03463994,-0.055901874,0.0371428,0.004913515,0.07614283,0.09334795,-0.07063534,-0.053355254,-0.11451206,0.025488343,0.04562084,0.059080534,0.08290785,0.080322005,0.03871743,0.053997077,0.006163347,-0.08139041,0.070832506,0.06571264,-0.03147087,-0.038128402,0.12054126,0.05116604,0.004120855,-0.051470734,0.09807105,-0.026443295,-0.011177511,0.1571425,0.023592519,-0.15034412,-0.0016501477,-0.07059081,0.052195873,-0.03213818,-0.09963297,0.12576643,0.048157066,0.030615771,0.07928947,0.14564942,-0.06653016,-0.085994706,-0.021192767,0.040354677,0.023844177,0.03387255,-0.12016112,-0.014721606,0.12491376,0.14705293,-0.0388608,0.047804963,-0.07900726,-0.042646892,0.057143204,0.061905626,-0.067944966,-0.0006563647,-0.07280539,0.06640553,-0.09188703,0.07168495,0.1145463,0.06231856,-0.056729067,0.019416407,0.06978977,-0.028332505,-0.07404624,-0.054399494,-0.0024254299,0.04276144,-0.018678531,-0.11772576,0.13499498,0.038464416,-0.06583334,0.06331146,-0.086227596,-0.14215507,-0.009869465,0.06877172,-0.048927076,0.022775516,-0.07798506,0.05706656,-0.04530676,-0.061498363,0.09724842,-0.11585228,0.070145,0.08540788,-0.0362383,0.027644964,-0.055575937,-0.096835785,0.032352153,-0.09688408,-0.016762562,-0.015564002,-0.049858667,-0.045118537,-0.12950662,-0.09430189,-0.015661791,-0.0039424207,-0.029752225,-0.10222264,-0.0070581376,0.010588077,0.055630725,0.04199299,-0.023768026,0.074784465,0.053588085,0.007856475,0.06410774,-0.028106222,-0.04279961,-0.04048175,-0.11905625,-0.02059712,-0.051581234,0.028489538,-0.048133235,-0.025406472,0.012484168,0.038280398,0.0661853,-0.049280014,-0.026843205,0.0001384571,-0.06271452,0.021298196,0.071876444,0.10247895,-0.021571474,-0.046764225,0.044415712,0.092503935,0.16998123,0.062054627,-0.023405142,-0.073455356,0.0028115008,0.08197639,-0.12681288,-0.11637486,-0.10705525,0.06817432,0.074054025,0.032847047,-0.028332302,-0.10806024,-0.022308765,0.026934505,-0.040356353,0.052035335,0.09780188,-0.024403801,-0.016889635
TCGA-E9-A1RH-01A,0.0848588,0.011387916,0.10011782,0.03949283,-0.034010705,0.12403933,6.07686e-05,0.042963937,-0.112875566,0.03187182,0.05542978,0.043094266,-0.009303821,0.15008812,-0.012464364,-0.027471162,-0.050550684,0.0032922816,0.0343707,-0.114793785,-0.10662417,-0.077531174,-0.08161102,0.11680869,-0.017893553,-0.018365322,-0.10054824,-0.06383377,-0.04954423,-0.09691851,-0.061876252,-0.04608053,-0.06491335,-0.0740076,-0.05681472,-0.037131496,-0.060686942,-0.056443717,-0.002732783,-0.028269136,-0.047142923,0.06718565,0.08571498,0.034442667,-0.06862349,-0.058604006,0.084891215,0.044455156,0.107190154,0.11336811,0.08892751,0.08069451,0.09778251,-0.025667958,-0.017314767,0.059551857,0.041163865,-0.013846555,-0.051606968,0.06670976,0.056216013,-0.101540744,-0.023904888,0.044191316,0.013039122,-0.016942952,0.11119311,-0.038122356,-0.054579116,0.015174321,-0.109265365,0.033841245,-0.0053065335,-0.15918949,0.040562686,0.010251626,0.03518417,0.027369963,0.16095331,0.05164783,-0.009034568,-0.0737337,0.0015115076,0.07422317,0.042149045,-0.10821936,-0.016595941,0.17510489,0.099965975,-0.048051137,0.05833629,-0.08867961,0.09634658,0.040639274,0.040047783,-0.03827196,-0.04378521,-0.032386035,0.051026035,-0.04078544,-0.038800772,0.030930744,0.11258951,-0.09261113,-0.026469002,-0.021109935,0.012994124,-0.1354809,0.034012992,0.039536662,-0.036890693,-0.018514398,-0.08904266,0.10120822,0.10217353,-0.019266415,-0.020610726,-0.14286453,-0.07919953,-0.020763196,0.12667893,-0.10513742,0.09450804,-0.010686318,-0.023246579,0.06467628,-0.04550632,0.08411484,-0.0084214965,0.120530844,0.15558906,-0.08355751,-0.04537153,-0.16976655,-0.08600037,0.06451489,-0.034144647,-0.05495695,0.048809394,0.028650101,-0.06403398,-0.08625111,-0.050596718,0.054685567,-0.016402917,-0.03846933,-0.1539221,0.0034112923,-0.02163401,-0.034497112,0.026771506,0.0023426353,-0.018007996,-0.01616678,0.027770491,0.07020124,0.06912808,0.0074157803,0.024956211,-0.03634951,-0.035746317,0.07026302,0.020299798,-0.119568504,-0.05558386,-0.025319222,0.07588824,0.05166914,-0.064871326,0.066823244,-0.08052734,-0.19750062,0.00021933565,0.10114571,0.025717013,-0.07408358,-0.0191445,0.012834364,0.06020233,0.116952516,-0.027310198,-0.11990827,-0.090971835,0.027805306,0.010156557,-0.051153827,-0.07876807,-0.03680077,-0.019156015,0.009139805,0.09555095,-0.035284534,-0.09084923,-0.008095798,-0.06672559,0.040881597,0.054118443,0.120482944,-0.06986141,-0.029696478
TCGA-E2-A1BD-01A,-0.06613166,0.09170523,0.12143287,-0.0025247482,-0.019120779,0.05670074,0.028004956,0.08295379,-0.04948481,0.013381583,-0.011172348,0.014937794,0.07290521,0.1591855,0.1293759,-0.013358727,0.083358355,0.07620197,-0.048710857,-0.07558621,-0.05763446,0.005968013,-0.07978039,0.04853704,-0.0037706534,0.042649575,-0.15583168,0.033429023,-0.16617143,-0.06223378,-0.00978839,-0.022511818,-0.08918168,-0.20492028,-0.0847722,-0.13669355,-0.026022913,0.09414351,0.058486167,0.06514041,0.013163473,0.0019416929,0.13107564,-0.016943123,-0.014287956,-0.025821349,0.0013122837,0.021314,0.04180758,0.05379016,0.052072316,-0.00042478862,0.03355433,0.15938114,-0.05127585,-0.042596236,0.05145647,0.04568249,-0.0745371,0.01278575,0.00798687,0.022475438,-0.0753952,0.08128444,-0.047936134,0.010089486,0.1466695,0.0067389295,-0.061217338,0.045983963,-0.05588257,0.062600784,-0.009717228,-0.11598491,0.07868994,-0.029283827,-0.05809623,0.08762467,0.0643012,-0.008467075,-0.032435145,-0.039825685,0.025566608,0.057702925,0.054179363,-0.06185282,-0.007392392,0.117939696,0.10828909,-0.003573169,0.07109824,-0.0847969,-0.006947289,0.09934482,0.05587204,-0.10804503,-0.14451742,-0.026982056,0.13887888,-0.118040085,0.09526679,0.069082394,-0.050846595,-0.18130018,-0.062202398,0.025795555,-0.045462728,-0.06820604,0.036998425,0.04980141,0.056147885,-0.08065625,-0.05421993,0.113155164,0.10109422,0.013200024,-0.048396148,-0.030738242,-0.046764474,0.06119889,0.03662867,-0.07748162,0.02062834,-0.13149251,0.0561765,-0.041167025,-0.035470553,0.061517272,-0.008353929,0.098886564,0.07141124,-0.014247971,0.029087761,-0.0745004,-0.14856598,0.012155074,-0.042814143,-0.15956922,-0.020911992,0.0071485313,-0.035207592,-0.119394034,-0.022371957,0.085487,0.020458153,-0.034996036,-0.06963023,-0.09404416,-0.06878318,-0.032633137,-0.043761343,-0.11656497,0.056508806,0.049010634,-0.057685755,0.014969233,-0.020311076,-0.04234722,-0.08880056,-0.08452526,0.03760892,-0.07864718,-0.02359929,-0.060468912,-0.031200795,0.06036155,0.024409093,0.04692565,0.05817,-0.0017121695,0.11704071,-0.05014922,0.0076499716,0.013699128,0.077855326,-0.04684643,-0.061229024,0.061092585,0.107129544,0.10283652,-0.01595722,0.02000497,-0.01668911,0.020724274,-0.038612906,-0.0077176713,-0.06457019,-0.01782626,-0.026259914,0.048913717,0.06290493,-0.115912706,0.005762456,0.062765755,-0.045430537,-0.04249948,0.06770439,0.10723027,-0.08279268,0.058608875
TCGA-EW-A1J2-01A,-0.05975758,-0.0803399,0.100743726,-0.018326657,-0.030797854,0.022374075,-0.003060464,-0.014569809,-0.11865412,-0.013424895,-0.043174297,-0.0725054,-0.007824913,0.14518972,0.13465643,0.009886682,0.0035728435,0.06952702,0.04607116,-0.09090673,0.07132389,-0.028930211,-0.061519805,0.09166353,-0.04682067,0.01986124,-0.054843478,-0.06214388,0.028119748,-0.028499965,-0.06294191,-0.07774984,-0.016082538,-0.14891045,-0.068754114,-0.14388976,-0.0005796935,-0.01392844,-0.058294676,-0.0004148946,0.0014302069,0.015632361,0.025541771,-0.14916737,0.013329789,-0.05148799,0.0037003257,-0.040713746,0.14518267,0.12987033,0.053292256,-0.08365021,0.028656907,0.08837792,-0.05899365,0.033119347,0.0362996,-0.11277292,-0.001670074,0.08513132,-0.013150085,0.01465887,-0.06316824,0.0830747,-0.026636675,0.06314574,0.12292549,0.025794748,-0.043678313,-0.03778675,-0.14719953,0.04033163,0.036873676,-0.15915975,0.024677265,-0.05932248,-0.03100426,0.050813258,0.07293973,-0.031426005,0.05911917,-0.11522315,-0.03554636,0.029753987,-0.00684381,-0.03338618,-0.032491054,0.07727188,0.13622734,-0.061578363,0.0056065717,-0.085197695,0.03747558,-0.006311854,0.115631334,0.002381533,0.0034683766,-0.019487618,0.062002875,-0.06598734,-0.035529982,0.036224812,0.03684931,-0.011327964,-0.006146845,-0.019905137,-0.16201968,-0.034510747,0.0066175824,-0.113678664,0.0059286323,-0.14407311,-0.085120514,0.15057263,0.14274001,-0.03387731,-0.059722766,-0.08503937,0.06463369,0.07041282,0.03978073,-0.12532197,-0.009170133,0.15273213,0.038909886,-0.054669194,-0.027869608,0.12911858,0.045841027,0.05938453,0.15440723,-0.10177073,-0.0128003415,0.045218933,-0.15498266,-0.00048499444,-0.036005445,-0.031012025,0.011947497,0.049815632,0.0021021469,-0.14209324,-0.11717021,0.06460176,0.042526796,-0.06656655,-0.052332994,0.016748352,0.045955032,-0.06511013,-0.0017955849,0.027755521,0.001647317,0.052326705,0.06041014,0.064443335,0.017046468,-0.0375984,-0.10281344,-0.015390137,-0.077757895,-0.03371094,-0.045628436,-0.06724656,-0.020904167,-0.04566907,0.06543142,0.0076486436,-0.014509555,-0.08321767,-0.004207365,-0.064018555,0.0059501133,-0.01574839,0.04292951,-0.021502217,-0.0659518,0.09606339,0.10006551,0.23031135,-0.04748566,-0.079968564,-0.10083154,0.058949616,-0.02386741,0.008719723,-0.08557142,-0.04243917,-0.07116924,0.012540221,0.13099273,0.025850752,-0.022408701,-0.04669889,0.038356632,-0.0014758417,0.041708518,0.0280381,-0.029978992,0.0072912057
TCGA-AR-A2LO-01A,-0.019895041,0.012530258,0.10269716,0.059266087,0.006720809,0.09692872,0.10426962,-0.027528016,-0.098012954,-0.014520454,0.027780565,-0.02795444,0.007348491,0.09062047,0.06591947,-0.0828408,0.043203507,0.077258475,-0.09233535,-0.094822094,-0.07950371,-0.100867905,-0.034604143,0.056382917,0.073943,0.022185994,-0.10454276,-0.078570075,-0.052249566,-0.03897655,-0.060531832,0.019242845,-0.07602813,-0.06339747,-0.09907088,-0.13705362,-0.033090487,-0.027526956,-0.034697454,-0.074927054,0.07824803,0.06108826,0.11206093,-0.08722127,0.08609168,-0.063255936,0.005806761,0.06108793,0.07322608,0.073998995,0.107111536,-0.045100678,0.015518056,0.083929844,-0.05417176,-0.027181312,0.10929717,0.0123039335,-0.062239565,0.016390892,0.036418688,-0.0015531209,-0.0910793,0.13602607,0.0243239,-0.0347964,0.07990272,-0.024027396,-0.083600335,0.033826713,-0.040046528,0.009161461,0.058110423,-0.14927278,0.050745618,0.0018253153,-0.0059015164,0.033722572,0.11643867,-0.09696136,0.0140997665,-0.028581928,-0.007364916,-0.0013657896,0.059201263,-0.14225487,-0.042128034,0.13025577,0.106263585,-0.1111702,0.012879903,-0.062016454,0.030303719,0.08116465,0.059928164,-0.13901992,-0.019508382,-0.025390109,0.03432661,-0.14609109,0.107726514,-0.07164972,0.05470255,-0.07019959,-0.010212404,0.0026731414,-0.04541705,-0.06476379,-0.022889085,-0.048413124,-0.023508152,-0.0937742,-0.09138888,0.066750735,0.1822722,-0.0016073094,0.039650302,-0.10499355,0.00051158277,0.028500788,0.044429023,-0.13014732,-0.070302695,-0.033579104,-0.0056621106,0.012205254,-0.088070974,0.052045748,0.03827958,0.08898052,0.1246865,-0.086691186,0.0068752426,-0.113527834,-0.15805541,0.016803904,-0.117556944,-0.026321745,-0.039728317,-0.045905396,-0.046124075,-0.23476978,0.10302711,0.095558695,0.05113335,-0.01247422,-0.14224313,-0.03189558,-0.009953037,-0.030466879,-0.020714695,0.047335453,-0.074551836,0.007255224,-0.025034877,0.04413905,-0.046316378,-0.041326452,-0.053668693,0.03391681,-0.062051676,0.04697528,0.03774693,-0.13028228,-0.02853798,0.017120466,0.027776308,-0.0011220389,-0.015930206,-0.027456297,0.03703349,-0.05386265,0.0005478733,0.003910897,0.10165516,0.061086632,-0.014723865,0.019705476,0.064736195,-0.0047109984,-0.08252697,-0.004542821,-0.040554557,0.016766312,0.13719709,-0.023020398,-0.09814821,-0.0021340242,-0.035356924,0.047732063,0.11277703,0.0436367,0.041789006,-0.013649445,-0.06294808,0.0101339705,0.13143685,0.0697477,-0.052032243,0.051309165
TCGA-AN-A0XN-01A,-0.10645569,0.03685737,0.07359378,0.062912814,0.07220613,0.0076770005,0.04055539,-0.006512562,-0.045427207,-0.05342419,0.0032127267,-0.0048317877,0.04456224,0.108254276,0.11998774,-0.064908065,-0.011988684,0.086681284,0.060115777,-0.042799894,-0.058727276,-0.072382145,-0.09262063,0.0193523,0.053896356,-0.16181085,-0.049602535,-0.06687922,0.08236973,-0.054041095,-0.024550168,0.024266561,-0.0040007974,-0.11284679,-0.06719736,-0.15925191,-0.03472078,0.021987453,-0.044642646,-0.039084874,-0.015641196,0.0949956,0.08028573,-0.057100754,0.0064537735,-0.038404807,0.013977581,0.060554035,0.12785472,0.07875253,0.038083553,-0.0309236,0.0040143263,0.038685314,-0.067030385,0.049466573,0.054912034,-0.0665622,-0.0030939153,0.009354561,0.12551259,0.024314784,-0.057131886,0.1187997,-0.108392656,-0.021111073,0.08534265,0.06870665,-0.037460394,-0.06361291,-0.11865354,0.03091591,0.023161875,-0.14652048,0.06962484,-0.031054724,0.020451095,0.07551955,0.18215191,0.009527314,-0.048155136,-0.026706958,0.01191573,0.0026374024,-0.0048719244,-0.08790332,0.08704515,0.06432428,0.13180816,-0.1146538,0.03499876,-0.07874925,0.100728765,0.08088201,0.0842825,0.052018628,-0.12397396,-0.07873099,0.0592997,-0.0519408,0.004438463,0.03743197,0.012723749,0.05209199,0.00849376,0.030119995,0.03420274,-0.08532816,0.038423482,-0.0020611247,0.02578306,-0.058737624,-0.049509212,0.11982483,0.18953057,-0.04858995,0.013861465,-0.06538188,-0.088586695,-0.15684421,0.14839537,-0.1291284,-0.062258866,-0.011527231,0.07464102,-0.038283356,-0.13495755,0.086077325,0.055207398,0.08062252,0.15049908,-0.08177176,-0.060935788,0.02381536,-0.14203066,-0.016652092,-0.054361116,0.0016613367,-0.07456361,0.046879765,0.0009751221,-0.1368435,0.06727515,0.083918914,0.04127788,-0.02122038,-0.10020575,-0.021965778,-0.04972766,-0.020974683,0.032358672,-0.049172204,0.025956219,0.059741277,-0.05014298,0.030208217,0.04317465,0.046436425,-0.10055184,0.019849764,-0.05699579,-0.044301834,-0.03995766,-0.080896884,-0.020003188,-0.033292744,0.00016512471,0.02921877,-0.053243414,-0.0003130568,-0.10444779,-0.046514604,0.04518083,0.08215426,0.03386812,0.013043304,-0.08950232,0.09344894,-0.0050629955,0.18692121,-0.021839676,-0.03854334,-0.12742838,0.04870361,-0.04754285,0.03608773,-0.008750425,-0.0027207562,0.038041327,0.09209543,0.013143204,9.124623e-05,0.027589163,0.049246203,0.010887985,0.101994015,0.06452384,0.019461079,-0.0600654,-0.015322366
TCGA-B6-A1KI-01A,-0.032143537,-0.004315561,0.09228947,0.0064324955,0.00032694844,0.05323783,0.005440445,0.04336617,-0.04617498,0.027144114,-0.019487273,-0.04045059,0.021699034,0.056482244,0.082833864,-0.057957288,-0.0036314696,-0.014227835,0.030355595,-0.1375495,0.044457294,0.0086433925,-0.07054181,0.10499909,-0.008281317,-0.10355641,-0.14859301,-0.0025019387,0.025555648,0.012070228,-0.024520304,-0.03875257,-0.08538198,-0.18213536,-0.05339789,-0.20547819,-0.05929397,0.005671156,-0.08053606,-0.041970212,0.01734548,0.085891746,0.09711688,-0.028081838,-0.04133629,-0.07109116,-0.031731877,0.07715151,0.014851906,0.046256196,0.038426857,0.023072967,-0.015805688,0.07713644,-0.025868822,0.034194313,0.061674006,-0.09827029,-0.06949285,0.027990261,0.0007849768,0.00040326713,0.0020607684,0.08249687,-0.09186997,0.016186839,0.24198024,-0.040506985,-0.14316413,0.02733461,-0.084352516,0.089904964,-0.029315861,-0.0846921,0.03551792,-0.018144114,-0.023910876,0.034019507,0.16199535,-0.08460184,-0.017834106,-0.068779774,0.020259717,0.055103343,-0.008783095,-0.05329064,0.08635379,0.082390666,0.13145296,-0.061323788,0.09030804,-0.123130836,0.10795744,0.07792884,0.17067742,-0.014411505,-0.09710422,0.089556694,0.0732856,-0.06175221,-0.09535774,0.054388084,-0.05835882,0.00015134466,0.009872304,0.017407985,0.0024079226,-0.057645738,0.013029045,-0.0014769443,-0.02239004,-0.045214523,-0.078143895,0.11311118,0.13426481,-0.015669918,0.0030144418,-0.09624409,-0.037045255,0.026340114,0.12316699,-0.063992515,0.018684424,-0.02461624,0.025209628,-0.035081945,-0.08231007,0.040813252,-0.014032353,0.0562219,0.12279386,-0.058229834,-0.037589103,-0.03511506,-0.13974157,-0.020113664,-0.06932547,-0.09855755,-0.054813765,0.033773147,-0.020489112,-0.043532427,-0.014016405,-0.0687005,0.027499788,0.015653366,-0.09003596,-0.0526814,-0.06738136,-0.051676665,-0.0071539497,-0.053809837,0.037191257,0.100791715,-0.05895581,-0.019452702,0.1185762,-0.0036472,-0.11833028,-0.09649913,0.053561915,-0.053992752,-0.010503328,-0.123759255,-0.05288382,0.08871182,-0.0147438105,0.00312656,-0.015644941,-0.0031924043,0.019076258,0.011156578,0.0036381527,0.051773727,0.046954054,-0.15637133,-0.080151744,0.08488118,0.13105685,0.14956623,-0.010561604,-0.061077915,-0.078569934,0.01668162,-0.041401286,-0.06260494,-0.1571436,0.038861647,0.022609906,0.07246836,-0.0022947283,-0.10186073,-0.044487968,0.027567873,0.00813133,-0.0409906,0.082829624,0.02319148,0.0007853405,-0.018400703
TCGA-LL-A6FP-01A,0.03614608,-0.068777636,0.051563136,0.049698263,-0.09266138,0.020779619,-0.03218071,0.075753674,-0.040607054,0.08286591,-0.023275761,-0.04166893,-0.048489854,0.21844931,0.1301143,-0.06572505,-0.06404671,0.03528207,0.032201745,-0.014173115,-0.094268166,0.006642831,-0.10377054,0.1050163,-0.09055175,0.047670316,-0.08804313,-0.030186564,0.06740259,-0.060716204,0.03163249,0.018772064,-0.102149874,-0.10987049,-0.07284197,-0.120109424,-0.054929473,-0.053647894,-0.06752466,-0.022747237,-0.047879737,0.0492805,0.017086085,-0.03119461,-0.05820155,-0.010591081,-0.012964579,0.06931711,-0.035050202,0.06785713,0.0008095653,-0.0003941714,0.0480213,-0.039025407,-0.041144054,-0.019789476,0.05254279,0.011415525,-0.046416577,0.00490409,0.09947904,0.04745981,-0.13486588,0.029959664,-0.004088304,-0.06653043,0.15778865,0.06563196,-0.11846735,0.0017999555,-0.12551591,0.10370316,-0.11288352,-0.15151916,0.050160296,0.03219798,-0.059306476,0.015031944,0.022608554,0.062719814,0.007635681,-0.113896996,-0.020543963,0.046861183,-0.067597575,0.008639168,-0.016592912,-0.043877967,0.075627305,0.040382344,0.077624924,-0.053080488,0.055606063,0.082572505,0.10380049,-0.03304171,-0.13540758,-0.0142106,-0.037961885,-0.11511469,-0.06660141,0.020360341,0.024733646,-0.014775525,-0.031532973,-0.070432305,0.0038548338,-0.07986789,0.0935684,-0.045935873,-0.010314476,-0.087799184,-0.120345965,0.114403635,0.09829686,-0.050788533,-0.06606706,-0.07582142,-0.01820848,-0.017602509,0.08401779,-0.11270804,0.031043097,0.010654055,-0.005754894,-0.015916234,-0.07859974,0.18234791,0.027007744,0.07495303,0.09048605,-0.036567006,-0.009332569,-0.12835577,-0.105185136,-0.06644599,-0.050602276,0.005938751,0.03324334,-0.09087679,-0.063635565,-0.13768032,-0.05582927,0.045892257,-0.017362924,-0.10078559,-0.094654076,-0.011994259,-0.08776486,-0.035305545,-0.013469029,0.104477115,0.033892658,0.051153366,-0.0670005,0.00518036,0.022328228,-0.0850155,-0.059350453,-0.019260153,0.025074864,-0.069745846,0.02950497,-0.12238559,-0.035099093,0.051675126,0.06052634,0.049205337,-0.0805355,-0.03562799,0.014240168,-0.10166875,0.01175115,-0.016316492,-0.027722869,-0.08498417,-0.08862652,0.103352495,0.12703657,0.20034213,-0.055359125,0.042087607,-0.055931967,0.0006749034,-0.04365307,0.0017662414,-0.02568575,-0.0052885613,-0.0071434984,0.029405525,0.06919484,-0.058079477,-0.103453256,0.028738432,0.045236234,0.07549898,0.026953217,0.12496732,0.09855108,-0.024620062
TCGA-AR-A0TT-01A,-0.0020551318,0.010486585,0.032778762,0.08394437,-0.011277476,0.013766851,0.0063733766,-0.028842539,0.051987857,0.013802869,0.05533252,-0.066707425,-0.048419148,0.12038711,0.03749926,0.020532828,0.09055592,0.046396058,-0.02757154,-0.12479529,-0.007501737,-0.03119169,-0.06403597,0.0030098567,-0.0041983174,-0.049802292,-0.16198307,-0.046927225,0.04060219,-0.07381265,-0.009469544,-0.025178274,-0.1406927,-0.0588809,-0.11049307,-0.14732018,-0.019970287,0.030769756,0.009288834,-0.0134292,-0.003984861,0.03752497,0.11218852,-0.12284896,0.023742316,0.050767582,0.017888632,-0.0733084,0.032256387,0.08544699,0.048745457,0.069240704,-0.016590973,0.0018710656,0.0006088831,-0.108363,0.11742001,0.026357576,-0.08440937,0.018611763,-0.019610878,-0.026877467,-0.07423287,0.041449074,-0.09460036,0.018662196,0.14929637,0.044209402,0.0068597044,0.0011290383,-0.17725809,0.01886866,0.11953206,-0.1446223,0.16757311,0.059156336,-0.020795656,0.04725496,0.08332663,-0.011809224,0.04753607,-0.06345084,-0.053793605,-0.0143927215,-0.106416464,-0.04578957,0.017304134,0.124441065,0.09259015,-0.10085893,0.088455185,-0.10104252,0.014717711,0.047799945,0.12915072,-0.10593974,-0.066562586,0.095003895,0.033811156,-0.038808048,-0.021887705,0.025951022,0.08730103,-0.05547452,-0.10910469,-0.09179391,-0.076085456,-0.03615143,0.0068245446,-0.080644034,0.05018652,-0.056397934,-0.14552571,0.15432066,0.039672665,-0.03807316,-0.053890858,-0.033194378,0.01564136,-0.089607164,0.01786552,-0.14997368,0.018091701,-0.027297614,-0.014803198,-0.05374391,-0.061133876,0.03287696,-0.03380748,0.09970631,0.07432256,-0.12860477,0.008096821,-0.025784135,-0.11371034,0.022598594,-0.03288099,-0.021816308,-0.043089304,-0.021131255,-0.04795438,-0.11544738,-0.016683415,-0.0031548662,0.06321523,0.02377069,-0.14250825,0.038430415,-0.06619104,0.0430629,-0.048417274,0.06624374,-0.0066120885,0.0316888,-0.0010046506,0.10142846,0.033129133,-0.011892669,-0.007427703,-0.040877968,0.01949663,-0.0010334753,0.037531976,-0.15268922,0.03277416,0.07106409,0.13743019,-0.0012480203,-0.029844211,-0.061478417,-0.03810382,-0.0034038562,0.0515817,0.0665502,0.03214843,-0.04611167,0.073744,0.026423525,0.19298187,0.10555821,-0.085405886,-0.0161685,-0.035833992,0.079272166,0.10206158,-0.05817714,-0.12349646,-0.066265844,-0.057999,0.078857824,0.08266084,0.039185353,-0.03852998,-0.0034772046,0.031166587,0.042812582,0.035794068,0.10273836,0.0054637734,-0.06741144
TCGA-BH-A0H9-01A,0.039276235,0.104318984,0.15239507,0.03675464,0.0024086973,0.0017917724,0.005277514,0.036324494,-0.09370161,-0.030891657,0.0018555541,-0.02732328,-0.04026946,0.16301376,0.07068898,-0.042740226,0.00013471484,0.074658275,-0.05205622,-0.07717425,-0.0338721,-0.06778721,-0.075262934,0.013208112,-0.04513508,0.0427133,-0.05847308,-0.06842663,-0.07138794,-0.099373125,-0.022475978,-0.118771054,-0.1445248,-0.15625425,-0.058528014,-0.16364278,-0.021208204,-0.112448364,-0.024785185,-0.009216576,-0.011339801,0.020792563,0.036758576,-0.12669607,0.033087727,-0.031248415,-0.05731318,0.105818234,0.08767575,0.11569745,0.03939983,0.085200645,-0.018709218,0.053288564,-0.08918138,-0.03235918,0.050804943,0.014737466,-0.071572,0.001493201,0.06167493,-0.046583794,-0.09993144,0.07255187,-0.033733256,0.0027057605,0.06303576,-0.021871405,-0.11370448,-0.06984021,-0.083407514,-0.08883518,-0.037116848,-0.22587012,-0.006973791,-0.07405775,-0.059556197,0.07952002,0.13854788,-0.030818703,-0.034507833,0.02044869,0.044164177,-0.025475303,0.05179914,-0.035746273,-0.04282292,-0.015929285,0.07156856,-0.050116535,0.013935758,-0.12739727,0.045814004,0.019594764,0.028447157,-0.040367827,-0.08523743,0.010890268,0.036962178,-0.009843458,0.02403586,0.10457483,-0.044349853,-0.05957943,-0.07478874,-0.051942162,-0.113290526,-0.117880896,-0.019145172,-0.041371636,-0.09159842,-0.15304609,-0.060598556,0.042171814,0.0739228,-0.0089823585,-0.08973295,0.054782454,-0.04051592,-0.024202956,0.13021564,-0.14427456,0.071136415,-0.007905423,0.0017320995,0.10743176,-0.10721089,0.08913627,0.06367147,0.08713508,0.1446298,-0.07983001,0.0023846978,-0.016371505,-0.06556602,-0.043211397,-0.08897428,-0.03876868,-0.031901307,-0.032341853,0.016802061,-0.11292091,-0.023373643,0.11589667,0.13275658,-0.044261426,-0.0673345,-0.049244326,-0.07324091,-0.065488674,-0.06291588,0.028804278,0.041302413,0.014154829,-0.0751128,0.048198674,0.08854312,-0.076758295,-0.055661034,-0.042332485,-0.015042232,-0.055465184,0.022674918,-0.13193965,-0.034601383,0.05270228,-0.003312541,0.05344502,0.044206116,-0.028758535,0.0055278344,-0.13971308,0.004737178,-0.04542451,0.05118729,-0.04634387,-0.089726135,0.111915156,0.055489432,0.06717823,-0.026750477,-0.017885668,-0.104204796,0.12382144,0.026084024,0.021788966,-0.04344721,-0.05730352,-0.021668386,0.0020757725,0.04211978,-0.09466416,-0.035470854,-0.04728335,-0.017826559,0.0153211905,0.04064394,0.0427295,-0.059654523,-0.02725073
TCGA-E9-A1QZ-01A,-0.08776553,-0.07689692,0.010982755,0.04837452,-0.10187811,-0.03182485,0.008622129,-0.08403918,-0.050030712,0.05138837,-0.03352688,-0.0363046,0.0075332667,0.19904965,0.19351543,-0.039480872,0.06393992,0.057025902,-0.048707735,-0.10546364,-0.011566803,-0.053099643,-0.041151702,0.15828937,-0.0073962375,0.02339935,-0.110235386,-0.015492585,-0.041135654,-0.060915805,-0.12898852,0.07252289,-0.03433618,-0.10654579,-0.060475677,-0.041476887,0.009808421,-0.064672165,-0.031791218,-0.009223592,-0.056368362,0.039773453,0.10046883,0.0046575256,0.0076106736,-0.04600408,0.038499895,-0.04264799,-0.031673722,0.025961956,0.09328776,0.090452924,0.08280657,0.030711204,-0.016495842,0.069774196,0.044656936,-0.019728126,0.026641892,0.023320364,0.012775353,-0.0024253714,-0.09868076,0.11812971,-0.0054470217,0.04306337,0.10752453,-0.054171044,-0.04272433,-0.0027516067,-0.16485174,0.10592964,-0.007926182,-0.23813306,0.113053046,-0.09666449,-0.035417035,0.05096024,0.10665333,-0.11852043,0.0169865,-0.022451252,-0.023398774,0.05553994,-0.0030481785,-0.09220409,-0.05558747,0.066237964,0.08981016,-0.0047886074,0.06608361,-0.010739218,0.058072817,-0.029887345,-0.0014152483,-0.02912575,-0.07213975,-0.11173245,0.06401837,-0.02427713,-0.034558613,0.07668544,-0.009522433,-0.10194778,-0.051909972,-0.018615233,-0.011610546,-0.04171487,0.060115695,-0.025060393,-0.02954373,-0.120295174,-0.045910362,0.11235437,0.04804383,0.04838215,-0.027368378,-0.060876995,-0.037355352,-0.14397283,0.06716121,-0.1209455,-0.02053881,0.05832526,0.12177577,-0.051474232,-0.029856311,0.056945637,0.024676254,0.16052859,0.06673061,-0.058756493,0.00904878,-0.0704263,-0.14214431,0.0005945457,-0.06917831,0.007973429,-0.029037472,0.019572362,-0.05020594,-0.05461902,0.006305452,0.02825562,-0.0035715825,0.020331109,-0.17710818,-0.084752075,-0.12515049,-0.002381395,0.08787619,0.014389234,-0.015921654,0.060117368,-0.029170297,-0.0056129056,0.008632008,-0.04879839,-0.05918054,-0.035003074,0.04812465,0.018956402,0.029498681,-0.082444765,-0.02931774,0.11064991,0.037638273,-0.007874132,0.061840437,-0.02185983,0.018077044,-0.0215316,0.00959739,-0.013359649,0.0705438,-0.03551422,-0.08332637,0.0034069275,0.0011348967,0.2064406,0.02012662,-0.055852868,0.06842549,0.003200318,0.084510595,-0.07748259,-0.08677921,-0.008840073,-0.04796373,0.035503082,0.19104765,-0.108096614,-0.023726257,-0.053200867,0.02010249,-0.025387239,0.06057214,0.07856905,-0.009291306,-0.012898916
TCGA-E9-A226-01A,0.016848477,-0.013306173,0.12885925,0.023686107,0.020196289,0.0109469695,0.021465752,0.008247588,0.043509133,-0.023128552,-0.021793056,-0.06418334,-0.019795302,0.1318936,0.08327062,-0.051562186,0.09891238,0.06747063,-0.03469364,-0.11203106,-0.048179504,-0.12639545,-0.009160926,0.06783028,-0.031617187,-0.029338706,-0.16614291,0.008330331,-0.046395108,0.0035248003,-0.07673119,0.0445675,-0.08490392,-0.041000184,-0.06886041,-0.11024287,-0.043075237,-0.057530224,-0.1277803,-0.0038363491,0.027105348,0.119824134,0.0026070669,-0.09637813,-0.056117088,-0.092911124,0.04515416,-0.017151471,-0.0007628121,0.09110378,0.06720999,0.117853664,-0.0066778534,0.12126181,-0.022853484,-0.060348313,0.032110147,0.027485073,-0.033709817,0.09476578,0.06461818,-0.053705227,-0.020873427,0.121826686,-0.037312385,-0.089691475,0.088812016,0.0032421013,0.027362168,0.020447163,-0.14671734,0.045459364,0.049191415,-0.18321094,0.14818005,0.0014253956,-0.025342753,0.010667017,0.06443718,-0.060538713,0.060140844,-0.074927755,-0.069757216,-0.034165997,-0.09903609,-0.0920519,0.025448916,0.08796224,0.10270728,-0.042023126,-0.0014685855,-0.038515385,0.016795242,0.05142924,0.10578951,-0.12087218,-0.1310304,-0.069494724,0.009120081,-0.101088084,0.04800702,-0.05664282,0.018465007,-0.087021075,0.0278919,-0.02365875,-0.020104498,-0.13196602,-0.00046330626,-0.001994428,-0.05387231,-0.09729393,-0.0769953,0.046523828,0.04069581,-0.07454195,-0.006978854,-0.008193638,-0.081854984,-0.011142771,0.061573423,-0.090263195,0.067481525,0.06397914,0.05653545,0.028076814,-0.14983988,-0.047889642,0.0498292,0.22375803,0.008545226,-0.058150508,-0.05367381,-0.037621584,-0.13763241,-0.012521483,-0.15532355,-0.10143368,-0.052792452,0.021650948,-0.019598957,-0.18847385,0.1273603,0.08874422,0.030996652,0.0031231383,-0.12037073,0.0053751837,-0.026755374,-0.048383687,-0.01271091,-0.028532635,0.027372908,0.04678666,0.040267307,0.03226037,0.07387709,-0.10913395,0.02552239,-0.038774982,0.0013629971,0.054120705,0.08355464,-0.14620076,-0.041750737,0.031001676,0.0128537705,0.03955035,0.05723036,-0.031246824,-0.05433565,-0.05676626,0.049432576,0.05961846,0.04892388,-0.060842924,-0.047230393,0.064940326,-0.00067886786,0.12830304,-0.013254056,0.013018378,0.004785881,-0.054686025,0.02694248,0.036375016,-0.05943319,0.03627514,0.011397393,0.03472564,0.07028045,-0.04929227,0.029629301,-0.0059761796,-0.0009282243,0.051391084,0.10352591,0.04022765,0.08702339,-0.05855331
TCGA-A2-A1FV-01A,0.018700669,-0.053581346,0.15049648,0.12380954,-0.085755415,0.016298624,-0.034762636,0.01477158,-0.061534263,0.01438794,-0.026092367,0.0045992527,-0.042200074,0.2002314,0.08614227,-0.047800265,0.036733784,-0.015333031,-0.047492232,-0.036427297,-0.010376671,-0.01730473,-0.017875092,0.08723367,-0.008228499,-0.060531724,-0.13875297,-0.02318227,-0.0062478706,-0.05319731,-0.023915667,0.049545195,-0.088318355,-0.122849286,-0.08714444,-0.049258612,0.0130001055,-0.09201972,-0.016969379,-0.04185878,-0.03275723,0.05309396,0.028708326,-0.019980425,0.011488078,-0.13190097,-0.008948661,0.0037625502,0.1034392,0.07611811,0.00906039,0.03298025,0.07858145,0.030344736,-0.042083208,-0.010042593,-0.014627367,-0.042052943,-0.02678236,0.02662611,-0.019014155,0.023274198,-0.08234017,0.10128551,-0.00015557527,-0.0016759515,0.0970694,-0.011059737,-0.12464212,-0.057609487,-0.093101874,0.005497712,-0.045482308,-0.15710233,0.09787025,-0.08152966,0.047865316,-0.012118169,0.15074457,0.02946133,-0.010952788,-0.05075575,0.030326786,0.056825723,0.029017786,-0.06909158,-0.04562718,0.057022844,0.101108536,-0.054727465,0.038396448,-0.07382167,0.00018677328,0.081307255,0.12248571,-0.07765104,-0.058068622,-0.10637096,0.033180095,-0.052984886,-0.10141875,0.021709194,0.041989353,-0.08954422,-0.0033818353,-0.032615975,0.0023173825,-0.08526221,-0.024237862,-0.040492617,-0.07868506,-0.12407607,-0.07279447,0.035089444,0.0665076,-0.08613874,-0.028691031,-0.028852733,-0.013749277,0.039001733,0.10752636,-0.083875164,0.072677776,0.033179987,-0.04882491,0.0011640125,-0.033594318,-0.023330886,0.03531168,0.11176088,0.06925614,-0.08113979,0.06463564,-0.044010684,-0.15829495,-0.036516514,-0.09017492,-0.108837776,0.05653348,-0.0081688585,0.08403103,-0.17883524,-0.0054524452,0.10519686,-0.07702037,0.0077604116,-0.069297224,0.005536294,0.005952861,-0.082641535,0.116222106,0.043956053,0.037332725,0.029959792,-0.043045197,0.09671281,-0.008559736,-0.1604209,-0.065451585,-0.009341244,0.086750135,0.028521476,-0.05652428,-0.12975967,-0.075967,-0.006018909,0.033862013,0.015819699,0.087109774,-0.017908037,-0.050494634,-0.21179712,-0.08432863,-0.0777794,0.042508848,-0.059208408,-0.12164204,0.030512445,0.043147214,0.20685564,-0.058036685,-0.048566777,0.016185414,0.06757673,0.059441134,0.008393985,-0.10341564,-0.10516928,-0.0017404142,0.017857937,0.017527448,-0.03889458,-0.043236736,0.03672261,-0.054867942,0.08239859,0.032117296,0.11077918,-0.015778499,0.017599102
TCGA-A1-A0SG-01A,0.020178683,-0.028868487,0.10480287,0.14088923,0.03399033,0.017498286,0.06008379,0.017872518,0.021737473,0.10995914,-0.08274427,-0.0039759786,0.01789057,0.1514431,0.14953125,-0.045311064,0.014177466,0.21221115,-0.027719885,-0.09642804,0.06925095,-0.0644506,-0.12496909,0.0033657667,-0.0034979035,0.029363373,-0.08771629,-0.05647906,0.030549157,-0.07818926,-0.13252704,0.046434645,-0.12612547,-0.09791738,0.00515272,-0.060335457,0.059664,0.026753323,0.01166174,-0.048331577,-0.0031716875,0.08129536,0.05899343,-0.016358625,-0.06973813,-0.0027326741,0.055171322,0.080393925,0.007017344,0.076180406,0.064973444,0.07550691,0.10826145,0.018536665,-0.090799645,0.023856351,0.05265339,-0.011517958,-0.030648306,0.068798386,0.049509544,-0.013374397,-0.17138022,0.09474973,0.003504238,0.010150416,0.06667607,-0.029472565,-0.14209777,-0.05654859,-0.09126757,0.018070757,-0.019360786,-0.18773966,0.11077758,0.05208683,0.027317751,0.0146338865,0.09998454,-0.06362731,0.005034055,-0.022859698,-0.052782744,0.030647215,0.005028724,-0.07189026,-0.100590676,0.12780231,0.15191096,-0.0047563864,0.109243155,-0.061110977,0.025489822,0.0002854501,0.09938481,-0.07584867,-0.009342047,-0.06072796,0.01843849,-0.037799574,-0.025210224,0.10286455,0.036493752,-0.05272885,0.045342743,0.0436192,-0.025408434,-0.10622663,0.0014178382,0.050336916,-0.047555782,-0.1630129,-0.13869567,0.085819766,0.0685752,-0.09155088,0.02924409,-0.040025555,-0.00068820186,-0.0038555183,0.11070925,-0.04819634,0.08495505,0.05893557,0.06140958,-0.02642368,-0.029657425,0.069709904,-0.013074525,0.03607717,0.057423774,0.01822277,-0.057301216,-0.043455545,-0.08245086,-0.06845697,-0.08812606,-0.009801058,-0.0033735975,0.017958881,0.0038383324,-0.12826233,-0.035670623,-0.013098737,-0.011522933,0.03173912,-0.05097447,-0.07003828,-0.09148918,-0.038289998,-0.016026255,-0.0016377581,0.01936253,0.03132261,-0.051406857,0.063801065,0.012579288,-0.13185754,-0.0790679,-0.04716937,0.008429165,-0.04071179,0.013968393,-0.08629465,0.1218702,0.04521285,0.019826522,0.01774604,-0.081878014,-0.07928739,0.029150553,-0.008542038,0.030237125,0.011697079,0.09113708,0.02420727,-0.09874464,0.07514758,0.00089185423,0.15472536,0.0013898668,-0.027295515,-0.070869595,-0.007846133,0.20924753,-0.0660327,-0.08617175,-0.063132755,-0.11260856,-0.053304806,0.03811118,-0.032457694,-0.020730011,0.021684578,0.011365791,0.052153017,-0.018386506,0.1014574,0.032735594,0.024861742
TCGA-D8-A1JP-01A,0.042994246,-0.071175024,0.08918334,-0.03336718,0.008090481,0.040356882,-0.05498231,0.029479729,-0.049865406,-0.006531778,0.09631468,-0.05472172,-0.0073231882,0.15018979,-0.00997161,0.026198551,0.046032183,0.040633373,-0.047159553,-0.10659612,-0.047211368,-0.082988806,-0.06550865,0.055250917,-0.086672254,-0.016373971,-0.17565124,-0.029103067,-0.03837078,-0.00090526324,-0.046598844,-0.033595905,-0.16062178,-0.0850753,-0.18236797,-0.19757915,0.0033518476,-0.04982309,-0.06008831,-0.06640031,-0.065743335,-0.03843849,0.0023500475,-0.059680022,-0.04439057,0.03814544,-0.04597217,0.08065693,-0.038190745,0.08958767,0.0022784541,0.15362252,0.008994828,0.18327358,-0.010757374,-0.08256605,0.10604958,0.046231687,-0.120390065,-0.024177874,0.06711429,-0.030176017,-0.034079224,0.049000327,-0.037104085,-0.013748163,0.08927884,-0.035259098,-0.10537021,-0.054048337,-0.12767613,-0.01506879,-0.014857624,-0.114714354,0.034802746,-0.024059687,-0.030774556,-0.013365306,0.11688148,0.018448947,-0.04980674,0.0029090026,0.03201748,0.05206902,-0.054441083,0.031525627,-0.006897506,0.014061951,0.19002528,-0.037386507,0.08036534,-0.027774768,-0.014082952,0.023003785,0.045205217,-0.026043361,-0.06788015,0.03812462,0.051257033,0.0030867117,-0.05890387,0.021439712,0.07272333,-0.061110865,-0.06746061,-0.015605504,-0.11989001,-0.08483522,0.031145172,0.021858275,-0.05283781,-0.1380944,-0.033234704,0.10188653,0.14234404,-0.0075773443,-0.10058578,-0.04408984,-0.001800356,0.11366527,0.13366698,-0.13591523,0.10592367,0.012339586,0.08934538,0.011301762,-0.009754442,0.029060502,-0.020584434,0.15394613,0.06388184,-0.018423263,0.007966594,-0.04480719,-0.1474054,-0.04040447,-0.056082916,-0.06953683,0.033678483,0.03090301,-0.015976036,-0.13520297,0.027811604,0.018751867,0.12181719,-0.011542248,-0.031688984,-0.05949445,-0.08013215,-0.0053182347,-0.0064327535,-0.00030061952,-0.0329279,0.0023062336,-0.0066371006,0.045040682,0.07615983,-0.0036986857,-0.029505346,-0.046526767,-0.07350548,-0.078954436,0.047864407,-0.16289586,-0.017769642,0.13603532,0.10062158,-0.02103674,-0.06732236,0.01405267,-0.089124314,0.0063429256,0.014284987,0.0095222555,0.036909547,-0.015354257,-0.0077203065,0.01907125,0.058885306,0.037720155,0.004343805,-0.16087651,-0.102690704,0.07175781,0.0033306316,-0.1187625,-0.062866636,-0.05218985,-0.032509577,0.006761266,0.09588766,-0.013655677,-0.033010326,0.023488406,0.0681716,-0.030056028,-0.006311464,0.047875457,-0.054391038,-0.042504504
TCGA-EW-A2FV-01A,-0.03110572,-0.006884428,0.110316254,0.071207285,0.08662442,0.042782243,0.053992968,-0.018061817,-0.049685985,0.05016092,0.0306393,-0.040060163,0.027372848,0.17831141,0.062817186,0.052032225,0.060352787,0.096942395,-0.023470322,-0.10018023,-0.050503887,0.0038025838,-0.073619634,-0.03268438,0.039967585,-0.050994433,-0.12600546,-0.072513714,0.021076486,-0.071544565,-0.08521664,0.048770443,-0.122927696,-0.035145644,-0.068458095,-0.17214684,0.025647834,-0.030800719,-0.012507664,-0.022785677,0.041860696,0.07939463,0.030543013,-0.02607518,-0.016376797,-0.12489735,0.07504023,0.058323145,0.039919235,0.11110433,0.016684778,0.09807856,0.048307154,0.096283026,-0.1043951,-0.042558644,0.08483963,0.010484277,-0.11647028,0.07435982,0.033904172,0.10548246,-0.097570464,0.051414054,-0.01746602,-0.050466817,0.13077584,0.033966403,-0.11455215,-0.016477449,-0.027569713,-0.015942572,-0.0017392079,-0.096019916,0.07303564,0.006350963,-0.009777036,0.07918357,0.0742259,-0.007038465,0.022177076,-0.12547739,0.03833571,0.06180429,0.0015874124,-0.08093398,0.06249074,0.078163035,0.047097452,0.011926239,0.060032215,-0.117741555,0.03457211,0.10521411,0.10276581,-0.013065684,-0.07588166,-0.015021505,0.068359666,-0.11331447,-0.033316802,0.09979778,0.090489894,-0.015125146,0.12974255,0.050737835,-0.035680767,-0.08314829,0.0075997678,0.0036751146,-0.08305686,-0.06487894,-0.081465945,0.110990286,0.09737093,-0.0608715,0.049605172,0.016715163,-0.13693056,-0.055212945,0.10400946,-0.0649379,0.028218674,0.03154217,0.0641066,0.07772185,-0.049690172,0.008409774,0.031095924,0.12253338,0.13463217,0.03017076,-0.038425896,-0.08620151,-0.16842146,-0.00235563,-0.067419864,-0.07802764,-0.052332323,0.011017795,-0.02182507,-0.11572197,-0.07333631,0.028635316,0.011526843,0.015050231,-0.11696446,0.02672151,-0.01867875,-0.032618906,-0.1534794,0.010640773,0.029117545,0.009911409,-0.00832701,0.06204259,0.060755044,-0.010955712,0.017512778,-0.011962465,0.041596822,-0.099113405,0.048073582,-0.2113234,0.10296137,0.07521554,0.006601306,0.06486519,0.036422677,-0.057306908,-0.09338482,-0.114915185,0.02751668,0.14727457,0.030910872,-0.012475425,0.026716335,0.086696535,0.09148801,0.10046936,0.004138252,-0.03930631,0.026779613,-0.05983019,0.04046951,-0.05698736,-0.05006676,0.048089653,0.056772362,0.005593904,0.008103454,-0.061959513,-0.0317205,0.08103738,-0.0147991255,-0.031273104,0.07434316,0.015299449,-0.008459193,-0.061996456
TCGA-D8-A1JN-01A,-0.043153275,-0.0439393,0.019865934,0.084007636,-0.004205041,0.07800458,0.042845782,-0.024451142,-0.01446779,-0.0928536,0.021605568,0.016561296,-0.033354897,0.09298038,0.17177533,0.034688096,0.098099984,0.031655464,-0.108116016,-0.103164814,-0.017020458,0.009772584,-0.11047048,0.06872553,-0.024543295,0.03086868,-0.15677842,-0.05745331,-0.015813928,-0.0919928,-0.119469434,-0.013782689,-0.19887206,-0.09646067,-0.07835159,-0.08390816,0.002140509,-0.04938804,-0.06579068,-0.027186906,-0.019233027,0.03978114,0.08964127,-0.042350832,-0.061630394,-0.048381783,0.064037606,0.025683627,-0.0027051687,0.11113692,0.107638806,0.10490599,-0.0034692013,0.052771725,-0.02851051,-0.05236803,0.07249254,-0.018628022,-0.075984105,-0.012190158,0.0852598,0.035245065,-0.058218088,0.13163525,-0.09062411,0.028786654,0.058284678,-0.0064200154,-0.085930735,-0.05955176,-0.1487204,0.00016457925,0.062149473,-0.1285933,0.07701263,0.05405034,-0.032554336,0.007046176,0.06284144,-0.02738993,0.058491826,-0.029710375,-0.0081810355,-0.017759873,-0.033826116,-0.05148467,-0.058343433,0.12497148,0.09350171,-0.0984524,0.013045168,-0.069422886,0.10512931,0.033253863,0.07134041,-0.101743996,-0.039128967,0.012166219,0.05318692,0.041394185,-0.0065778783,-0.009311171,0.119702116,-0.06857129,0.0035733578,0.047812883,-0.059929464,0.0037592326,-0.036734674,-0.009055007,-0.0035388249,-0.16245924,0.0011108014,0.06796669,0.11529716,-0.05841931,-0.07859499,-0.07833873,0.003629821,-0.046583388,0.028445745,-0.1372291,0.019084642,-0.04080766,0.00061859295,-0.0061554797,-0.03340201,0.047786877,-0.0028810792,0.15422054,0.05559915,-0.076525986,-0.01290841,-0.16612694,-0.13618082,-0.052841775,-0.067228384,-0.008370784,-0.08669951,0.004754754,-0.0633545,-0.167251,0.03590281,0.018408416,0.02927438,-0.028666489,-0.14825213,-0.07118809,0.025840286,-0.027871441,0.027518583,0.085662074,0.010134947,0.035411354,-0.052809134,0.011867661,-0.07651416,-0.14787419,-0.06944925,0.038428936,-0.032963973,0.03402529,0.13115688,-0.08883924,0.037549697,0.026406161,0.06150593,-0.02226602,-0.029955113,0.045736533,-0.09066053,-0.109676026,0.06161475,0.050447825,0.04916023,0.041858308,-0.0477395,0.04416022,0.101109214,0.06725241,-0.06985896,-0.05533427,-0.002238405,0.019161617,0.07953713,-0.031328205,-0.16895449,0.02109359,-0.028530056,0.035025287,0.0932458,0.011771061,-0.051916637,0.046890322,0.012604191,-0.026463324,0.10724643,0.09488929,-0.035162166,-0.016032891
TCGA-AC-A7VB-01A,-0.06769227,-0.078262664,0.17184877,0.029051743,0.03771298,0.06412257,-0.016711196,0.027561033,-0.09907989,0.021479703,-0.011189927,0.008945435,0.023396078,0.1250134,0.108811766,-0.008414055,-0.015005516,-0.04413376,0.02373622,-0.049906712,-0.023054952,-0.027899016,-0.014341375,0.051931646,0.050313834,0.0069147404,-0.12314905,-0.10729041,0.03679163,-0.090072036,0.052879762,0.0054753935,-0.061324578,-0.13148415,-0.07913256,-0.04308634,-0.19478308,-0.046800464,-0.012199666,0.0002538355,0.024344802,0.0726984,0.066582344,-0.094286084,-0.01963679,-0.008863017,-0.0646968,0.050030768,0.03250194,0.030891957,-0.028067848,0.019821506,0.017552542,0.060428973,-0.010976444,-0.0018557216,0.07529058,-0.0084413355,-0.03425774,-0.0093354,-0.022293644,-0.03339611,-0.019471915,0.14904532,-0.056502838,0.04866576,0.07571372,0.036508143,-0.17443432,-0.11885748,-0.21301366,0.004452909,0.064033255,-0.119292475,0.12432965,0.01692279,-0.056550372,-0.027611112,0.08315104,-0.0020072353,0.041385964,-0.07985624,0.04155809,0.013415261,-0.04034978,0.015051985,-0.087875076,0.02481898,0.11555414,-0.021627346,-0.00813012,-0.11578293,0.005257519,0.108372726,0.12386382,0.025745079,0.03483396,-0.0424865,0.10428831,-0.09365316,-0.037226688,-0.0067335996,0.014574464,-0.16049968,-0.036449805,-0.10829108,0.025561236,0.051587045,0.055132464,-0.02858731,-0.02065425,-0.064341225,-0.09030626,0.014125469,0.041149363,-0.10046524,-0.005046849,-0.0016446328,-0.042270903,-0.029137963,0.02378775,-0.027749874,0.093386,0.039691944,0.050395157,0.0048981057,-0.06961764,-0.008005351,0.042387314,0.15266967,0.03537483,-0.042368047,-0.01716276,-0.056909107,-0.12893122,0.0024799816,-0.039375566,-0.07440191,-0.05742293,-0.06438086,-0.022968479,-0.16155341,-0.028669776,-0.03798812,0.02380965,0.025316048,-0.05993892,-0.058462225,-0.046097413,-0.050456867,-0.09914712,0.058427274,0.06584131,0.027384363,-0.038498156,-0.0075473874,-0.00030584887,-0.08906993,-0.031100234,0.045013282,0.02262879,-0.049851615,0.09617987,-0.0909521,-0.106633,0.020307882,0.053252663,0.057389345,0.0010542932,-0.11217829,0.028017921,-0.17449549,-0.05276621,-0.023439903,-0.09152206,0.10270986,-0.0796246,0.117893524,0.10617358,0.13262974,-0.08839564,0.026260953,0.030181283,0.075474024,0.08501413,-0.032971397,-0.08786443,-0.032357693,-0.0369678,0.0041417875,0.1806484,-0.003972771,-0.10129128,0.0640843,-0.012897376,0.04984111,0.041899018,0.082808666,-0.08902037,-0.011340231
TCGA-E2-A1II-01A,-0.042982608,0.024376966,0.071082816,0.03879534,-0.074713305,0.05638184,-0.05743953,0.031092132,-0.034436725,0.028049383,0.03858492,-0.06165297,-0.038304977,0.02904782,0.021280741,-0.040843505,-0.00420507,0.071088076,-0.012450384,-0.1369421,-0.031173235,-0.07173062,0.0072360393,0.038402103,0.015290463,-0.03350406,-0.11416458,-0.00796436,-0.0008791358,-0.07241162,-0.035767853,0.022664813,-0.07083013,-0.102317706,-0.11795492,-0.09907983,-0.058674645,0.016297698,-0.039311018,-0.034789912,-0.01714011,0.0033134525,0.090287015,-0.073946506,-0.08353556,-0.00010895342,-0.018621286,-0.0096677765,0.0023719785,0.16039516,-0.10125621,0.053367153,0.07816504,0.08036969,0.03267761,0.050199162,0.042182714,0.025041705,-0.1619021,0.017706586,0.017963909,-0.0007097385,-0.011694253,0.13040096,-0.013738769,-0.04703669,0.16059901,-0.079885684,-0.16856667,-0.03808732,-0.18547897,0.015135098,-0.08180614,-0.09111277,0.06534345,0.004706217,-0.0139143625,0.050302606,0.031383984,-0.052542802,0.01823101,-0.037816733,-0.07107871,0.074563175,-0.049312606,-0.054161154,-0.06628838,0.1498243,0.15506817,-0.054201324,0.06944843,-0.14228226,0.06515099,0.021535134,0.059783183,-0.008689041,-0.08555334,-0.08494604,0.028123146,-0.010692206,0.08421604,0.024695894,-0.011670788,-0.12048545,-0.031727836,0.012999757,-0.014612992,-0.08925274,0.09477321,0.05570298,-0.04978255,-0.11204481,-0.10016852,0.06641093,0.04616259,-0.028448269,-0.027242048,-0.0962453,-0.09860303,-0.14747545,0.070813745,-0.10865381,0.12540352,0.031952895,0.08196733,0.042592816,-0.03189635,0.06979231,0.030833345,0.07087415,0.16826935,-0.03531365,-0.009780047,0.014487809,-0.19205542,-0.052045632,-0.026367914,0.020685824,0.027073335,-0.015076821,-0.022226918,-0.18970327,0.03613045,-0.01887229,-0.029240483,-0.041148596,-0.038779523,-0.09275616,0.022672648,-0.15324481,-0.06959074,0.039384298,-0.008059577,0.03117195,0.036370676,0.01756855,0.04898575,-0.16816996,-0.08863312,0.015353065,-0.057671744,-0.019404387,0.026042873,-0.14065875,-0.06351053,0.08364001,0.038554262,0.032127928,-0.015755957,0.00046638915,-0.122429065,-0.013067428,-0.01649276,0.010739938,0.016723081,-0.072501145,-0.052476764,0.037834045,0.021782817,0.11672858,-0.001593608,-0.018358082,0.043670077,-0.013579667,0.034600005,0.0019283035,-0.12311215,-0.029435782,-0.017015133,-0.03288473,0.08562431,0.032483906,0.049567863,0.038689066,0.08137414,0.005379782,0.11012201,0.0043719555,0.039835118,0.050891865
TCGA-AC-A2FF-01A,-0.055391856,-0.035721943,0.12765533,0.018782388,-0.14070499,0.06523616,0.057804387,-0.006339169,-0.14553042,0.044069055,-0.04640106,0.0074118776,0.00048068387,0.0773052,0.027899992,-0.10328971,0.022119887,0.071366735,-0.0031051468,-0.046357047,-0.019090269,0.0022791473,-0.05397199,0.07088814,-0.003842393,-0.013110008,-0.061199494,-0.055536997,0.015897546,-0.010111893,-0.10653295,0.059917323,-0.13177572,-0.18629119,-0.08467362,-0.061749484,-0.028300194,-0.049117018,0.010623936,0.041340232,0.0194067,0.09566372,0.030299343,-0.12338242,-0.06431947,-0.055798274,0.03480144,-0.038803604,0.11220266,0.1534118,0.035629094,0.02151381,-0.005665926,0.07753278,-0.05933473,-0.020220654,0.107772164,0.025661353,0.060597982,0.037574667,0.08047733,0.030780982,-0.15525088,0.03469834,-0.015611077,-0.04003002,0.16721046,-0.008581425,-0.0721452,0.014205322,-0.20971103,0.09459115,-0.013507874,-0.17014116,0.13199948,0.020682747,0.015921237,0.0240028,0.07458725,-0.019269234,0.10569441,-0.059483264,-0.012148402,0.045643996,-0.061711308,-0.08847259,-0.0833804,0.07485367,0.05119402,-0.026560629,0.050367843,0.004822869,0.07940681,0.05133199,0.12040478,-0.03204082,-0.026541198,0.057792645,0.010227917,-0.017602812,0.035773925,0.049463563,0.0005850843,-0.0022317357,0.037650406,-0.005730732,0.08476604,-0.038972586,0.08248178,0.035373557,-0.08244905,-0.10736217,-0.1071502,0.05302352,0.1210333,-0.053212363,0.041171923,-0.10943979,-0.0072850585,0.019866504,0.067869544,-0.049358334,0.011952133,0.015603119,0.036134224,-0.026538389,-0.04601788,0.007998306,0.06494833,-0.00021157914,0.01668612,-0.010521414,0.03676938,0.03418072,-0.17233342,0.033018917,-0.14905037,-0.025915362,0.06450767,0.013104694,0.019415723,-0.117514886,-0.07597429,0.088725835,0.021934267,0.012089589,-0.15108255,-0.11171063,-0.06278434,-0.041820828,0.09427193,0.027871698,-0.094569,0.07108472,0.045157224,0.0037126055,-0.05523694,-0.10532486,-0.06843811,0.0039254413,0.04359831,-0.001977329,-0.0073790555,-0.07021464,-0.010853698,0.066073634,0.04178833,-0.021378463,0.060735516,-0.055888742,0.09816508,-0.09028775,0.01734003,-0.010738859,0.0793027,-0.026883712,-0.126077,0.06338767,0.04867145,0.19693452,-0.049096804,-0.012066507,-0.0038943733,-0.0116562545,0.03071641,-0.04835558,-0.10211609,-0.08796813,-0.0925509,0.011362903,0.09452619,-0.02008798,-0.016502554,-0.051930986,-0.007757304,0.054579947,0.050473236,0.11035259,0.024268825,-0.06172183
TCGA-B6-A0RL-01A,-0.019352298,-0.08081439,0.022063218,0.04024176,0.022919573,0.056338545,0.05039261,0.054933473,-0.06136954,0.033247337,-0.013377821,-0.03827352,0.046193812,0.1427476,0.13238488,-0.01989698,0.07047096,0.09479729,-0.14905743,-0.103948265,0.029183572,0.0816789,-0.02061249,0.03248242,-0.008159876,-0.006983178,-0.11152394,-0.026208973,-0.066487685,-0.06395865,-0.022208879,0.06460141,-0.17052281,-0.09914639,-0.13570009,-0.18519954,-0.02031648,-0.110979445,-0.048771743,0.0037279255,-0.10112222,0.056743663,0.09087039,-0.0018014412,-0.019696193,-0.027559072,-0.023022795,0.091167375,0.083018914,0.08140581,-0.013108414,0.029149216,0.008923601,0.078393474,0.014456484,-0.018073056,0.054384302,-0.007250907,-0.060763355,0.09661186,0.031849463,-0.008024266,-0.12152889,0.06707527,-0.024697121,-0.021139769,0.06475267,0.0059802453,-0.13762686,-0.083336145,-0.12914634,-0.0047318414,0.0073891236,-0.14665729,0.13529627,0.0015120028,0.002152438,-0.0641303,0.08945611,0.029759018,0.13322493,-0.056575872,0.03875646,0.098444425,-0.06569117,0.04678529,0.07795818,0.14703612,0.10756754,0.02821119,-0.049205277,-0.032048535,0.051796835,-0.01132915,0.06170149,-0.054426964,-0.06347721,-0.016267778,-0.013878278,0.05949644,-0.046984542,0.074428,0.04079812,-0.1256017,-0.0015808529,-0.118326165,-0.018584177,-0.065542184,-0.006697228,0.007710358,-0.04307321,-0.003963064,-0.088049725,0.06013026,0.10763886,-0.14356026,0.045612548,-0.025919147,-0.00434791,-0.0059804157,0.123673506,0.017924571,0.14127569,0.021897657,0.053100605,0.05405322,0.0048128855,-0.010621075,-0.020912182,0.120522484,0.020344723,-0.063428804,0.022671018,-0.023032952,-0.09797881,-0.084538355,-0.043927126,-0.04897264,-0.041321326,-0.024175636,-0.010481269,-0.16084959,0.001683722,0.082190365,0.019251017,-0.02476971,-0.08088588,-0.069156304,-0.02483477,-0.090912834,-0.035977848,-0.0032529437,0.0035529295,0.018409858,0.01156825,0.013722749,0.09426385,-0.15658432,0.00466621,-0.023271024,-0.02279868,-0.015948242,0.018105421,-0.1175172,-0.0025045439,0.08584794,-0.039633285,-0.010913573,-0.07839901,-0.084900096,-0.023194924,-0.05061689,0.052583512,-0.03263655,-0.034145217,0.016689742,-0.057344258,0.12620305,0.08188261,0.0817602,0.0029913278,-0.04695631,-0.054214243,-0.0010153112,0.08859523,-0.06405507,-0.17089614,-0.0556984,-0.09446805,-0.032824695,0.03407469,0.012652142,-0.038442116,0.09332574,-0.07427564,0.116242096,-0.0012339201,0.08686674,-0.04642357,0.099905595
TCGA-D8-A27V-01A,-0.0152102485,-0.046966515,0.109040655,0.061548296,-0.059505038,0.034669537,-0.046430577,-0.04212617,-0.11499458,0.096832305,-0.07663646,0.04647133,-0.052890077,0.14528452,0.051798917,-0.016593564,0.035043232,0.11930332,0.028500736,-0.07635696,-0.053365014,-0.07734986,-0.10790294,0.03508682,-0.06955479,-0.04412246,-0.19243126,-0.07722905,0.02337663,-0.050864376,-0.07214665,-0.002100284,-0.07485033,-0.095813744,-0.08983932,-0.024369303,-0.049244087,-0.0033878381,-0.025834622,0.082136646,-0.0036713053,0.08397038,0.06523734,-0.13574678,-0.007795441,0.04622961,0.033556316,-0.040721335,0.069954626,0.023973223,0.08033047,0.057155866,0.030393008,0.037885748,-0.07630831,-0.036457606,0.14120428,0.033333715,-0.090623915,-0.002049853,0.06585562,0.023465702,-0.098572314,0.06919268,-0.027773904,-0.006608313,0.05820571,0.05702579,-0.00087541924,-0.022073401,-0.21765122,0.074241936,0.011861692,-0.19804351,0.0988998,0.03100701,-0.0070845773,0.035062168,0.07694515,-0.056853216,0.020535655,-0.054551687,0.0032514117,0.068352126,-0.04549383,-0.039243132,-0.04843855,0.15735748,0.07281657,0.013781227,0.017655123,-0.094929636,-0.009939122,0.05137944,0.0845277,-0.047455758,-0.060494777,0.08677649,0.037363343,0.014429659,-0.117074646,0.09747218,0.013001916,-0.09651004,0.04216662,-0.05512007,-0.044782378,-0.1754684,0.045648124,-0.049404025,-0.05587267,-0.04493162,-0.050534576,-0.0045479634,0.10285238,-0.009579938,0.0056591607,-0.06712888,-0.13959286,-0.10880607,-0.025795322,-0.14881091,-0.022392405,0.08336225,0.0679711,0.0028758903,-0.0722426,0.012007357,-0.025859008,0.09980419,0.06340456,-0.03282893,0.0048818793,-0.058484685,-0.10705452,-0.013991822,-0.13746113,0.0031917393,-0.02049729,0.08659674,-0.041662052,-0.07334993,-0.0034138472,-0.015603433,-0.017377313,0.02253017,-0.1558673,-0.082177505,-0.04140706,-0.06283855,0.018192966,0.016342977,0.0015641229,-0.04180231,-0.018075718,-0.026354637,0.085794106,-0.089584,-0.040458024,0.08336998,0.077427424,-0.037506923,0.07225193,-0.097795084,-0.019473165,0.04613529,0.075553454,-0.046113137,-0.052460574,-0.025701946,0.041009296,-0.10383896,0.11543113,0.016535623,-0.0374837,-0.07659671,-0.06880051,-0.0105822375,0.07900376,0.11875726,0.02111003,-0.05456392,0.07093797,0.052223142,0.058939517,-0.03060586,-0.090848655,-0.047341827,-0.10590488,0.00774822,0.04200712,-0.04615038,-0.04069037,-0.007873425,-0.047581635,0.025974581,0.09800749,0.11869853,0.024350844,-0.09279176
TCGA-E9-A1RD-01A,-0.00042972763,0.005241815,0.15399645,0.10566693,0.0109290695,0.08154911,0.051690757,0.06155639,-0.080859154,-0.003083559,-0.00924078,-0.00874492,-0.0058592153,0.08974807,0.08491923,-0.026473464,-0.0058767037,0.009726706,0.053205688,-0.040267456,-0.047885526,-0.053514313,-0.06975333,0.18777244,-0.017967422,0.04974746,-0.0812177,-0.078428276,0.056900624,-0.075289056,0.06682198,-0.08718137,-0.014122702,-0.120574705,-0.013156435,-0.15153868,-0.12763405,-0.08819098,-0.14224364,-0.16091907,-0.010920693,0.12003197,0.0884955,-0.101089515,-0.0107373195,-0.07453218,0.014688265,0.0698714,-0.035422157,0.07012794,0.081700504,-0.015722012,-0.005828839,0.110088326,-0.006990279,-0.032168996,0.04027511,-0.04761324,0.010572834,0.002190758,0.04330296,-0.09483252,-0.13150339,0.056124344,0.089777075,-0.06614823,0.101147965,-0.0033004098,-0.033314425,-0.02627241,-0.1361736,0.09570162,-0.03067879,-0.16718976,0.032543123,0.00010751977,0.011928022,0.0037479512,0.16358504,-0.04207792,0.046519384,0.06487255,-0.022437822,0.04286746,0.00736122,-0.03010056,0.015931932,0.12600109,0.11813865,-0.04671382,0.015871208,0.034246057,0.085102685,0.060101114,0.15315439,0.015325576,-0.02530545,0.027075933,-0.0090803625,-0.081444986,0.0055613406,0.10359915,0.005816583,-0.052551948,-0.011604168,-0.05334372,-0.0067591686,-0.11877269,-0.03501029,-0.074733794,-0.027265795,-0.08601538,-0.093110666,0.09270191,0.120576836,0.0029312356,0.056947723,-0.013826302,-0.11814838,-0.007936044,0.16009326,-0.089091554,0.011574195,-0.0026799706,0.007378431,0.013596595,-0.04839069,0.032167025,-0.052382655,0.045723673,0.002452336,-0.069756776,0.044559304,-0.013027976,-0.13852249,0.029917615,0.02581263,-0.038854323,-0.12434567,-0.024672326,0.025583353,-0.120675646,-0.0064645144,0.071584076,0.07990459,-0.03782099,-0.055113614,0.02837007,-0.031392157,0.045486458,-0.01521164,0.067409225,0.08582384,0.02139444,-0.0007898034,0.0049928427,0.03270903,-0.06651303,-0.03402458,-0.03944129,-0.018856132,-0.11190077,0.11683252,-0.06779456,-0.10836164,0.034969233,0.07068691,0.030184748,-0.022569802,-0.07238561,0.08094887,-0.038734313,-0.04178379,0.0174141,-0.028075242,-0.007670219,-0.09504123,0.07491734,0.02683927,0.08051518,0.033086233,-0.051418673,0.02763432,0.033659633,0.075958826,-0.109425336,-0.08946772,-0.059611805,-0.07779931,0.10857329,0.026365902,-0.039995167,-0.1340825,0.01652587,-0.08702452,-0.018973313,0.07248811,0.08942421,-0.10032491,-0.0375927
TCGA-BH-A201-01A,0.022408044,0.01509552,0.06638127,-0.019266035,-0.10217496,-0.0012415744,0.06804129,-0.034895025,-0.037930217,0.067899495,-0.062587686,0.034357674,-0.0108092185,0.143244,0.17655686,-0.12722337,0.0043299985,0.109218165,-0.0067962175,-0.0659876,-0.020752164,-0.06522085,-0.08997269,0.16598177,0.026293175,-0.021484405,-0.1695494,-0.042270645,0.0013518748,0.02497274,-0.14326365,-0.0331363,-0.061975677,-0.18628755,-0.094605096,-0.083743915,-0.06474657,-0.020808091,0.078442134,-0.027445497,0.010715106,0.054800626,0.020519001,-0.06025814,0.026839945,-0.002146616,0.03350389,0.037642445,0.06762308,0.10518696,0.12728502,0.10383121,-0.007669023,0.115919806,0.0020033517,0.028019499,0.10366504,0.09163074,-0.021751223,0.04592253,0.027753774,-0.012234125,-0.084906794,0.008940048,0.005383038,0.014550228,0.07921421,0.03357337,-0.062689,-0.07322892,-0.10621935,0.04731849,0.03540892,-0.18593594,0.13311037,0.0061208457,0.008227784,0.016511988,0.16575824,-0.045480367,-0.028153596,0.050322935,-0.05195775,0.13959552,-0.11409936,-0.041397195,0.030531779,0.09560948,0.04169646,0.022732303,0.102971666,-0.007854479,0.050662626,-0.017697452,0.026270224,-0.04253363,-0.032932367,-0.06420592,0.01175489,-0.05778117,0.036067408,0.008318506,0.0085224295,-0.09767703,0.030006839,-0.060563646,-0.068879634,-0.013053231,-0.04139165,-0.02754412,-0.07033524,-0.15675934,-0.066823885,0.09006416,0.044962708,-0.0061248955,0.033048373,-0.1461999,-0.03150838,0.008085383,0.06377893,-0.094065264,0.029286034,0.032515183,0.062304024,-0.017863829,-0.06177725,0.044300444,-0.0020028471,0.061129536,-0.007927849,-0.0485995,0.05764903,-0.043360453,-0.04947656,0.0035566958,-0.07182533,0.0636027,-0.0027981042,0.054406203,-0.029983465,-0.07143341,0.019534439,0.05230937,0.04053155,-0.030675685,-0.068477646,-0.00035991016,3.9363036e-05,-0.10351327,0.079512045,-0.03328182,-0.034681622,0.1660767,-0.11932221,-0.007212955,0.039374545,-0.11717241,-0.030292725,-0.08007935,-0.11755773,-0.024924861,0.0016333424,-0.08020234,-0.046404213,0.062306903,0.037176713,-0.047361366,0.051451057,-0.032183994,-0.03293807,-0.12743615,-0.016557103,-0.009084732,-0.024125338,-0.032159917,-0.067215785,0.05532907,0.07030693,0.13096619,0.020679198,-0.022035867,0.011268146,0.086473495,0.11126269,0.022280803,-0.1317808,-0.06452885,-0.100018255,0.051261257,0.14679044,-0.041225914,-0.019839052,-0.07143794,-0.010563754,0.030558627,0.12762798,0.027182577,-0.08002265,-0.017133722
TCGA-B6-A0WT-01A,0.0531201,-0.112621374,0.039083652,0.0155935,-0.031831793,0.085685365,-0.038803607,-0.0059271203,-0.060955364,0.042088125,0.011077682,-0.046525296,0.047009826,0.09096262,0.08276402,0.02457933,0.0059630247,0.0705386,-0.040003948,-0.08891779,-0.01936224,-0.054580923,-0.020530967,0.06666285,0.00033127534,0.01906672,-0.109162815,0.006905836,0.04254465,-0.08631288,-0.085239865,0.07014638,-0.051290534,-0.09019599,-0.09348277,-0.094195865,-0.020070333,-0.05385672,-0.08643996,-0.10214336,-0.045178566,-0.0035792843,0.18065414,-0.07751819,0.004316448,-0.02949116,0.013231565,0.06407728,0.081533805,0.08966621,-0.028630532,0.026180632,-0.010548112,0.036221765,-0.014874244,-0.03329582,0.041769326,-0.018319521,-0.08488301,0.026649026,0.0058777267,-0.019988295,0.01125541,0.04277342,-0.03467578,-0.030053042,0.104367934,-0.041780304,-0.12288337,0.029512895,-0.07806377,0.04391507,-0.06782238,-0.18512389,0.15525524,-0.03563827,-0.006658292,-0.004795671,0.11051125,-0.054398708,0.091069646,-0.077785194,-0.043230053,0.09208383,-0.0069013005,-0.089140065,-0.0123674655,0.11768539,0.16821027,0.024602966,0.025000067,-0.04622179,0.10669512,0.026880411,0.14175329,-0.13197507,-0.01713412,-0.07677323,0.038215715,0.033966843,0.06043779,0.09866255,0.10211937,-0.10533637,-0.0070349546,0.021974271,-0.020786244,-0.051959917,0.06572193,0.0072692237,0.006797268,-0.11444833,-0.115108915,0.12466287,0.009429959,-0.033893526,-0.039842363,-0.090141684,0.0031266252,0.070895836,0.08657336,-0.1087963,0.118891425,0.03674499,-0.0067591774,-0.03171545,-0.06162342,-0.017872717,-0.025892105,0.15012084,0.07667787,-0.0015487503,-0.038954478,-0.029123992,-0.1298682,-0.037340526,-0.11428566,-0.019663155,0.04082903,0.052186508,0.020550936,-0.09011196,0.10433415,0.08091065,0.07606898,-0.013823479,-0.094982125,-0.07516729,-0.1442144,-0.004455115,0.028737077,0.021907914,0.0071208924,0.06175837,-0.0016191772,0.06439481,0.12358941,-0.07029339,-0.05729072,-0.035581596,-0.032274824,-0.036237918,0.075906105,-0.15558955,-0.040781163,0.19020869,0.025725028,-0.036421154,0.035726476,-0.0928118,0.009970397,0.01763172,0.035708155,-0.002557008,0.029644309,0.015322776,-0.037291657,0.05686925,0.0068505467,0.08060245,-0.032836642,0.07174457,-0.028389776,-0.00665116,0.120500445,-0.05341604,-0.16457294,-0.006473587,-0.113006674,0.023407916,0.11289615,-0.058354888,-0.024830518,0.06558376,0.02387458,0.023219412,0.041325238,0.10237336,0.035819888,0.04826745
TCGA-E9-A1NG-01A,0.00038276223,-0.05016001,0.106040396,-0.04249944,0.074668206,0.0027839304,-0.111822344,0.017450241,-0.07091699,0.10554457,0.06491491,0.016513517,0.024377609,0.20062467,0.09683006,-0.078982,0.04662007,0.041238673,0.046395943,-0.13693106,-0.05136455,-0.00027365703,-0.00428104,0.067311324,-0.066194735,-0.07402388,-0.09681016,-0.071968265,0.09533167,-0.0067208684,-0.014646937,0.010393597,-0.09461415,-0.14719468,-0.15027875,-0.054190457,-0.011177018,-0.10065869,-0.029276522,0.0052859755,-0.04706815,0.12824152,0.0989025,-0.030072708,0.02813333,-0.12817292,-0.020858468,0.08861965,0.010408682,0.11148384,0.020381045,-0.05466938,-0.010154331,0.02674906,-0.06616458,-0.039405655,0.13321397,0.06082826,-0.05693737,-0.02155835,0.012617824,-0.03426469,-0.07187654,0.0119893905,0.005798902,-0.0015556277,0.061343905,-0.07033347,0.03274866,0.045316987,-0.113993056,-0.040082946,-0.00736982,-0.14304584,0.12625054,0.042342603,0.080320284,-0.060445417,0.18657775,-0.03938055,-0.03489019,-0.06388124,-0.039317075,0.04826449,-0.005526083,-0.025158076,-0.10144654,0.055002343,0.09540506,-0.039436214,0.0052189482,-0.054724,0.09984146,-0.013960693,0.13826388,-0.043578226,-0.06296119,0.08932882,0.052240357,-0.013754845,-0.021115506,0.095861055,0.12019886,-0.10209361,-0.09455736,0.03809542,-0.03329265,-0.10150289,-0.07040534,0.015041389,-0.15901886,-0.10345459,-0.0685896,0.020536207,0.09795177,-0.055586852,-0.0060293023,-0.054530792,-0.08505396,0.03628958,0.0846319,0.005594939,-0.0055111446,0.0019915323,0.005977821,-0.06030187,-0.092060074,-0.00041021782,0.0005185409,0.10080616,0.036559522,-0.050543778,0.024821578,-0.0020601244,-0.16688378,0.018674718,0.0044232435,-0.04464436,-0.023257388,-0.057868093,-0.03331999,-0.1417127,-0.008240883,-0.0028627438,-0.046102952,-0.0022072813,-0.05559916,0.044344585,-0.14843048,-0.08290988,0.052253388,0.033165682,-0.03642898,0.00038947447,-0.057721782,0.06292829,0.041879613,-0.04638009,-0.08939393,-0.048604883,-0.004161413,-0.074843965,0.049494337,-0.091575265,-0.07964273,-0.038993973,0.026141142,0.0049476456,0.029208248,-0.042727374,0.07807189,-0.12663138,-0.00061907247,-0.06460888,0.074146,-0.028412372,-0.092984766,0.077499665,0.07733841,0.14757392,0.02138644,-0.048341773,0.019250823,0.010686823,0.031494383,-0.00943032,-0.045190636,-0.08909343,0.03236971,0.0604512,0.11021144,0.010167202,-0.05813954,0.034255657,-0.0077019436,0.070053086,0.068535574,0.14856982,-0.044802725,-0.031885657
TCGA-OL-A5D7-01A,0.030084135,-0.16046521,0.03597911,0.02563597,-0.05514126,0.08079974,-0.07642813,-0.024017155,-0.03377513,0.054934338,-0.005782782,-0.026264079,0.043244015,0.028819973,0.09695293,-0.0021122235,0.037584897,0.014519284,0.015426185,-0.14730164,-0.04018366,-0.07610198,-0.030310394,0.047008622,0.04425747,-0.07286037,-0.12288669,-0.012759334,0.026393317,-0.08473499,-0.06479699,-0.01795319,-0.058223955,-0.12888806,-0.101686634,-0.047264114,-0.08583994,-0.09339717,-0.0916723,-0.009754181,0.0052695908,0.042089276,0.12708923,-0.12689056,-0.043267373,-0.0674948,0.08469175,0.11194809,-0.043960165,0.100701,0.053687252,0.04766907,0.043636374,0.08907813,0.026081946,0.04953049,0.1406543,0.06304946,-0.106395304,-0.06016064,0.06196845,-0.06387579,-0.019127702,0.119925424,-0.003831138,-0.0060246196,0.12485303,0.030769648,-0.06735771,-0.013109613,-0.06563916,0.048934236,-0.074764475,-0.17301743,0.105696045,0.014044287,-0.05607431,-0.0659852,0.10234754,-0.073480636,-0.054406498,-0.032277733,0.074521594,0.053224213,0.06740857,-0.07158841,0.009896774,0.052450318,0.09107026,-0.11613267,0.08474035,-0.053713538,0.039200574,0.054014932,0.032877237,0.06074097,-0.07573492,-0.017009802,-0.018375097,-0.010766842,-0.06801732,0.07032316,-0.057539146,-0.14948511,-0.059917815,0.01685689,-0.0280151,-0.12949674,0.02072855,-0.011827778,-0.030685633,-0.0890343,-0.014587217,0.099626,0.109238476,-0.025238793,-0.04042281,-0.06667655,-0.031749126,-0.004219866,0.09226726,-0.15184751,0.052038092,0.014539418,0.0006088498,-0.02495409,-0.01966412,0.056711826,-0.022039982,0.17142731,0.06559728,-0.11125691,-0.031087222,-0.044152353,-0.12973082,0.031167397,-0.007082668,-0.019614475,-0.017946996,0.0025747935,-0.040535696,-0.1419209,0.0051693227,0.097047,0.115156904,-0.03067587,-0.13733375,-0.032812014,-0.060852893,-0.029171618,-0.117401905,0.048982747,0.071563974,0.005706782,-0.059374735,0.033214487,0.12945047,-0.058705866,0.094391465,0.025585014,0.0034825471,-0.038458407,0.058527593,-0.16671626,-0.08789899,-0.035711102,0.080439076,0.048483435,0.021695811,0.005666766,0.0012700307,-0.06666244,-0.055831917,0.003001094,0.09573713,-0.02334312,-0.068548776,0.039510023,0.097740844,0.08987813,0.016088951,-0.117637366,-0.090163656,0.067916535,0.008562342,-0.07970471,-0.018289473,0.013060439,-0.006959849,0.059610806,0.09595804,-0.054107707,-0.05871709,0.014623959,0.0125431465,0.07525672,0.099135764,-0.014824434,-0.0023393368,-0.013724788
TCGA-BH-A1F2-01A,-0.023936568,-0.06988747,0.14233457,-0.01775805,-0.08040676,0.05424366,0.015345522,0.03539607,-0.096967004,-0.031013293,0.036259323,0.028685085,0.04747589,0.10365827,0.06557555,-0.106254555,0.029308144,0.040192466,0.06403473,-0.044411067,-0.08006439,0.06091279,-0.07973455,0.046557013,-0.024853416,-0.10807072,-0.18288137,0.0026767123,-0.028675769,-0.08467644,-0.10641703,0.003552804,-0.08110381,-0.122740254,-0.15905769,-0.060313605,0.055553157,0.012940306,0.025626907,-0.052212745,0.10788766,0.11027703,0.1440646,-0.048849717,0.021027163,-0.05243174,-0.067250036,-0.035202477,0.06137812,0.13057052,0.071084745,0.005039032,0.01574827,0.12735562,-0.06083739,0.054184727,0.07139856,0.021917606,0.01858481,0.047227275,0.03880178,0.0017971443,0.005803094,-0.011257342,-0.07482576,0.050322346,0.121521115,-0.083832555,-0.06897175,0.0019038921,-0.1230437,0.05489872,-0.06873338,-0.11579265,0.10701872,-0.012849035,-0.062126517,0.056343332,0.17028774,0.04156592,0.047830362,0.023769336,0.034465615,0.012177275,0.010521646,-0.060839444,-0.038646687,-0.012655863,0.09128914,0.009216837,-0.013247548,-0.03186586,0.029334575,0.077460684,0.03747824,0.05348113,-0.070385605,0.010174231,0.09226174,-0.06562236,-0.0912024,0.05317724,0.029868526,-0.04784013,-0.0675735,-0.016922187,-0.07669676,-0.07074934,0.034857165,0.05740619,-0.053063143,-0.16425715,-0.08329175,0.14429572,0.1107876,-0.07563618,-0.060871255,-0.055757906,0.020002792,0.026736457,0.06941269,-0.051403888,0.06656207,0.014591325,-0.003597528,0.036527723,-0.04249514,0.14635298,-0.0015272977,0.1190566,0.078321315,-0.034636464,0.018987957,-0.10348709,-0.1817154,0.040730916,-0.07497145,-0.08340016,-0.04855192,0.032235987,-0.049394723,-0.16287649,-0.07589675,0.028770423,0.0012018644,-0.01441567,-0.12211126,-0.07095891,-0.0334994,-0.03043347,0.049038302,0.02109197,0.05585654,-0.03252453,0.09378294,-0.0049308925,0.006218513,-0.07799246,-0.073729746,-0.13405976,-0.0049925917,-0.01819813,-0.012371204,-0.1448623,0.024110463,0.053858005,0.09324342,0.034718413,-0.08351726,-0.0351237,-0.047305312,-0.051178444,-0.04835889,-0.01046131,0.07992623,-0.07003464,-0.07666147,0.049881417,0.05881632,0.088740654,-0.027019296,-0.026735103,0.014514748,0.0155949285,-0.029374009,-0.07336163,-0.080594584,-0.058527708,0.04304743,0.009307832,0.011095443,-0.14823908,-0.083231024,0.08100605,-0.042790785,-0.027910024,0.04632109,0.062131044,-0.024140175,0.043396905
TCGA-BH-A0B9-01A,0.038540848,-0.0802254,0.051434003,-0.0015949863,-0.024884745,0.035412777,0.08521178,0.033407334,0.0197708,0.02701537,-0.032888856,0.038209368,-0.01272781,0.10952639,0.092022605,0.010556726,0.060722068,0.037302244,-0.09308774,-0.07136298,-0.01995515,-0.069344364,-0.05960292,0.10522324,0.017612958,-0.011602489,-0.078757346,-0.026615227,0.07630062,-0.11666781,-0.094998136,0.030242488,-0.11261824,-0.09807913,-0.064315565,-0.017447995,0.018939035,-0.07102779,-0.06665634,-0.13106464,-0.0073295915,0.022344006,0.124062724,-0.027656881,-0.017173,-0.10350786,0.059168432,-0.044899926,-0.0024623538,0.15330648,-0.0011825896,-0.04558885,0.050308716,0.029705558,0.050019577,-0.13114409,0.10206105,0.05348105,-0.058537416,0.0028573757,0.0470571,0.07649081,-0.011263596,0.0891323,0.03924747,-0.07786793,0.068423636,-0.032293335,-0.038910817,0.044592597,-0.07661464,0.05868731,0.012598049,-0.14941606,0.16058575,0.043885887,-0.025190404,0.018355519,0.09191799,-0.002816472,-0.011335907,-0.07057826,0.012065885,0.1111004,-0.01818725,-0.10034455,-0.016406868,0.11152888,0.15630811,0.0037593837,0.02608349,-0.15560275,0.04902002,-0.019920772,0.056549136,0.011290167,-0.0081302505,0.12629585,0.04330984,-0.05448802,-0.019770384,0.04489695,0.017301625,-0.102578565,-0.015944831,0.016386326,0.0114734955,-0.08569888,-0.1079719,0.06290809,0.00923462,-0.06250639,-0.12815405,0.1417797,0.06682198,-0.04968927,-0.017924882,0.009087159,-0.057654716,0.075378984,0.16637926,-0.010814689,0.041821852,0.02370104,-0.01862025,-0.050408408,-0.07060455,0.019395886,-0.008689305,0.07680034,0.01630222,-0.040764846,-0.040994026,-0.06244555,-0.084349535,-0.029665785,-0.076171756,-0.057700407,-0.0057210755,0.02956641,0.026584474,-0.14241126,-0.06258238,0.048926108,-0.06267501,0.058375724,-0.08499927,0.0027059028,-0.1594907,-0.12820648,0.09763492,0.045233607,-0.0007991381,0.04951292,0.0014618665,0.09409366,0.13227075,-0.06570006,-0.104468904,-0.10696829,-0.024708964,-0.027226191,0.08498569,-0.105641246,0.03693801,0.014867719,0.12173794,-0.05653892,-0.08406883,-0.054262377,-0.04201905,-0.06417831,0.029850367,0.023937345,0.12989233,0.054658335,-0.090151444,0.06351683,0.02359231,0.05841948,-0.045703057,-0.025024615,-0.058819637,0.06774385,0.055144094,-0.08061478,-0.07416906,-0.07201412,-0.04819867,0.06550581,0.07492253,0.006239522,-0.19470586,0.013710242,-0.025920173,0.07136996,0.029065527,0.07387479,0.084434986,-0.020365782
TCGA-OL-A5D6-01A,-0.12130661,-0.06206238,0.06616091,0.13547777,-0.024265444,0.041982174,-0.023516726,-0.038272124,-0.08047713,0.0074979146,-0.10170068,0.011407343,0.034681745,0.1453995,0.07517925,-0.061753903,0.04762187,0.07357101,-0.079488315,-0.022142766,-0.04700563,-0.0541919,0.016434187,0.013411879,0.005247557,0.07982514,-0.104140334,-0.043110114,0.036915448,-0.12102931,-0.092322916,0.09383269,-0.030981442,-0.17262211,-0.07028287,-0.082007036,-0.022075117,-0.05676425,-0.018755175,0.07628795,0.0441256,0.0636673,0.1081442,-0.13218457,0.029850751,0.06978639,0.030416371,-0.071100995,0.042698298,0.0048582614,0.08900537,0.07215973,0.009868675,0.03756305,-0.006600003,-0.005553917,0.11547357,0.011496088,-0.037387155,-0.0065498143,0.041461,0.10609924,-0.05538758,0.16426685,-0.0031244005,-0.06545517,0.03402703,0.036657944,-0.07404125,0.04708044,-0.1694272,0.0716467,0.016164817,-0.14072612,0.15380459,0.04524546,-0.0033066892,-0.0564248,0.13040222,-0.060015436,0.056795716,-0.071056515,-0.07632055,0.031085549,0.012487478,-0.03951,0.06703294,0.02403004,0.058377158,-0.023740035,0.036134552,-0.11725955,0.05876281,0.06253312,-0.048771847,-0.0058568385,-0.022294512,-0.09670628,0.015577441,-0.048098087,0.0027920771,0.06766964,0.05747773,-0.11539276,-0.023484642,0.059039477,-0.0060026576,-0.09399502,0.029308986,0.008825462,-0.026189644,-0.08213346,-0.098784484,0.025437642,0.10477695,-0.034113422,-0.012486316,-0.032871332,-0.02796573,-0.056358337,0.050394665,-0.14087339,0.032378115,0.025689956,0.06631486,0.029692763,-0.043065168,0.0023744674,0.021884138,0.13248846,0.10604686,-0.06396973,-0.07418852,-0.02907356,-0.11045698,-0.010932139,0.059168793,-0.015675144,-0.11957128,0.00031418476,-0.035862584,-0.18374722,0.0314093,0.05489226,0.1074486,-0.06673093,-0.1082497,-0.059717655,-0.00027349056,0.026116941,0.03166204,0.043297388,0.06302394,0.062990285,-0.032699663,0.06993013,0.09439626,-0.069377035,-0.14735857,0.0015796466,-0.06123818,-0.08643113,0.06095745,-0.11934921,-0.045195658,0.03434265,0.11182172,-0.0507046,-0.048761502,-0.09091719,-0.06659775,-0.015966935,0.04772236,-0.04724466,0.00077577104,0.016868968,-0.04638227,0.12398162,0.093525246,0.10241591,0.03601549,-0.004993775,-0.04200352,0.11879169,0.024796247,0.00469581,-0.09601487,-0.060415413,-0.12148823,0.0060791755,0.09450392,-0.02686756,-0.055970084,0.010972333,-0.026989887,0.08095859,0.09077614,-0.004833155,-0.06532203,0.030989118
TCGA-EW-A6SD-01A,-0.094531074,0.0005997317,0.11520537,0.021248356,0.050305597,0.019521525,-0.047567468,0.06708469,0.009191136,0.021904843,0.05118974,-0.08348963,-0.03403234,0.1464298,0.09358154,-0.0859638,0.06032652,0.02791872,0.049513735,-0.049433872,-0.030471202,0.0022764655,-0.091569714,0.09085427,-0.0074319644,-0.03253288,-0.16974415,-0.042899948,0.012326856,-0.10041735,-0.02223312,-0.019892717,-0.056084808,-0.14778885,-0.09668197,-0.14784585,0.057700977,0.043234177,-0.15870196,-0.06971672,-0.0019779028,0.04300705,0.1399481,-0.12188369,0.032104746,-0.10340667,0.009973465,-0.083485365,0.047458414,0.061435703,0.132493,0.048622373,0.026886528,-0.0032852916,0.06445943,-0.03853804,0.06691584,-0.0014872554,-0.019638816,0.07097238,0.06702443,-0.015698146,0.018827762,0.041370228,-0.14710875,-0.024917101,0.12997203,-0.048779894,-0.037683412,0.01606294,-0.09111815,0.057517156,-0.018912517,-0.19180107,0.11143812,0.07778968,-0.05968044,0.16606613,0.012343455,-0.0052064736,-0.0011876333,-0.09854322,0.016817203,0.051846404,-0.01329157,-0.04618309,-0.007205945,0.066464536,0.07932799,-0.00019348912,0.023662321,-0.072206736,0.080148816,0.056262687,-0.03282779,-0.06151452,-0.09629305,0.023501338,0.013700972,-0.011869791,0.04607926,0.12440554,-0.008139967,0.026783317,-0.095726155,-0.023461694,-0.119443715,-0.024694951,0.020113192,0.047965467,0.015071086,-0.0609061,-0.03736744,0.113753155,0.11557665,0.007518348,-0.047814492,-0.053275347,-0.06828373,-0.045643624,0.07663437,-0.11193954,0.011180677,0.06563,0.0238369,-0.006037276,-0.056696877,0.099442005,-0.018210066,0.04185854,0.1261088,-0.09748605,-0.08545324,-0.09644565,-0.13112499,0.02260992,-0.0156220235,-0.037541218,-0.021456998,0.10044156,-0.046952058,-0.14276835,-0.018056406,-0.030718029,-0.047590725,0.01291873,-0.037049543,0.03993176,-0.042667206,-0.06366818,-0.020049024,-0.02922912,-0.081543356,-0.003438757,0.003019918,-0.025654342,-0.01254919,0.009177885,-0.115612544,-0.012263297,-0.028776092,-0.023879455,-0.021868544,-0.10720599,0.008929214,-0.015682412,0.00090158667,-0.017075509,-0.09271173,0.015351757,-0.060561527,-0.022266585,0.07505125,0.018947944,0.067045674,-0.17952389,-0.063589096,0.040610038,0.07480103,0.07456755,-0.060614016,-0.06107558,-0.03460183,0.13513131,-0.080686375,-0.0024996367,-0.123088844,-0.03347943,0.0010388759,-0.011949143,0.10114158,-0.0241783,-0.117481515,-0.02394926,0.091382354,0.00426516,0.12594618,0.10014895,-0.044628967,0.02239397
TCGA-A1-A0SK-01A,0.04512482,-0.0008492098,0.11148019,0.05017564,0.06510424,-0.04709522,0.04315604,0.07162178,0.037707206,0.09622075,0.04365447,0.04471562,-0.07270611,0.15482216,0.11520046,-0.109459676,0.09794798,0.04879443,0.03752691,-0.046279285,0.009475412,-0.026216963,-0.03351377,0.10616965,0.05896749,-0.014142935,-0.16653574,-0.026365908,0.084241286,-0.023866218,0.007513835,0.011443036,-0.03468434,-0.12318602,-0.094266385,-0.036484435,-0.07410218,-0.025805065,-0.019365627,-0.07431336,-0.01011415,0.14495972,0.0911529,-0.07786879,-0.0510539,0.011270899,0.07596792,0.010461296,0.061155066,0.14867586,-0.029321209,0.05405229,0.0020270569,-0.006087896,0.0039405464,-0.00026240922,0.056897502,0.015318351,-0.04691217,0.0741582,0.026675029,-0.076680735,-0.11314182,0.14086257,-0.09132843,0.0074515557,0.09949851,0.1044115,-0.054901242,-0.005535201,-0.029774524,0.015202516,0.06153937,-0.15509152,0.11461926,-0.030212866,-0.04115726,0.036365196,0.025923377,-0.02549652,-0.011662869,-0.016099744,0.023984404,0.03909415,-0.06473765,-0.14962327,-0.038742363,0.1300137,0.12213429,-0.05522536,0.096153505,-0.073862426,0.046513762,0.098167196,0.05051204,-0.08048764,-0.19779246,-0.016133988,-0.005241889,-0.034406673,-0.024141086,0.014468703,0.015917145,-0.008671606,-0.069929294,-0.056244712,-0.052489422,-0.11639267,0.014388225,-0.0028645976,-0.03252626,-0.04711423,-0.061061744,0.09926062,0.070900865,0.008967632,0.04852912,0.049315944,-0.13074535,0.034712117,0.104437366,-0.034566894,0.05323609,-0.0005407666,0.018597195,-0.0012042407,-0.08549024,0.0708516,-0.02085543,0.10448404,0.048343297,-0.092224956,-0.017501738,-0.088237315,-0.09752136,0.034167696,-0.11646675,-0.042026997,0.05378663,0.04439604,-0.026190676,-0.10774422,0.03291586,0.0931218,-0.09255092,0.061435837,-0.09949661,-0.09635584,-0.042196512,-0.059392735,0.050487097,-0.011415908,0.072116405,0.10989023,-0.0068295775,0.091431886,0.053204805,-0.020737158,-0.09681406,0.023664143,0.07706775,-0.0714196,0.0275488,-0.06600526,-0.012606232,0.032926995,0.11886836,0.006381628,0.0058235996,-0.012739799,0.04292075,-0.011624672,0.13958572,-0.07064873,0.036382247,-0.0052899737,-0.051561624,0.04673288,0.06351792,0.13944213,-0.05746439,0.007506164,-0.08441048,0.07435755,0.09315152,-0.078946926,-0.027092192,-0.09917388,-0.017594736,0.08093451,0.09808065,-0.16042186,-0.0017574927,0.0071100206,0.0011115066,0.052413832,-0.0035233272,0.06224987,-0.09594264,0.019163974
TCGA-E9-A5UO-01A,-0.06898016,-0.05634498,0.10237525,0.035267666,0.003906497,0.027008004,0.023317738,-0.054316986,-0.048811015,0.011029026,0.037999723,-0.051524613,0.0135635575,0.1328297,0.08964167,-0.013524309,0.070123695,0.029651485,-0.06659085,-0.08548826,0.034927316,0.020829149,-0.057243068,0.046793137,-0.016133627,-0.058449503,-0.12608911,0.05631398,-0.07677068,-0.14406446,-0.010478544,0.03535281,0.0028591894,-0.058020663,-0.067927636,-0.13945076,-0.06068318,-0.06137993,-0.08502111,-0.020341247,0.0022405547,0.093339056,0.09749884,-0.057369683,0.042538736,0.0336298,-0.04320051,-0.0047380747,0.113195345,0.13495038,-0.013949459,0.058818173,0.0927592,0.07952114,-0.03468804,-0.068459965,0.0043247524,0.019683179,-0.043543007,0.039363842,0.10204285,-0.059642043,-0.13964368,0.034540936,-0.022378571,-0.080398,0.17531215,0.031444497,0.016338034,-0.04931766,-0.111768045,0.04700253,0.027658185,-0.14930153,0.10971869,0.013648011,-0.052416816,-0.024108684,0.093553424,-0.019748194,0.021583905,0.026025396,-0.03829665,0.030441778,-0.046074823,-0.09902655,-0.040513933,0.012798499,0.14593276,-0.03235064,0.10083034,-0.040445343,0.06261948,0.082182825,0.11178799,-0.02585995,-0.073694006,-0.08418589,0.02000014,-0.052786466,-0.09213158,0.0990326,0.02469414,-0.10479772,-0.10392095,-0.10086185,-0.080140345,-0.05963402,0.036737375,-0.08723612,-0.0054336446,-0.10647154,-0.12368893,0.07149605,0.15185043,-0.0068286653,-0.0014330744,0.044689648,-0.011340105,-0.011342301,0.11362126,-0.069497846,-0.028721511,0.047234382,0.065114714,0.042899657,-0.046067614,0.022893207,-0.037032645,0.13172615,0.17317371,-0.009719329,0.07720338,-0.018059002,-0.09524519,-0.02418712,-0.019480707,0.0070405165,-0.004466618,-0.025617946,-0.06887044,-0.14715937,0.012942989,0.13565351,-0.014948781,-0.0061424864,-0.07342809,-0.0749675,-0.086965166,-0.012255981,0.04675908,-0.012109187,0.08785585,-0.04446002,-0.036582995,-0.035985105,0.061933324,-0.10872169,-0.026992753,-0.026174359,0.029431552,-0.123849906,-0.051511873,-0.10199842,0.02281219,0.013374605,0.09801191,0.072041206,-0.025943413,-0.07059889,0.0046508885,0.0029372044,0.011497441,-0.016203752,0.020689229,0.07854614,-0.07038261,0.16853182,0.05269517,0.17614752,-0.08071775,0.031620447,0.012637518,0.028304316,0.062084105,-0.011692482,-0.09132409,-0.049677353,0.011700191,0.06786058,-0.013513803,-0.08246569,-0.05676625,0.024511207,0.013103812,0.10942565,-0.030826893,0.11990615,-0.037397034,-0.007849519
TCGA-E2-A1L8-01A,0.014046931,0.0018570235,0.073650174,0.017371692,-0.07559385,-0.027230322,0.009277809,0.018049106,-0.107388005,0.09136051,-0.018111497,-0.09121965,0.07844313,0.061346866,0.09457872,-0.07255595,-0.011551213,0.09483202,-0.023824837,-0.07721936,-0.031231973,0.0015660044,-0.081730306,0.011567639,0.0010897688,-0.11429546,-0.12358317,0.0012101174,0.009621603,-0.017117811,-0.117790155,0.043299902,-0.07382897,-0.1187962,-0.025501585,-0.092330605,0.05524394,0.012554624,-0.025042454,-0.05814555,-0.021986699,0.16696899,0.071329914,-0.0856904,0.013900691,0.026123414,-0.008743472,0.022119433,0.012232687,0.17884594,0.15194893,0.009807134,0.06342039,0.023990491,-0.04615481,-0.06052371,0.13960482,0.064385474,-0.10945863,-0.0016114783,0.09645456,0.024459371,-0.14308737,0.024209326,-0.03839108,0.030375646,0.07400502,0.015795311,-0.101815194,-0.033374015,-0.1839477,0.010227752,-0.016225817,-0.21740237,0.05066257,-0.059952296,-0.0032690112,0.09520803,0.1580386,-0.022875287,-0.010072131,-0.04085914,-0.04407534,-0.046272792,-0.034442306,0.0043905876,-0.09853168,0.10863283,0.031010287,-0.0019812663,0.09273406,-0.032234557,0.11799406,-0.00525967,0.10731529,-0.04654936,-0.078734085,0.059403345,0.019395143,-0.039231203,-0.05115826,0.1436536,0.01858504,-0.11547424,-0.022217488,0.016374413,-0.03247706,-0.045592036,0.06414009,0.09131391,-0.04144374,-0.0776339,-0.030465782,0.02292804,0.102219924,0.020191224,-0.060487516,-0.12289283,-0.06943404,0.015280645,0.1432672,-0.11621892,0.024137355,0.028199295,0.02518933,0.07339955,-0.02074026,0.066374674,0.0074067577,0.08940077,0.05015046,-0.13051064,-0.050816815,-0.000724317,-0.16914275,0.056657948,-0.09852545,0.039440278,-0.023618344,0.0982007,-0.038868483,-0.07641786,-0.07347286,-0.013602987,0.042005334,0.10392124,-0.052672397,-0.0692457,-0.05372338,-0.05244275,-0.019062566,0.12765354,-0.059720203,0.024292674,-0.056987878,0.056785792,-0.005339509,-0.0044115987,-0.08023526,-0.084771164,0.057648987,-0.055061225,-0.044013057,-0.1507465,0.076935254,0.038980927,0.011913031,-0.024899004,-0.007708216,-0.0027680676,-0.0022873015,-0.07751766,-0.032659903,-0.017558923,0.116502464,-0.065486275,-0.05615326,0.042917125,0.06904649,0.05961996,-0.010912548,-0.0024587866,-0.050970018,0.008014356,0.047033448,-0.04145033,-0.08297599,-0.013140019,-0.020326301,0.05285269,0.032735445,0.0074723912,-0.043728236,0.014462946,-0.049519982,-0.047871836,0.11792097,0.10620318,-0.03451429,0.01192178
TCGA-S3-AA0Z-01A,-0.035682496,-0.040473647,0.06127327,0.075183734,0.048480205,0.06695212,0.048154544,0.019822422,-0.032176353,0.11044655,0.035249252,0.027944963,-0.072654724,0.17277947,0.12767299,-0.024319725,0.04958461,-0.01743071,0.081662804,-0.12606575,-0.18081625,-0.10614823,-0.12460125,0.02834191,-0.017018054,-0.042182367,-0.1886638,0.02896271,0.016388612,-0.02611059,-0.03676436,0.028609782,-0.119067885,-0.09504604,-0.12593907,-0.055080038,0.030638468,0.0021128454,-0.008914523,-0.14748342,0.030723196,0.08690433,0.12131259,-0.12589039,0.06804355,-0.008454024,-0.011296261,-0.00039773996,0.08868615,0.08311192,0.104679495,-0.022211103,0.034285817,0.13101418,-0.00926273,0.096443266,0.027689382,0.05984112,-0.09160797,0.089264795,0.04097008,-0.026549302,-0.048716,0.019484254,-0.07074424,-0.024245031,0.13322757,-0.07108033,-0.07904642,-0.043336328,-0.032964267,-0.007280235,0.08183233,-0.08146483,0.110750236,0.054931637,0.034328844,0.07555655,0.014658692,0.003639042,0.06714171,-0.04608353,-0.07221081,0.042638514,0.0061084097,-0.04885968,-0.012283967,0.040675286,0.1172647,-0.008810081,0.014562141,-0.16635025,0.029861819,0.032748446,-0.027450087,-0.03923444,0.0024933943,0.039049573,0.12999669,-0.10486786,-0.019594884,-0.056964844,-0.018844621,-0.12345668,-0.035280302,-0.008006522,-0.13370131,-0.04040257,0.049359657,-0.083650775,-0.006559554,-0.03595565,0.015768778,0.06715699,0.12607093,-0.0037621965,-0.109367535,-0.048386287,-0.0970436,0.0005116878,0.10335822,-0.08191637,0.099140994,0.050267074,0.041981924,0.020445082,-0.018027017,0.08716677,0.020819088,0.08051315,0.0969186,-0.07626303,-0.042872533,-0.050072968,-0.09701443,-0.062370483,-0.09127199,0.028603086,-0.06028239,0.008748832,-0.071161695,-0.15041114,0.014214067,-0.0016840848,0.0022366415,0.003992698,-0.14202937,-0.084262915,-0.06770918,-0.025435166,-0.101997264,0.009249842,-0.017540706,0.009792141,-0.016876929,0.04093152,0.12754746,-0.033274192,-0.04098184,-0.009757582,0.038366947,-0.058347102,0.020031942,-0.14194171,0.07701612,0.009908542,0.12386799,0.11577952,-0.03622161,0.015923409,-0.036854234,-0.109686226,0.09407042,0.054746863,0.03832389,0.007566058,-0.029990591,0.039039265,0.030961942,0.08900445,-0.027226306,-0.067065984,0.01359985,0.02912478,-0.018812058,-0.008115277,-0.07377816,-0.03785044,0.027422667,-0.013557863,0.05423137,0.02382844,-0.13152657,0.03029255,0.08659389,0.0084383935,-0.003102519,0.031633478,-0.023044214,0.05560427
TCGA-BH-A1FC-01A,-0.0066014603,-0.06775396,0.16366431,0.08101982,0.06526206,0.06592691,-0.04439497,0.012499941,-0.06672979,0.056798328,0.008105054,-0.052309047,0.005137296,0.09108441,0.124933004,-0.11799167,0.0024977613,0.11258125,0.07888595,-0.07871451,0.0243358,0.045919366,-0.0881195,0.053274333,0.031867202,-0.050590895,-0.10690829,-0.050841488,-0.011688989,-0.102145255,0.021354266,-0.026556132,-0.033018805,-0.12419232,-0.12411775,-0.12971619,-0.06046882,0.028555365,-0.06830097,-0.0770207,0.051308412,0.07781203,0.04103172,0.0013808489,-0.044353556,0.032218993,0.006431417,-0.014663105,0.013589181,0.17823458,-0.07480102,-0.025714457,0.076455615,0.11076981,-0.021944402,0.036001954,-0.003465978,-0.05045982,-0.033985455,0.005809734,-0.0050569135,0.035579465,-0.02977308,0.07534647,-0.057493296,0.0007635746,0.1512903,-0.008535575,-0.11498412,-0.0533088,-0.019621683,0.051907316,0.0647183,-0.07858348,0.061357617,0.016941585,0.014220879,-0.008475949,0.042687126,0.059232567,-0.05238651,0.013507498,-0.027979469,0.11686345,0.028160516,-0.062831625,-0.022875508,0.049097322,0.14985773,0.039944183,0.12879667,-0.10989012,0.07787597,0.00016205704,0.15100032,-0.00596568,-0.09316266,-0.00018736612,0.005238933,-0.08992512,-0.05595839,0.086255655,-0.041865405,-0.028622573,-0.030394424,-0.016668884,-0.12482818,-0.1569073,-0.04690153,0.06585782,0.019075938,-0.060487293,-0.11946763,0.20662369,0.16128801,-0.0296131,-0.0466125,-0.0032244236,-0.09056503,0.10469942,0.11833982,-0.10055297,0.038349207,-0.057622127,0.02466354,-0.05840079,-0.09095169,0.07828986,-0.04089882,0.11300609,0.10523225,-0.06594099,-0.018534958,-0.007813087,-0.17701986,0.0062917597,-0.067216456,-0.033256993,-0.047904816,0.050710287,0.059693262,-0.12681195,0.0064368965,0.016655123,-0.05194125,-0.02401062,-0.07539714,0.002234153,0.009021667,-0.06166457,-0.10870931,-0.025438733,0.08498154,0.07161283,-0.07578177,0.055029813,-0.008949234,0.004548554,-0.046561543,-0.028330088,0.040560823,-0.056966722,0.06651082,-0.07225279,-0.012218341,0.011861622,0.10721302,0.06728732,0.01340013,-0.075026974,0.01425987,-0.038476173,0.024177488,-0.042006876,0.053081848,-0.07678443,-0.13173066,-0.0035467462,0.12009117,0.108693734,-0.0826722,-0.06491808,-0.06475815,0.056889616,-0.0004119579,-0.04403542,0.01800617,0.013075745,0.027763074,0.024342285,0.06101865,-0.08878488,0.00096824695,0.06973077,0.015867583,-0.052031595,-0.016347716,0.038322847,0.0037757903,0.05905171
TCGA-C8-A1HI-01A,-0.06789195,0.055866856,0.0511534,0.07913962,-0.023945903,0.05075762,-0.021442564,0.022102881,-0.042289052,0.024303742,0.014374366,-0.017008396,-0.005189707,0.108163446,0.020631451,-0.09279765,0.035489276,0.002266678,-0.020607559,-0.07289762,-0.08130288,0.0010718389,-0.013876908,0.07660592,-0.12047676,0.049552962,-0.13734663,-0.07533621,0.04737541,-0.036864754,0.060157668,0.0012022604,-0.18507965,-0.095103495,-0.064986184,-0.16247852,-0.069417514,-0.044172585,-0.14367354,0.019529555,-0.031060973,0.07245008,0.18598565,-0.058589425,-0.07171365,0.01920912,0.06521476,0.046109322,0.012758144,0.04404452,0.18083547,0.04231112,0.046285674,0.005120136,0.013535261,-0.037287656,0.03893481,-0.025123142,-0.043961827,0.011815986,0.07709735,-0.014397204,-0.055932935,0.038269654,-0.035483077,-0.03008035,0.18451668,-0.04643785,-0.014547491,0.017243203,-0.06377131,0.045644987,0.04462884,-0.19419344,0.16304007,-0.038300604,-0.007828542,-0.005380964,0.06717897,0.0144852875,0.014908957,-0.061858203,-0.05139212,0.030877845,0.05076636,-0.16812763,0.07136232,0.083787665,0.0335443,0.011140547,-0.038356986,0.017370388,0.062736414,0.06837379,0.12867974,-0.088814296,-0.057809323,-0.05992784,0.053946927,-0.033043347,-0.020687655,0.09512749,0.0097189,-0.07755289,-0.04484815,0.03886712,-0.025523148,-0.11491808,0.08658392,0.0928742,0.053186655,-0.15071476,-0.11379265,0.088628925,0.10312728,0.017247418,-0.0525404,-0.027605658,0.0026399682,0.0508557,0.18102437,-0.028877553,0.06652717,-0.0034852289,0.021527646,-0.0074547664,-0.11376668,0.04154236,-0.057637867,0.07648109,0.075483896,-0.06258012,-0.027615713,0.0146856,-0.18134306,0.037474457,-0.051844735,-0.013521348,0.107864365,0.0221346,0.044008814,-0.12467823,0.014488626,0.037342455,0.026968949,0.02199857,-0.14375587,-0.014071899,-0.0078285085,0.015696,0.05903659,0.011785521,-0.05526497,0.026946947,0.03952112,0.03470365,-0.06749685,-0.13565843,-0.0932906,-0.06257465,-0.07434115,0.0006635939,-0.00067464483,0.004626196,0.0067519834,-0.0030938229,0.09825003,0.030769035,-0.047116514,-0.049855873,-0.03444815,-0.06598162,-0.026139732,0.032769542,-0.0031599987,-0.07475895,-0.04026966,0.06829368,0.083980225,0.052539222,-0.069330774,-0.017783185,0.024083111,-0.034165364,-0.029703308,-0.07221431,-0.052830137,-0.039727286,0.039601933,-0.041040756,0.12401846,-0.06530735,-0.08509085,-0.042427573,-0.09302561,-0.049013477,0.06880205,0.10712632,-0.083072715,-0.059731998
TCGA-E2-A1IK-01A,-0.040474713,-0.09583025,0.06493973,0.024183867,-0.008340551,0.07196124,0.012781944,0.046481486,-0.065588675,0.041144848,-0.05791319,0.034605857,-0.0067599965,0.06378279,-0.01635362,-0.08965542,0.01820469,-0.04319157,0.032050744,-0.11640798,-0.07635792,-0.016057838,-0.102335684,0.102766834,0.052465502,-0.024664063,-0.17664242,-0.10578614,-0.015684996,-0.068564996,-0.09142315,-0.009931193,-0.06344036,-0.12005301,-0.117608584,-0.04907949,0.04831278,0.020035999,-0.05886507,-0.045843676,0.03059869,0.056441154,0.10401817,-0.104087144,-0.012971365,0.04602058,0.05388689,0.04712059,0.10290074,0.10493914,0.075037055,0.05137056,0.018219218,0.14111829,-0.045426425,0.019936433,0.090282425,0.08996581,-0.020452427,0.02054595,0.11353387,0.040292688,-0.042579122,0.075812496,0.019185262,-0.1409043,0.04290851,0.0022723896,-0.09224291,-0.0029551291,-0.18889743,0.022350017,0.07343593,-0.18413815,0.09976102,-0.071340635,-0.02315029,0.06606929,0.083945565,0.023971593,-0.044319876,0.03247326,-0.071430564,0.01092754,-0.04612746,-0.09272988,-0.024070108,0.022625849,0.079465404,-0.019838529,0.059138432,-0.09048614,0.07371406,0.015623922,0.066039376,-0.00391064,0.0136946365,-0.0679591,0.025274387,-0.0053542797,-0.05526531,0.07945876,0.0051528844,-0.0784896,-0.052638844,0.025596052,0.105998896,-0.13355422,-0.024860417,-0.0015115691,-0.022766253,-0.051315557,-0.07268134,0.06307741,0.041287027,0.040709496,-0.04221878,-0.026545536,-0.027907602,-0.08076816,0.12694077,-0.14148566,0.10706765,0.0071285404,0.050993968,0.009801566,-0.05132555,0.044534937,0.06346313,0.1356782,0.05903696,-0.07324788,-0.042185456,-0.034270536,-0.0792093,-0.010639232,-0.043391604,0.115037605,-0.021778097,0.048909724,-0.073575355,-0.18561392,-0.04362786,0.022587355,0.011984048,-0.02191416,-0.028807404,-0.015936151,-0.07994831,0.0002059205,0.015527053,0.07483034,0.00038552223,0.006405834,-0.013008936,0.01631908,-0.009443391,-0.01039953,-0.15077119,6.383631e-05,-0.011694679,-0.06279137,0.08534053,-0.10320409,0.016632626,-0.03519396,0.17128749,0.028792465,-0.0104867555,-0.011723635,0.028270682,-0.11260915,0.05486804,0.107122384,0.020248761,0.03352493,-0.1327311,0.043911908,0.010830221,0.10959185,0.0044335546,-0.039655097,-0.054278128,0.065569684,0.08666887,-0.08516546,-0.089248426,-0.01492569,-0.08824075,-0.022751134,0.106574275,0.040833205,-0.113150224,-0.022057997,0.021559618,0.039464325,0.13930416,0.105824985,-0.106485195,-0.048378494
TCGA-GM-A2DO-01A,-0.022280617,0.04212172,0.08723409,0.008562928,-0.029439302,0.153581,0.024900343,0.038453396,-0.088523306,-0.030915681,0.02877504,0.034039807,-0.095960364,0.13585453,0.14489636,-0.102959625,-0.07066972,0.12720262,-0.014697903,-0.08926287,-0.03766187,-0.026210379,-0.019039111,0.050434813,0.0015389996,-0.04085697,-0.15891351,-0.06007944,0.026680749,-0.029420948,-0.06129175,-0.04824204,-0.09851202,-0.10439321,-0.134286,-0.10164865,-0.007991052,0.018353375,-0.027696732,-0.038510837,-0.010921618,0.06742598,0.046592187,-0.056926206,0.017754432,0.016024094,0.06440478,0.058256086,0.054520022,0.08602197,0.030271946,0.10043565,0.080919385,0.044010893,-0.030128308,-0.022321943,0.16195256,0.032677397,-0.0191201,0.0667911,0.06631857,0.004472377,-0.056378454,0.06077111,-0.0377004,-0.12438667,0.080549255,0.019576106,-0.11996272,0.08021609,-0.1228373,-0.026151223,-0.010791546,-0.1353757,0.07869576,-0.032428283,0.010946125,0.0536621,0.051626857,-0.032780766,0.026012685,-0.095482975,-0.0792373,0.10301018,-0.024160413,-0.019895032,-0.03098045,0.03803915,0.10826502,-0.0019553897,0.14690275,-0.08025141,0.018710546,0.026538117,0.09534519,0.053475216,-0.084448926,0.097795784,-0.045426182,0.066658475,-0.00077036896,-0.019234225,-0.0044967295,-0.046729617,-0.05932722,-0.052907523,-0.08575162,-0.06612765,0.07102567,-0.02039963,-0.048812035,-0.031150231,-0.11293942,0.04294674,0.11307225,-0.0052838367,-0.0025422235,-0.0039024209,-0.016865877,0.015870288,0.14367528,-0.106789984,0.020753475,0.04247064,0.060004316,0.012356938,-0.01631439,0.0561264,-0.015002922,0.032769453,0.091082156,-0.02584187,-0.019687394,-0.08926671,-0.15471697,0.05482458,-0.027975742,0.06746267,0.011364451,0.042721193,-0.027710054,-0.12184394,0.013884274,-0.03421914,-0.04513513,0.04796557,-0.02928771,-0.026908595,-0.044422075,-0.07828399,-0.04529579,0.06154157,0.00028393907,0.057395797,-0.16270171,0.027367909,-0.0060944213,-0.086211935,-0.047990542,-0.047567315,-0.07447262,-0.10645184,-0.034684025,-0.20356752,-0.03984274,0.023012387,0.12592277,-0.04243124,-0.041639894,-0.115673475,0.022077302,-0.10331313,0.038307555,0.039521113,0.012935317,-0.08119146,-0.065317415,0.085515395,0.097605206,0.15567659,-0.05214024,-0.035863813,-0.034320526,0.14473478,0.03197515,0.06355291,-0.13332127,0.062122244,-0.071253516,-0.04017572,0.08892427,0.0008942813,0.0072136293,0.002383576,0.020878632,0.061118446,0.042424347,0.05673966,-0.060347352,-0.07400624
TCGA-E2-A1L7-01A,-0.01889156,-0.10619344,0.15494539,-0.0073820385,-0.0477131,-0.017356435,-0.008927915,0.08751618,-0.030243777,0.05467082,0.007775884,-0.0007784645,0.018477133,0.07894697,0.05762304,0.020717017,0.024809448,0.13961472,0.03676657,-0.07154297,0.021825373,-0.051752392,-0.05601451,0.046193622,-0.0071248026,-0.0045489143,-0.1319724,-0.013823759,0.046548676,-0.15249874,-0.082965955,-0.030142035,-0.06969926,-0.09741788,-0.090415806,-0.07792834,-0.058467355,0.008907392,-0.0738952,-0.13713975,-0.02359764,-0.05797998,0.078827,-0.055584304,0.07742278,0.00047440128,0.04835619,0.00034377052,0.0769193,0.08693672,0.047303714,0.03396211,0.03302239,0.0905255,-0.0060121617,0.0013964702,0.061391782,-0.049749345,0.0080733085,-0.056655094,0.045431275,0.026508383,-0.01641151,0.031689066,-0.00524186,0.008885687,0.07186003,0.015210236,-0.06295637,-0.01874686,-0.142302,0.028036917,0.007341578,-0.24834688,0.012686135,-0.025332794,-0.05358098,-0.024785146,0.10069318,-0.060557865,0.02665382,0.060888615,-0.027296096,-0.01834487,-0.03248234,-0.030192763,-0.08966208,0.06255125,0.0704697,-0.023052145,0.055898808,-0.10237446,0.08250892,-0.022291323,0.08267868,0.023699317,-0.083416246,-0.031800315,0.048662875,-0.076540485,0.011679252,0.120797694,0.06032893,-0.09270622,0.014223728,-0.015823392,-0.10906397,-0.02976416,0.087770924,0.014185375,-0.022063864,-0.124485075,-0.034983575,0.14342313,0.16285075,-0.01654176,-0.034723945,-0.10425022,0.03273125,-0.0031105538,0.09800068,-0.1114177,0.016849676,0.050142776,-0.13260147,0.026764337,-0.0784082,-0.0099716475,0.016500719,0.09834905,0.11929596,-0.13190709,-0.03841347,-0.09035825,-0.10837596,-0.10731417,-0.122225724,0.020185603,-0.08421951,0.11562289,0.026299007,-0.11948385,-0.031003885,0.030980432,0.08026676,-0.011231443,-0.05133576,0.022978859,-0.11663708,-0.022781579,-0.015517518,0.048524924,0.061530754,-0.05939661,-0.043306693,0.023500497,0.050983362,-0.008069565,-0.11034535,-0.06515074,-0.04021472,-0.055772975,0.0011178559,-0.19178712,0.022591613,0.011088272,0.10534433,0.010459996,-0.0487217,0.03736238,-0.017426675,-0.12712346,-0.06240727,-0.000712677,0.05858345,-0.095139734,-0.114260964,0.07926032,0.11589381,0.06400625,-0.058614206,-0.050332244,-0.008894718,0.09869411,0.01949221,-0.06398806,-0.10687245,-0.005326612,0.00439258,-0.048841927,0.11229986,-0.06453899,-0.032875534,0.035148304,-0.0065385285,-0.097082205,0.03949252,0.03977336,-0.015419039,0.074226744
TCGA-E9-A1N5-01A,0.0117641855,0.0025016707,0.06771332,-0.037495904,-0.044346053,0.018284027,0.045844853,-0.06998067,-0.03558613,0.06635591,-0.091463625,-0.13044326,-0.017625187,0.15393963,0.110987656,-0.008145887,-0.023545701,0.059169512,-0.0054734433,-0.1473287,-0.07451398,0.015406745,-0.10905256,0.038538348,-0.019184876,0.009119349,-0.20855908,-0.10617451,-0.033108614,0.0136911925,-0.12684429,0.005771917,-0.12199979,-0.056043867,-0.008816243,-0.13692614,-0.003360382,0.03371738,-0.073124446,-0.016470803,-0.048786514,0.081464924,0.09877417,-0.0136368135,-0.09962216,0.0074076233,0.019328868,0.014225171,0.0042756298,0.041024696,0.017182939,0.09084148,-0.008384968,0.04180097,-0.053728994,-0.013344983,0.083081074,-0.0685472,-0.020103479,0.062273033,0.006045551,0.008470731,-0.13197657,0.18908753,0.012825376,-0.101953,0.105983645,0.0001765075,-0.13348834,-0.039892294,-0.11541561,-0.0011344758,-0.06485885,-0.15450591,0.043433547,0.014070926,-0.048903152,-0.03278586,0.11082882,-0.017948039,0.026789749,-0.0037826847,-0.0836593,0.105674356,-0.04256088,-0.021900972,-0.015280982,0.07102126,0.061282117,0.04360437,0.017730767,-0.06973868,0.10283142,0.055531368,0.07589828,-0.12357057,-0.013229457,-0.017262734,-0.021681555,0.018038573,-0.06493502,0.05449133,0.03257525,-0.07427404,0.04231817,-0.012305829,-0.0036105535,-0.07462896,-0.014280732,-0.037478086,-0.0042631356,-0.12174314,-0.13577203,0.059513453,0.10403114,0.0288532,0.010857778,-0.037806768,0.005936439,-0.13041162,0.07479343,-0.1057617,0.036915656,0.080488086,-0.033795435,0.005840677,-0.09464836,-0.022036616,-0.009163357,0.10902476,0.14769511,-0.03379034,-0.031251337,-0.07100415,-0.14482564,-0.044570133,-0.07561469,0.023439586,-0.045449276,-0.04152806,-0.022637585,-0.12990426,0.020961735,0.001488009,0.0072141597,-0.11178482,-0.0713367,0.020152327,-0.11071865,-0.04519782,-0.095196456,-0.0226815,-0.089103825,0.09129158,-0.049432155,0.10509423,-0.027842881,-0.054310244,-0.07579457,0.020002725,0.04213379,-0.028661411,0.019996118,-0.19254406,-0.04052473,0.047795914,-0.009962393,-0.04381762,-0.009364243,-0.06841355,-0.024566585,-0.04317682,0.09791692,-0.0208216,0.058588214,-0.03136338,-0.0973068,0.10917469,0.11749613,0.14591673,0.055147827,-0.062272586,0.038916253,0.044450384,0.0070208306,0.012320328,-0.08123839,0.022488384,-0.07182401,0.008044845,0.03955686,0.005886929,-0.08038524,0.02274746,0.025034266,0.03423718,0.09195969,0.01816994,-0.05214999,-0.0234846
TCGA-AN-A0XT-01A,-0.018347263,-0.02992949,-0.024063077,-0.0004877995,-0.027800465,0.09919217,0.023105724,0.024284469,-0.025017591,0.053029597,-0.026539342,0.015338085,-0.004877079,0.07156244,0.10628404,-0.00988988,0.01509861,0.07668466,0.0027588173,-0.09525622,-0.060116876,-0.07076883,-0.08783138,0.1358179,0.020830415,0.017642776,-0.11056855,-0.121687375,-0.056567304,-0.061413556,-0.10334143,-0.027475182,-0.12693533,-0.087364204,-0.03526918,-0.105442725,-0.017659614,-0.013117515,-0.04165643,0.044974454,-0.040141165,0.056601662,0.09899505,-0.00808394,-0.019229617,-0.027837764,-0.039198298,0.029879332,0.0695909,0.006144551,0.067987725,0.117909566,-0.022852888,0.016241426,0.029926788,0.051875535,0.0885369,0.026750725,-0.048982404,-0.052800633,0.058436636,-0.046358895,-0.00756026,0.12053513,-0.08336815,-0.03322051,0.025746176,0.028360067,-0.07853782,-0.05998132,-0.08654592,0.0071575814,-0.05256757,-0.21225005,0.11377598,0.03044322,-0.026417881,0.00065323483,0.14535531,0.019792829,-0.07841305,-0.073764704,0.013359844,0.02737786,-0.03939634,-0.1413244,-0.0202146,0.024510976,0.06862764,0.026280992,0.049481593,-0.10108773,0.093433134,0.052535202,0.09281476,-0.08784616,-0.0772851,-0.09605,0.080757506,-0.07861787,-0.06288641,0.087888025,0.051822502,-0.09943315,-0.06634539,-0.02626009,0.02321098,-0.035350185,-0.030833093,-0.042839818,-0.09973113,-0.04355752,-0.0008495973,0.12326512,0.010867112,-0.06778236,-0.019953972,-0.024265695,0.0531515,-0.010923044,0.11268252,-0.07037088,0.013290285,-0.01693014,0.013622272,0.04455086,-0.02758208,0.08142922,0.05687422,0.15426983,0.07956391,-0.16082232,0.020148395,0.004609911,-0.15814592,-0.09426618,-0.09116909,-0.065923125,-0.067148514,-0.0005961772,-0.0023754803,-0.11273406,0.12236737,0.013815965,0.017692784,-0.048067186,-0.1338002,-0.010382664,-0.063551724,0.029411167,-0.06716644,-0.016016616,0.0071060387,0.060005326,-0.09902706,-0.021895392,0.01170678,0.03416671,-0.044445805,-0.024205174,-0.06151248,-0.037138965,0.06631318,-0.2154192,-0.06533507,0.10515,0.15910773,-0.031233491,-0.019732967,-0.008102074,0.06099395,-0.073101476,0.068818055,-0.022121748,-0.058143113,-0.0741759,-0.12544496,0.0418443,0.015120067,0.12849516,-0.07213701,-0.043958895,-0.069213726,0.11688909,0.15085615,-0.014700442,-0.029753176,-0.06682702,-0.05748594,-0.012819323,0.09491486,-0.067639776,-0.104069754,0.04247577,0.03834719,0.011025883,0.063226864,0.024663983,0.009776834,-0.014829373
TCGA-AO-A1KT-01A,0.018774977,-0.07229436,0.117293626,-0.030162295,0.0055397092,0.059804525,0.0113406,0.070551395,0.016410267,0.0936869,-0.036059912,-0.04878783,0.005389546,0.15193954,0.17753741,-0.021996776,-0.009419536,0.13683417,-0.033576827,-0.105502196,-0.042769916,-0.006733066,-0.07607921,-0.0035393804,0.016464373,-0.012272498,-0.1306663,-0.075775996,0.09885908,-0.046128903,-0.016830772,0.02737465,-0.11440583,-0.07884226,-0.07935503,-0.17298381,-0.040520612,0.12743981,-0.06742666,-0.0024297694,-0.06233172,0.028687764,0.045006864,-0.015871877,0.023552913,-0.005947098,0.008752102,0.04613321,0.038739037,0.03525512,0.019585598,0.029609898,-0.025780914,0.12026851,-0.020846238,0.04029528,0.116880484,0.04500026,-0.06873514,-0.047300417,0.15265374,-0.032964412,-0.08832321,0.1361413,-0.033557512,0.036221,0.08000437,0.060053147,-0.09836929,0.055354428,-0.11751472,0.055717368,0.0005560236,-0.16151343,0.038629696,-0.057478838,-0.086453654,0.11089366,0.09031316,-0.031310633,0.026230242,-0.06955253,-0.024528971,0.09441705,0.023704894,-0.04551139,-0.030991854,0.13063487,0.11056235,-0.107024856,-0.026864018,-0.033243638,0.040450625,0.065873474,0.03488864,-0.011746038,-0.09483972,0.016006455,-0.0060886354,0.055646107,0.0133793345,0.069346994,-0.057650223,-0.060622863,-0.12351882,0.052327525,-0.040971443,-0.09110972,0.05486027,-0.029120512,0.005661855,-0.009428935,-0.07964094,0.09389307,0.058655705,-0.06078616,0.019696409,-0.05936109,-0.013107682,-0.014889464,0.14075325,-0.15715905,0.09256092,0.006932651,0.085399285,0.06305353,0.030055698,0.06964138,0.07255543,0.0921524,0.0041216314,-0.06611387,0.03087383,-0.024646359,-0.16878156,-0.006005058,0.043261394,-0.009770009,-0.031327866,-0.0004314321,0.013268028,-0.15791772,0.024193214,0.02601912,0.042609457,-0.022649674,-0.07883322,0.004665845,0.035418846,-0.018787988,-0.065149434,0.10352201,0.04425415,0.045822736,-0.006883455,0.11876319,0.0066179773,-0.023555757,-0.12057257,0.0115938345,0.074279144,-0.090124294,0.0042675002,-0.094880104,0.03152566,0.02899756,0.14016822,-0.028872492,-0.045456626,0.035519466,0.091588154,-0.11438106,-0.027633296,-0.07689502,0.065125816,-0.013075724,-0.054290064,0.082912356,0.12598404,0.069844685,0.06653213,-0.04273524,-0.024960525,0.0036568125,0.08724211,-0.07274355,-0.038987774,-0.0106449295,-0.018619101,-0.00604136,0.16095848,-0.059121627,-0.02285402,0.032387305,-0.07679608,0.10247209,0.04472152,0.057924487,-0.017761724,0.0041040955
TCGA-EW-A1PG-01A,-0.045578368,-0.006867586,0.14592949,0.09322963,-0.03525447,-0.013596705,0.038832724,-0.054071948,-0.0349866,0.076943874,0.015696933,-0.040217247,-0.038790394,0.15192007,0.047281098,-0.04741498,0.066461556,0.036766015,-0.05823282,-0.05079978,-0.0111675095,-0.14085965,-0.08622428,0.14596973,0.027901182,0.019406706,-0.15524788,0.04776345,-0.022310361,-0.05646548,-0.1007893,0.060774583,-0.062417537,-0.12139752,-0.091757715,-0.029683284,-0.03732017,-0.004237792,0.039547514,-0.024427695,-0.03031676,0.037984803,0.034705468,-0.07983038,0.0129203545,0.03708511,0.13583736,0.059691675,-0.0069968062,0.14042377,0.062932156,0.076036155,0.030372584,0.079903744,-0.04664787,-0.025094254,0.08990278,0.005580332,0.008332675,0.06849726,-0.0068183523,-0.039146215,-0.17932497,0.13564102,-0.0019926128,0.00065679714,0.20473197,0.0079725785,-0.0969396,-0.055614382,-0.11293019,-0.01967063,-0.0034456982,-0.13289918,0.09467706,-0.037827823,-0.04177619,-0.05630183,0.101147324,-0.15783197,-0.031175505,0.063470945,-0.021925788,0.058916528,-0.07657737,0.04076401,-0.05815794,0.09424729,0.066438064,-0.056470647,0.057618007,-0.020057365,0.08260637,0.0046374626,0.009145513,-0.073848486,-0.087786146,-0.07121394,0.00043898352,-0.1251463,0.022786278,0.07165384,0.047932774,-0.09818785,0.047436386,-0.01666468,-0.14344716,-0.09135014,0.044015296,0.013461153,-0.050075255,-0.0984946,-0.044599596,0.08161488,0.08966326,0.0065547023,0.034068696,-0.07869739,-0.03487732,-0.06250224,0.047076747,-0.111007474,0.07013293,0.032846987,-0.002128856,0.041140843,-0.033285156,0.06403223,-0.01244832,0.12807733,0.08015925,0.008438553,-0.025190532,-0.072916046,-0.1444733,-0.014890568,-0.07290559,-0.020880893,0.023359016,0.031406585,-0.09654732,-0.12014698,-0.10367467,0.015521549,0.028708998,-0.011823745,-0.15174875,-0.03128624,0.0006685535,-0.02985976,0.0195998,0.0043101506,0.071067974,0.039533116,-0.065056205,0.00789559,-0.018633828,-0.029267596,-0.07139575,-0.042839054,0.017577194,-0.024971547,0.030710919,-0.13159287,0.017400254,0.10402264,0.015683342,0.05801014,-0.015142766,-0.0025377572,-0.01928736,-0.009545633,-0.023834083,0.03438325,0.12585665,-0.06799002,-0.0034624478,0.02391863,0.091430075,0.12816794,-0.017251879,-0.08078515,-0.057948206,0.0112323705,0.103983045,-0.05850927,-0.10958208,-0.083020315,-0.08503575,0.0695249,0.091085315,-0.04646061,-0.024292015,-0.017785205,0.053891372,-0.008225791,0.07634659,0.08994074,-0.053396575,0.0766956
TCGA-E9-A5FL-01A,0.012624145,0.0113791395,0.03912677,0.01910152,-0.027739907,-0.0007307498,0.06890218,0.05305858,0.022653716,0.037217986,0.0132037895,-0.02179655,0.037297197,0.17429936,0.062342893,-0.023128942,0.01958349,0.04298341,0.05283,-0.08531623,-0.012471471,-0.06812197,-0.12216366,0.07241174,0.009312537,0.056005623,-0.13213708,-0.05835554,0.018548489,-0.078127325,-0.06201785,0.007244827,-0.07626215,-0.14042023,-0.029364172,-0.030101182,-0.0857183,-0.0018676575,-0.11123648,-0.0013003758,0.061201345,0.12669244,0.11579345,-0.046748444,-0.021986144,-0.017272117,0.095156744,0.068960525,0.02161427,0.10680373,0.016788417,0.099603176,0.07138848,0.08758478,-0.030242331,0.013635003,0.06365535,-0.016899392,-0.0068035587,0.075013325,0.06853249,0.016218357,-0.15348801,0.12519278,-0.006845238,0.0039891293,0.18332179,-0.012544718,-0.15680373,-0.024593787,-0.056887195,-0.003696403,-0.043704703,-0.1532506,0.12415259,-0.08287349,-0.06146056,0.013722584,0.04327233,0.0022089412,0.084923856,0.013295339,0.010593293,0.14998436,-0.048767854,-0.09523634,-0.017193463,0.12784381,0.017634872,-0.010547477,0.037156403,0.049328882,0.065149225,0.018128907,0.115396805,-0.111491084,-0.028432468,0.02509778,0.031140286,-0.12088362,-0.09369528,0.051437333,0.0129330885,-0.038953073,-0.0645258,-0.060386527,0.007258605,-0.039861284,0.028288005,-0.02645756,0.0011563817,-0.07808833,-0.051640805,0.10506542,0.06423758,-0.026435062,-0.08388566,-0.09216357,-0.08079351,-0.043029517,0.0790012,-0.063604385,0.070525326,0.012707352,0.073736,0.007816015,0.014550405,0.05314757,0.011502182,0.06376802,0.11934371,-0.06503142,-0.011995949,-0.052536007,-0.1273282,0.05466759,-0.048921466,-0.0009225889,0.060961783,0.09376215,-0.014464161,-0.09236144,-0.075678706,0.0067874924,-0.065785065,0.048240475,-0.09772356,0.08777334,0.01315484,-0.010443735,0.016895097,0.043600596,0.09404119,0.046400655,-0.058165994,0.013213501,0.050347943,-0.02840533,-0.014284041,0.06575255,-0.03074355,-0.12242346,-0.064771034,-0.13753621,-0.07100339,0.10714932,0.030305656,0.059826117,0.05711902,-0.091249384,0.044879816,-0.01936976,-0.0574579,0.12327501,0.04061922,0.0118684685,0.003051425,-0.006992011,0.105287775,0.12344372,-0.11257467,-0.10223795,-0.07074689,0.060428027,-0.018450584,-0.078243315,-0.056161877,-0.10045565,-0.103286,-0.053238925,0.022228658,-0.09083443,-0.12412095,-0.004488898,0.08867994,-0.037350837,0.14644273,0.05394051,-0.05123671,0.027687347
TCGA-BH-A0DV-01A,-0.09543705,-0.017004723,0.15679145,0.035407163,-0.048245333,0.010190992,-0.009018003,0.115423955,-0.07650463,0.01349556,0.01577932,0.04180733,0.048129242,0.14143565,0.012415092,0.06892447,0.048359625,0.14523946,0.043539785,-0.15712507,0.015989143,-0.08297744,-0.0064454474,0.06891374,0.06431447,0.026276879,-0.16747186,-0.029945266,-0.113579385,-0.1011918,-0.018133115,0.01452714,-0.12621135,-0.09159724,-0.095418766,-0.12493456,0.047985446,-0.06457804,-0.047495704,0.020159364,0.056510672,0.067184776,0.055307746,-0.12648246,-0.055037014,-0.041673567,0.038628723,0.021410454,0.12038395,0.05797274,0.13411857,0.048256863,0.02690574,0.12160289,-0.08811925,-0.07636655,0.055337448,-0.02747908,-0.020205034,0.10039072,0.030597208,-0.036291506,-0.06263665,0.11805153,-0.047854815,0.017832935,0.09685679,-0.031922802,-0.04594188,0.06167221,-0.08656062,-0.02376051,-0.008731932,-0.13635746,0.11364872,-0.07843909,-0.008706096,0.03739865,0.07691183,-0.081759915,0.036639784,-0.08473913,0.056347646,0.06385593,0.05343984,-0.073482834,0.0022308482,0.06222031,0.024898633,-0.08815754,0.07850509,-0.16988793,0.04075737,0.011441774,0.1736031,-0.09742409,-0.0059830653,-0.06261088,-0.007133157,-0.03173098,-0.010692185,0.051010896,0.009447733,-0.098712385,-0.08623012,0.1063405,-0.027014298,-0.07231683,-0.0137851415,0.020146796,0.067108855,-0.071056135,-0.041764397,0.17161523,0.027478123,-0.10504663,-0.05512671,-0.019434268,-0.05645588,0.023492038,0.0801688,-0.07986372,0.034050617,-0.030159647,-0.014264235,-0.0059572454,-0.028685125,0.045965537,0.023568872,0.059324514,0.06209767,-0.077218585,0.03023643,-0.03339777,-0.091049835,-0.051980697,-0.12725519,-0.06332371,-0.07800808,0.057531215,-0.055517696,-0.016504452,-0.03263993,0.040183384,-0.03270639,-0.006733337,-0.12438566,0.082820386,0.045983903,-0.07802962,-0.015370977,0.036505446,0.010868095,0.04416517,-0.017689586,0.07771364,0.0007416301,-0.04699438,-0.02878615,-0.005027921,-0.013224388,-0.09847125,-0.06506332,-0.15633598,0.036020577,0.020485569,0.103646345,0.015960747,0.026634963,0.012749505,-0.056107253,-0.09116242,0.013470524,-0.03508263,0.0035282625,-0.08425477,-0.011822843,0.08669313,-0.045906942,0.12558983,0.032356083,0.010565829,-0.0038995347,-0.06758121,0.044666663,-0.121820085,-0.10770829,-0.095127024,-0.009544991,-0.027728913,0.05808467,-0.04281703,0.03221326,0.019894317,-0.008213811,-0.0051585985,0.07209769,0.050157014,-0.12651803,0.0966631
TCGA-EW-A1IX-01A,-0.054565802,-0.098017745,0.18035321,-0.023232697,-0.073121935,0.04629643,-0.034900453,-0.02037294,-0.14592244,-0.027444988,0.0019453733,0.06765904,0.035327733,0.14786284,0.05028926,-0.02600209,0.009504535,0.08579576,0.04387929,-0.13855912,-0.108044215,-0.021520317,-0.0049916455,0.08921221,-0.072865166,-0.008475667,-0.08367406,-0.11902459,0.0047632908,-0.034455433,-0.05158946,0.0030733221,-0.12667207,-0.16321033,-0.046481058,-0.14697792,0.0019840717,-0.050018594,-0.036786675,0.0068803243,0.04997116,0.084969796,-0.0011460179,-0.07377785,0.035218738,-0.0351718,-0.0705024,0.034052573,0.09113316,0.0363308,0.006885005,-0.0011264764,0.047134105,0.17168865,-0.060354695,-0.049155775,0.07776996,0.025932645,-0.12222388,-0.017643802,-0.0027953654,0.040833604,-0.07552586,0.044044822,0.008827276,-0.034889285,0.08376515,0.04130946,-0.046546407,0.0075240717,-0.09519154,-0.023308473,-0.014955927,-0.1623061,-0.0075577,-0.00200941,0.02197187,0.047189526,0.055682354,-0.066229664,-0.03718376,0.03878749,-0.06869701,-0.025295282,-0.059616853,-0.06664498,-0.059287097,0.014128562,0.1184062,-0.010963104,0.023010682,-0.15452231,0.079812996,0.030564394,0.09279192,-0.07089897,-0.0018458198,0.041207094,-0.009390146,-0.04770801,-0.029809356,-0.03246411,0.073674306,-0.15253526,-0.08119374,-0.023942346,-0.07380537,-0.084330834,-0.0104347095,-0.09697899,-0.076449245,-0.13760576,-0.08247184,0.105077006,0.10896288,-0.015706794,-0.12045567,0.02887265,0.031420387,0.06160981,0.07132902,-0.04376637,0.04460712,-0.0076312455,0.05796772,-0.048521403,-0.104671195,0.022480102,0.040563554,0.0858305,0.13082063,-0.018952576,0.086713344,0.06291318,-0.13036212,-0.09976026,-0.055148486,-0.049214136,-0.09282617,0.015087405,-0.06474269,-0.12610193,-0.006638232,0.11887434,0.05214303,-0.048810326,-0.11802785,0.047248773,-0.038855765,-0.05923798,0.04090301,0.031259388,-0.015007047,0.02963115,-0.110851936,0.0604646,0.061140403,0.0030943486,-0.14163463,-0.041678865,0.00074217364,-0.08038179,-0.028159129,-0.14327836,-0.11348605,0.058113087,0.13637538,0.03625468,-0.040168595,0.0055240416,0.06289932,0.0012480387,-0.0122343255,-0.023921294,0.09441516,-0.03664427,-0.025311617,0.003324031,0.08080172,0.15826601,0.013109095,-0.018314587,-0.020507606,-0.020221254,-0.013940679,0.051006265,-0.08951978,-0.026799286,0.004901205,0.046015684,0.010496591,-0.031224709,-0.074862584,0.001961813,-0.04578026,0.05418915,0.02117128,0.10268655,-0.04011378,-0.007160451
TCGA-AR-A24H-01A,-0.02274273,-0.027678235,0.16467015,0.09156632,-0.027102802,-0.044413492,-0.0012925987,0.015059998,0.0077627203,-0.010172119,0.0045595528,-0.004380429,-0.022041788,0.13388704,0.13354565,-0.09987247,0.044342194,0.07519897,0.016318444,-0.070908464,-0.122109935,-0.07004294,-0.07938102,0.11371353,-0.038357694,-0.094933115,-0.17433324,-0.062214892,0.089439146,-0.07829063,0.018209163,0.05808389,-0.09488653,-0.073508896,-0.14324133,-0.17062867,-0.07079427,0.044992693,-0.053871788,-0.08411035,0.018839993,0.014144573,0.08357243,-0.06860634,-0.08191562,-0.07972158,-0.018385477,-0.024364132,-0.012128241,0.107162066,-0.010048294,0.036616825,-0.039100543,0.03483377,-0.04429794,0.116663635,0.020026382,-0.009136486,-0.052097585,0.055501103,-0.018864937,-0.05356427,-0.05624398,-0.02465539,-0.022107765,-0.03175537,0.11972555,0.027637254,-0.102638595,-0.0020513383,-0.11147752,0.018077143,-0.006730854,-0.122483514,0.055384666,0.050219387,-0.12426731,0.06508237,0.107135184,0.04571691,0.09098417,-0.017612347,0.018542338,0.0846494,-0.07285717,-0.09721229,-0.04526141,0.062534295,0.11393483,0.015820382,0.0030751945,0.018090831,0.03918865,-0.034007937,0.023991978,-0.114476725,0.024728538,0.03895525,-0.016058762,-0.010118952,0.039927386,0.00046268373,0.08876988,-0.10232574,-0.029659497,-0.053306974,-0.010379952,-0.04348594,0.06210961,-0.050347835,-0.06831001,-0.11632094,-0.099579066,0.10800738,0.14371288,-0.045805104,-0.025869206,-0.06788818,-0.039081108,-0.068733506,0.10802768,-0.12679563,-0.031699717,0.010980939,0.0030097987,-0.0751664,-0.06148369,0.051317923,0.00013592892,0.17494409,0.0725081,-0.08332693,0.05342202,-0.026587304,-0.2106344,0.006977717,-0.008046021,-0.040531874,-0.07103493,-0.02142638,-0.04962799,-0.10649708,-0.0149071505,-0.03522269,0.056420557,-0.05421876,-0.014497633,-0.0123459855,0.007226066,0.040657803,-0.05724309,0.038908754,0.10717768,0.09149585,-0.031084692,0.037313625,0.050638378,-0.07446234,-0.079207346,-0.094461374,0.011522216,-0.050870262,0.15337889,-0.14297113,-0.03281723,0.027708162,0.05479016,0.09326568,-0.016693292,-0.017502872,-0.06578542,-0.09347799,0.0150976945,-0.013880664,0.02515243,-0.067884095,-0.002576151,0.110913545,0.086202085,0.05028581,-0.053386293,-0.05011456,0.029625103,-0.055136707,0.009134116,5.790626e-05,-0.09842992,0.055521112,0.08689736,0.045157503,0.03559873,-0.1056215,-0.06291629,0.09484124,-0.012931655,0.020128513,0.046492316,0.062016584,0.0022059209,-0.0030920093
TCGA-E2-A570-01A,0.006985939,-0.058262583,0.1704029,-0.029926421,-0.03603157,0.02716834,-0.0075953105,-0.00991607,0.05180213,0.05544752,-0.035092257,-0.06808508,0.022364208,0.15445559,0.15596896,0.0062120263,-0.042591274,0.020884043,0.04049739,-0.14047137,-0.014911223,-0.0123913335,0.034540907,0.07843762,0.07683726,0.004707551,-0.029460438,-0.12147098,0.028156504,-0.07316509,-0.08957057,-0.0071439613,-0.04349413,-0.11151979,-0.1010682,-0.1538901,-0.019621829,-0.08106015,-0.055719424,-0.047825485,-0.027032284,0.018043857,0.022627272,-0.04459128,0.01686509,-0.033346307,0.024698516,0.038942102,-0.06356163,0.09790642,0.076602176,0.013777547,-0.054665625,0.13077013,-0.09488369,-0.0219309,0.079253666,-0.003217582,0.026056042,0.021385808,0.0023320743,0.038564865,-0.04948005,0.11362834,-0.049785476,0.046645135,0.15150617,-0.053911407,-0.081919365,0.022877825,-0.19851014,0.052774012,-0.038514845,-0.14646022,0.036373664,-0.015456635,-0.0696845,0.008417507,0.13868806,-0.092925385,-0.017963441,-0.029359989,3.8858736e-05,0.03793543,-0.031921197,0.049000163,-0.11712071,0.05274207,0.15450807,0.00029763274,-0.0042282986,-0.03613647,0.016176617,-0.010604528,0.10025492,-0.024974199,-0.0439076,-0.08160011,-0.042143583,-0.081457704,0.015340589,0.086947635,-0.017287308,-0.061758097,-0.071567826,-0.010162788,-0.12171346,-0.07884822,-0.032731157,0.0610169,0.03660574,-0.036349267,-0.1184226,0.09226224,0.108607106,-0.02808411,0.009517729,0.016205413,-0.052405946,-0.0026850775,0.16805232,-0.09306593,0.0515191,0.0025765258,0.06829547,0.034207534,-0.0058609103,0.08542418,0.015600429,0.094260104,0.037635967,-0.026644431,-0.005617684,-0.10819078,-0.10921446,-0.05368312,-0.15831539,0.046683844,0.009284299,0.05127094,0.0622239,-0.11187847,-0.07706899,0.009815414,-0.028895982,0.016075749,-0.11610223,0.031644862,-0.009796216,-0.058498092,0.054849636,0.01965467,-0.008430399,0.056786332,-0.03380737,0.08994982,0.0344839,-0.04362618,-0.089625545,-0.12132563,0.07344884,-0.056119766,0.04788211,-0.14334328,-0.041977536,0.02656547,0.0077397022,0.019596675,-0.010502917,-0.026051525,-0.0560985,-0.1258836,0.045666184,-0.021192767,0.052379403,-0.075402,-0.1559756,0.09347982,0.03861566,0.13776039,0.017561244,-0.004144553,-0.020803956,-0.009986321,0.057318002,-0.036125284,-0.1568075,0.06908324,0.014147398,0.058914684,0.05626336,-0.013910681,-0.08060529,-0.029978553,0.07306027,-0.013965073,0.11911667,-0.02558701,0.031254724,0.07729185
TCGA-EW-A1P7-01A,0.08333922,-0.05784547,0.17537577,0.018724838,0.023087723,0.028631408,-0.018720152,0.049268894,-0.052089904,0.11294186,0.071779,-0.03434937,0.0076264683,0.16911738,0.081021704,-0.039377708,0.055372857,0.15872651,0.03822877,-0.13403375,-0.103406295,-0.018119175,-0.049594287,-0.012635369,0.03758282,-0.0105948,-0.07123408,-0.0735839,0.08421054,-0.023694774,-0.043360546,0.06814145,-0.15619291,-0.13551727,-0.07143302,-0.10635592,-0.028010378,-0.010829088,-0.040681466,0.0028821158,0.06333497,0.034380015,0.118151,-0.03135919,-0.030282374,-0.017387098,0.07936228,0.07533938,0.06396831,0.13330236,0.033443045,0.047147334,-0.03568159,0.08494425,-0.06993525,-0.007312655,0.099156395,0.081111625,0.022431891,0.019656772,0.0062895864,0.0005611274,-0.05408934,0.06410523,-0.051430386,0.015793547,0.16659942,-0.039363015,-0.053314917,0.0418993,-0.1545909,-0.006208876,-0.014488655,-0.16080941,0.1180504,-0.002564633,-0.02240158,0.05036548,0.050605156,0.015702952,-0.011219411,-0.09749405,-0.020013966,0.09828369,-0.09731123,-0.04093659,-0.0923083,0.011230032,0.023552172,0.0031485967,-0.05226002,-0.04246698,0.066196024,-0.03721694,0.16975883,-0.0971765,0.010899809,0.036135826,0.00079168245,-0.06557099,0.005519039,0.056043018,0.0075255297,-0.06913346,-0.1378955,-0.032487556,-0.108728305,-0.08394972,-0.03208232,-0.038983557,-0.06527767,-0.08388302,-0.10020164,0.028990483,0.07778442,-0.012386123,-0.15866561,-0.040851995,-0.02946612,0.002378103,0.14082894,-0.10676113,-0.018569427,0.02904379,0.04773423,-0.07308933,-0.049762923,0.0617926,0.0410051,0.07231089,0.09563989,-0.017202146,-0.0139316395,-0.04754941,-0.24395593,0.036129095,-0.11340792,0.057392087,0.00013174037,-0.0018708456,-0.045593455,-0.02024431,-0.06802163,0.014604852,0.13400874,0.04518322,-0.05220358,0.021173801,-0.012627573,-0.020586733,-0.034331147,0.04475927,0.0037102203,0.11796207,-0.0030355784,0.04283603,0.039068446,-0.12457955,-0.05757446,0.018820347,-0.0024497712,0.06096888,0.06917988,-0.11976541,-0.0579286,-0.046624232,0.038712546,0.04938593,0.0036113,-0.02642486,0.058509752,-0.046790518,-0.020123884,0.024918275,0.0715453,-0.046023346,-0.050466184,0.0043248553,0.098548196,0.13146114,-0.02926095,0.055913128,-0.060680106,0.01294895,0.04241394,0.025761522,-0.081274346,-0.037333578,0.040493656,0.033618465,0.12528837,-0.001044075,-0.010603308,0.0010740695,0.09552788,0.032093875,0.02842425,0.067711905,0.005490069,-0.04443133
TCGA-EW-A1J6-01A,0.0028450862,-0.050316483,0.14420226,0.022650851,-0.0053026215,0.017054955,0.039571412,0.0009963629,-0.060211655,0.06702024,-0.055021733,-0.06990505,-0.115103245,0.15626304,0.10368159,-0.044695556,0.101029195,0.055234175,0.04394138,-0.10360276,-0.028153108,-0.09966686,-0.064767756,0.081723884,-0.05338781,-0.0700537,-0.14638643,-0.015690168,0.01666788,-0.052600343,0.013239151,0.05291724,-0.07257328,-0.07145582,-0.07665627,-0.07587052,-0.006451021,-0.06489517,-0.08854654,0.041647468,-0.06651031,0.04755259,0.026404237,-0.10957462,-0.019396717,-0.03793298,0.0070659327,-0.052951477,0.016080674,0.02024235,0.09965549,0.049812004,0.05725165,0.04809502,-0.022564368,0.033360858,0.05919514,-0.04420569,-0.12440427,-0.017207082,0.07743401,-0.008946356,0.03448231,0.106264666,-0.051154085,-0.041932203,0.16402109,0.02593292,-0.04335453,-0.044497725,-0.11600937,0.04084794,-0.0033963365,-0.22778651,0.035894614,-0.01669117,-0.056874234,0.007120586,0.05526157,0.034005005,-0.049612567,0.005991722,-0.11931365,0.05743968,-0.053749032,-0.1377475,0.007053282,0.08322403,0.13647273,0.022906672,0.027763959,0.044455074,0.067498595,0.056080565,0.06513282,-0.047212046,-0.034709107,-0.04134956,0.023796344,0.12927121,0.045864176,0.09062369,0.040135533,-0.056399792,-0.1010265,0.045663532,-0.10591614,-0.062352672,0.035738748,0.1007272,-0.095015824,-0.052608773,-0.12599692,0.07712842,0.11284307,-0.013485574,0.040007498,-0.09855949,0.0078084976,0.03164302,0.059443604,-0.09402616,0.1204197,0.00017502924,0.07914811,0.019993575,-0.046587422,0.098749325,0.063638754,0.1458743,0.13520093,0.014353348,-0.042698808,-0.065665126,-0.109277055,0.058952022,0.0073361965,-0.03504583,0.0654878,0.02793674,-0.006715299,-0.077317074,-0.034031495,-0.034655534,0.048637543,-0.03283113,-0.1505541,-0.033406444,-0.0013481474,-0.1104117,0.06964198,0.05504878,-0.06364758,0.04084203,-0.035811607,-0.04341154,0.020690612,-0.11698247,0.015355597,-0.1062541,0.05651449,-0.01890148,0.10568586,-0.048202366,-0.006996282,-0.06817232,0.10770478,-0.012014447,-0.12168632,0.02947759,0.033112083,-0.12538771,0.005585583,0.008270005,-0.030549392,-0.027419034,-0.11582006,0.06189316,0.0754475,0.11532805,-0.0038720395,-0.015414982,0.008754005,0.0462661,0.07206867,-0.075196154,-0.08002847,-0.037654683,-0.030220991,0.054582406,0.12986593,-0.054580443,0.023462381,-0.039883576,-0.0015661616,-0.0008151278,0.06970857,0.09327062,0.001876108,-0.055056654
TCGA-A2-A0YG-01A,0.012853683,0.038961403,0.11154403,0.10861843,-0.0008061218,0.025123931,-0.007140747,0.08042896,-0.016912233,0.15572175,-0.019189145,-0.020468408,-0.007830527,0.16938882,0.06451718,-0.022899384,0.009247667,0.13816954,-0.006822279,-0.14755365,-0.07386838,-0.05346447,0.013311355,0.11288158,-0.03998835,-0.06581363,-0.17724805,0.0052249264,-0.01814506,-0.061771464,-0.0035826925,0.057802826,-0.10285059,-0.11212108,0.003180823,-0.046710595,-0.022481332,0.01411805,-0.026499422,-0.022878643,0.035645276,0.0823408,0.13009967,-0.008185397,0.06090854,-0.02878562,-0.068067454,0.055897065,-0.019904917,0.055251997,0.09672871,0.01862532,0.04711098,-0.013326857,-0.033097,0.014838868,0.03001035,-0.019515693,-0.10023107,0.004097682,0.011284387,-0.053198516,-0.036558297,0.06303613,-0.06357747,0.07213921,0.12630221,-0.028913675,-0.049523637,-0.07915372,-0.10003562,0.06399595,-0.12013635,-0.1375079,0.13108778,0.041602947,-0.03958099,0.06572277,0.086129546,-0.0443107,-0.011195186,-0.03917024,0.04717675,0.09688513,0.047675803,-0.13424148,-0.030045459,0.06116504,0.12708631,0.0006908713,0.115241654,-0.10552679,-0.019450828,0.004904913,0.06594271,-0.063496284,-0.091048844,0.051943947,0.08623335,-0.10565868,-0.07239277,0.08984102,0.0817855,-0.13290508,-0.025715964,-0.07712216,-0.04822512,-0.0922298,0.023139238,0.074938014,-0.015223032,-0.014142795,-0.06540751,0.023217734,0.09412269,-0.024054145,0.017439416,-0.05251984,-0.01819535,-0.016092677,0.11332079,-0.032126065,-0.05238988,0.023104675,-0.0038417066,0.0525766,-0.004585869,0.123233154,0.049797866,0.0043212883,0.044141963,-0.025696518,0.07796023,-0.11357363,-0.22185618,0.010513528,-0.09484856,0.0009199908,0.041286524,0.062194765,-0.06238701,-0.061505478,-0.06279571,-0.086302444,-0.06973122,0.056049995,-0.091131486,-0.101722054,-0.040768333,-0.025384484,0.046523854,-0.019920502,0.02367602,-0.026492853,0.030371025,0.059553705,0.03319117,-0.07600308,-0.01694714,-0.044225164,0.15873538,-0.073487,0.0145019805,-0.10578633,0.04268679,-0.014715149,0.03290623,0.09305941,-0.02984957,-0.05390777,0.043984912,-0.075746454,0.01968782,-0.0123056015,0.073185615,-0.11487077,-0.13292158,0.097594686,0.12706682,0.12093883,-0.054260463,0.03615969,-0.037659787,0.029053492,0.010381948,-0.032275263,-0.119206235,-0.026818058,0.040772628,0.04482219,0.0055735195,-0.079679444,-0.07648912,-0.00917216,-0.009696632,0.017335385,0.046496138,0.09121489,-0.04080855,0.06967906
TCGA-AR-A24R-01A,-0.018319074,-0.05045012,0.1529498,0.09408135,0.06313116,0.10213857,0.037814863,0.067938454,0.030409578,0.030650243,-0.028796254,0.014615391,0.0533185,0.14973044,0.08421479,0.030885413,-0.06426454,-0.022086332,0.0020377405,-0.040550794,-0.054402363,-0.13520506,-0.14077988,0.05288721,-0.03235905,-0.040891614,-0.19371544,0.036650155,-0.025671104,-0.064436436,-0.13381049,0.007945429,-0.14370015,-0.08879476,-0.106724374,-0.14796567,0.019617034,0.0013989506,-0.15314789,-0.07238372,0.034534864,0.06465882,0.08178633,-0.03457069,-0.007505648,0.037458748,0.032539707,0.0105162775,0.14149019,0.10003749,0.09376337,0.010189012,0.033878155,0.059145875,-0.0050932574,0.029017495,0.037756715,-0.013557276,-0.058726035,0.07341181,0.0736147,0.006354888,-0.039094463,0.10062839,-0.06333332,0.03221759,0.18083802,-0.029332677,-0.0658308,-0.056130506,-0.14949857,0.037313063,0.019526511,-0.12115901,0.15493727,0.02574005,-0.022591861,0.051162202,0.10082878,-0.018709606,-0.02478623,-0.02495565,-0.028700287,0.09488637,-0.051917218,-0.040866975,-0.057358965,0.12520295,0.1987274,-0.009176976,0.03886854,-0.014866205,0.008327115,0.07900686,0.075261384,-0.014393898,-0.047907278,-0.011966275,-0.001588076,-0.05535418,-0.09080194,0.09080512,-0.082286455,-0.065851875,0.02076647,0.020558765,-0.035952605,-0.09054478,-0.031549208,-0.011874963,0.09769878,-0.06464855,-0.12700266,0.16783187,0.110051505,-0.08857703,-0.035818625,-0.03741257,-0.042239387,-0.024072362,0.096902065,-0.037744414,0.08426657,-0.028916055,0.060976736,0.05263514,-0.04669798,0.045406803,-0.012105741,0.10642722,0.010630515,-0.0878264,-0.026042534,0.00084014167,-0.18433434,-0.023401467,-0.001218837,-0.045296647,-0.046736103,-0.00700079,-0.02243555,-0.07454373,0.043748386,0.06217696,0.032586556,-0.05772763,-0.07527577,-0.0036852858,0.00626181,-0.037794985,-0.012413043,-0.03472232,0.05883319,0.08785801,-0.027864609,0.014280775,0.09981526,-0.0013424185,0.003417876,-0.07120378,0.05532893,-0.030442895,0.021510286,-0.09336555,-0.046034712,0.09259431,-0.014691945,-0.017827181,-0.026999662,-0.02881949,0.019486465,0.05438217,0.030876,0.023088897,0.046622206,0.010547364,-0.13425656,0.10959249,-0.015855087,0.060674455,0.042206492,0.024755003,0.012578454,0.019398592,0.054721244,-0.056799557,-0.08961641,-0.025250223,-0.0701152,0.014997379,-0.029195072,-0.045326382,-0.05130836,-0.012448428,-0.049040906,0.11687732,0.043313272,0.05555434,-0.12244035,0.06548071
TCGA-E9-A245-01A,0.0037205315,-0.070748396,0.04693438,0.0027989405,-0.029515272,0.084305055,-0.044029098,0.07105717,-0.09422778,0.07234213,-0.02150005,-0.00029089372,-0.008334279,0.04181889,0.051506024,-0.064678185,0.030219592,0.059780158,0.045633875,-0.23021317,0.01655448,0.048197344,-0.014742077,0.09995648,-0.011539741,0.059185196,-0.1689766,-0.06426623,-0.022054546,-0.046892136,0.085636884,0.0151078785,-0.0907307,-0.10418963,-0.118196085,-0.048644822,-0.027894119,-0.11346915,-0.08383126,-0.0057933074,0.0055122473,0.04896442,0.1148532,-0.06667289,-0.0123283705,-0.07376056,-0.042992793,-0.015653094,0.18637243,0.1062366,-0.009071403,0.026429081,0.029258871,-0.0010858999,0.010670551,-0.075011656,0.09199234,-0.05515604,-0.028873222,0.063938394,-0.0048103984,-0.0040127654,-0.071420096,0.057819027,-0.005854042,-0.017199878,0.13214836,-0.029577902,-0.11224785,0.021211367,-0.10692011,0.030747015,-0.0016384895,-0.13876301,0.037951212,-0.028916443,-0.06399435,0.046866003,0.1089805,-0.018464461,0.044144455,-0.10248864,0.014174219,0.017629737,-0.07550053,-0.15024377,0.037597466,0.09029262,0.080549285,-0.03887367,0.01578666,-0.14832973,0.03710451,0.09666056,0.13901703,0.018662892,-0.09904089,-0.05635044,0.07192495,-0.074764736,0.05478945,-0.031341728,0.052451592,-0.062700845,-0.060791407,-0.022441804,-0.025006192,-0.12497916,0.03945305,-0.085738145,-0.04897436,-0.069737375,-0.09219565,0.011440254,0.12654902,-0.00716379,0.0063488963,-0.06563951,0.0541952,0.029791981,0.037327547,-0.053211194,0.05311442,0.025328096,-0.007186013,-0.053860642,-0.010894592,0.05392455,0.048848003,0.09812222,0.1181929,-0.08423627,0.029839275,-0.079881914,-0.1572796,0.0037847667,-0.06307759,-0.05172004,-0.089158185,0.06372038,-0.097567335,-0.12836759,-0.061948936,0.03908956,0.0037274791,-0.009159973,-0.12322292,-0.022703769,-0.086748116,-0.025539858,0.016105372,-0.030369066,-0.023523739,0.0595449,-0.020318123,0.043891706,0.04656545,-0.12398947,0.017927306,0.015032781,-0.002322268,-0.08253253,0.13818055,-0.14856851,-0.059370577,0.032488335,0.091544926,0.01690915,-0.07341523,-0.021158606,-0.046779554,-0.08262591,-0.007772919,0.007700634,0.032291237,-0.048944887,-0.11553406,0.088532,-0.039234616,0.14444445,-0.07314184,-0.013442648,-0.063722044,0.060261965,0.04052548,-0.059812408,-0.06540677,-0.015794303,-0.022886567,0.087564014,0.10721348,-0.0660522,-0.057646584,-0.03935851,0.00022412391,0.11117906,0.024625378,0.036444098,0.000107609056,-0.077818185
TCGA-WT-AB44-01A,-0.08154399,0.006107795,-0.0054105716,0.06459898,-0.07078015,-0.007937991,0.0676788,0.07882545,-0.00015966834,0.104302846,0.050008323,-0.0045531066,-0.11751634,0.1661308,0.10283974,-0.056411352,-0.0055037276,-0.0038974835,-0.01477062,-0.03346933,-0.11108686,0.038188964,-0.12934296,0.039604243,0.024199452,0.0069954623,-0.0756901,0.0313089,0.04101801,-0.01115003,-0.03596527,-0.047655765,-0.112273596,-0.10522057,-0.16842893,-0.13695121,-0.05567315,-0.059818063,-0.010062172,-0.09023705,0.012199681,0.1038722,0.13958095,-0.11218156,-0.044187855,0.055927012,0.08530786,0.01861291,0.07464232,0.06398623,0.050000567,0.018421207,-0.01989034,0.078307405,-0.049584795,0.0097996555,0.002492583,0.021161113,-0.09051929,0.06465676,0.037142158,-0.016354406,-0.10411284,0.04608805,-0.09041402,-0.0015290133,0.20618553,-0.0012236903,-0.080797955,-0.0042908248,-0.08789697,0.012048294,0.007389109,-0.10131459,0.090359874,-0.057645515,-0.021249238,0.025090514,0.074708074,0.10724026,0.017135907,-0.07826345,-0.0065808147,0.046241622,0.018902924,-0.044088762,0.022165276,0.08961499,0.077465035,0.050410986,-0.0076706195,-0.033111304,0.08960606,0.06655602,0.086939014,-0.03189756,-0.07491738,-0.024724282,0.013277397,-0.13076435,-0.099304624,0.0441662,-0.046530884,-0.062539905,-0.07011165,-0.03305316,-0.06447721,-0.14282006,0.057320938,-0.08291715,-0.06698269,-0.17615516,0.024564976,0.08444092,0.13343555,0.0023577,-5.0154584e-05,-0.07213776,-0.054741297,-0.0025326076,0.21017228,-0.11050608,-0.0043956935,-0.06056276,0.097150855,-0.007405625,-0.050525952,0.15847054,0.044535164,0.12678984,0.04182492,-0.12084608,-0.051471226,-0.054090746,-0.14000744,-0.022457225,-0.06687674,-0.055444162,-0.004488412,-0.0018600653,0.007942159,-0.074680604,0.031685427,0.053691518,0.076198444,-0.015415177,-0.14604631,-0.054369792,-0.07315787,0.021622034,-0.031224418,-0.042281795,0.026918387,0.061160464,-0.03278198,0.09431317,0.030961895,-0.021424275,-0.050738204,-0.06419343,0.025685446,-0.042949136,0.10279595,-0.121785626,-0.04826018,-0.017643811,0.010058982,-0.0023770053,-0.0068398495,-0.040049896,0.050373655,-0.11888616,0.037623744,0.006193111,0.06731513,0.010726481,0.010549707,0.05826076,0.028244331,0.121134214,0.034363784,-0.007355894,-0.056727827,0.06552877,-0.004729735,-0.034791075,-0.051038053,-0.08113044,-0.05368052,0.055381496,0.02133674,0.0057541276,-0.04286756,-0.023585442,0.029658245,-0.116143085,0.012551245,0.06101486,-0.0723087,0.00092977675
TCGA-AC-A2FB-01A,-0.12182653,-0.09557652,0.108925544,0.08918833,-0.0116942255,0.058604993,0.005218941,0.06297577,-0.021685986,0.029286193,0.04285932,-0.047155894,-0.008776147,0.17227107,0.15794678,-0.028788678,0.077580966,0.024096942,0.012507291,-0.15004233,-0.007987276,-0.06967528,-0.030846763,0.045660045,-0.00480674,-0.048484303,-0.123705186,-0.06778292,0.014654114,-0.042659134,-0.09909472,0.016677609,-0.07920487,-0.15205665,-0.05862111,-0.05885925,-0.0187321,-0.021658173,-0.04664781,-0.058643654,-0.020681538,0.019703584,0.07228192,-0.04172112,-0.029168054,0.016077992,0.0029999788,-0.024040999,0.09472415,0.14910743,0.060847554,-0.014042379,0.090104625,0.07005697,-0.07548755,0.024066603,0.08913389,0.01167541,-0.023536164,0.06711074,-0.06278989,0.056781095,-0.14295273,0.063262194,-0.07359671,-0.06292577,0.13148913,-0.040798422,-0.04974136,0.029408759,-0.0779572,0.0030294482,0.027857447,-0.08218571,0.13406746,0.013176845,0.07254622,0.012184751,0.090482764,0.0023360942,0.041763395,-0.101567306,-0.060886234,0.052618206,0.023034472,-0.039489433,0.0025743507,0.07556998,0.0964993,-0.0457189,0.02771819,-0.13393971,0.059412822,-0.01072927,0.01756682,0.0032695862,0.081329845,0.008457287,0.052952513,-0.109053396,0.014424699,0.025973432,0.124857016,-0.08666355,0.0026569313,-0.042660937,-0.035832204,-0.0639442,-0.0050404076,-0.067006856,0.00145499,-0.06999721,-0.07789966,0.067458995,0.15428396,0.028128,0.010346024,-0.00030323333,-0.122623034,0.05654958,0.09235472,-0.08274382,-0.019556612,0.13410005,-0.018980127,-0.06435592,-0.008048601,0.010571351,-0.039055873,0.10691293,0.10094703,0.028834032,0.0054001855,0.036097765,-0.16615546,0.03714189,-0.07175544,0.092827216,-0.05378331,0.05109623,0.022545552,-0.16761117,0.01721275,-0.036139056,0.017055674,0.03736641,-0.034502573,0.031714175,-0.013430391,-0.082219645,-0.016910367,0.01384384,-0.01852447,-0.04528748,-0.08204384,0.057926636,-0.084747225,-0.045317017,-0.06800304,-0.06008613,-0.010847115,-0.04338406,0.04630695,-0.12928997,0.04043277,0.058937818,0.08468934,0.055124342,0.04812091,-0.06935017,0.0063283383,-0.22090971,0.07533177,0.08291398,0.082051046,0.009818887,0.02746867,0.071814746,0.044627044,0.14536898,-0.022585806,-0.02888793,-0.04404899,0.10292854,0.11296025,-0.011957136,-0.12984857,0.006737024,-0.042816035,0.060075145,0.05541006,0.13093445,-0.04602814,-0.03066295,0.0889139,0.015724074,0.03901919,0.05053528,-0.052475773,-0.018725907
TCGA-AC-A62X-01A,0.04325854,-0.009107264,0.05024587,0.08663301,-0.02007935,0.00970839,-0.06938549,0.050828222,-0.05037614,0.006519942,-0.03150436,-0.0615658,-0.059232164,0.16880272,0.013763499,0.025157256,-0.040847667,-0.07634985,-0.068566725,-0.120006695,-0.005614831,-0.011964374,-0.044995863,0.07209103,-0.04628766,0.012685787,-0.098360844,-0.13352446,0.030153915,-0.13242498,-0.018361501,-0.065712444,-0.063460924,-0.10741752,-0.08058623,-0.1568496,-0.08411765,-0.16360956,-0.077686474,-0.03776418,0.0329042,0.05894661,0.07746553,-0.006288959,-0.12016689,-0.05479603,-0.015595621,-0.015457791,0.09347551,0.13494436,0.02911961,0.033909794,0.04974683,0.04190492,-0.06221778,0.0015721177,0.06519518,0.03425443,-0.12179576,-0.0010338061,0.061157867,0.08429029,-0.075561404,0.12822512,-0.008879424,-0.05551503,0.077437006,0.009588109,-0.009340915,0.03419601,-0.14117317,0.043161217,-0.0076263826,-0.10764802,0.15700877,0.00047429843,-0.04315726,-0.043032393,0.038824547,0.013308543,0.082929194,-0.02370468,-0.068213426,0.04270313,-0.0360993,-0.17422128,-0.099509865,0.13811648,0.010251923,0.012455394,0.11498536,-0.0030315167,0.048574347,0.13535516,0.042737823,-0.058289163,-0.03914875,0.1417109,0.019925421,-0.054900013,-0.06779227,0.02324269,0.055111486,-0.057058096,-0.048101354,0.011095955,-0.031979103,-0.08977226,-0.025705233,0.03893104,-0.021915203,-0.069331735,-0.085552946,0.111277595,0.05180974,-0.07347039,-0.07720074,-0.037548702,-0.06491532,0.026189335,0.045483712,-0.053879723,0.10407132,-0.0013938596,0.0024864778,-0.003544408,-0.040433012,0.0889773,0.055030946,0.14709726,0.18068488,-0.100337915,-0.027070623,0.008455055,-0.19903284,-0.1262338,-0.016627746,-0.060862847,0.044724356,0.08439492,0.050870437,-0.12790656,-0.033234015,0.0026406609,-0.051734813,0.022900049,-0.0738648,-0.024248479,0.015738286,-0.044962324,-0.02128776,0.09061537,0.06326873,0.0077977325,0.008913586,0.039857686,0.09764668,-0.024744747,0.027692813,-0.006776633,0.024981193,-0.065706134,0.027246349,-0.04501411,-0.08908337,0.07950389,0.033547096,-0.005929751,0.068190694,-0.060244262,-0.02763583,-0.17207797,0.05164826,0.025018526,0.0236366,-0.074819334,-0.008657872,0.06043166,0.039746154,0.084081106,-0.05917356,-0.066685155,-0.09232005,-0.026113236,0.06506901,-0.068469666,-0.1038686,-0.06315472,-0.022362886,0.01106439,0.046873182,-0.058642596,-0.024919145,0.03456543,-0.004175625,0.08168641,0.040709175,0.018230986,-0.045543186,0.019212894
TCGA-E9-A1R6-01A,0.054440863,-0.053768322,0.032595627,-0.04824976,-0.0641425,0.07916561,-0.094943106,-0.04037813,-0.06773878,0.007724357,-0.010937837,-0.0351155,-0.06028849,0.15370889,0.119403094,-0.07617127,-0.020182978,-0.01577216,-0.041768726,-0.06726169,-0.104683846,0.062132247,-0.063514255,0.017835116,-0.06372345,-0.05784601,-0.20308805,-0.0770171,0.064328246,-0.015149415,0.0626978,-0.09668054,-0.13012044,-0.11938163,-0.06149382,-0.10080651,-0.03362756,-0.043561064,-0.115620025,-0.08110893,-0.0662368,0.017959096,0.092614464,-0.052309647,-0.029150313,-0.0462401,-0.014762954,-0.01417327,0.0050703078,0.054930646,0.027270956,0.028468687,0.077931896,0.10520703,-0.10061557,-0.09668974,0.10338506,0.048964165,-0.05364597,0.026218856,0.05928696,0.05455295,-0.08488774,0.06485442,0.015928555,-0.04827292,0.16673534,-0.043945048,-0.16008537,0.06696301,-0.122876875,0.09126205,-0.01384714,-0.108526215,0.08781255,0.07450564,-0.058971617,0.056183483,0.09677089,0.017197357,0.030527148,-0.08357807,-0.045845333,0.043348283,-0.009600864,-0.07323,0.0012883099,0.10391675,0.06386659,-0.00898261,0.047138277,-0.091159135,0.084846616,0.09709513,0.07709906,-0.0848611,-0.08118868,-0.005602162,0.050960053,-0.07994094,0.006942981,0.007299973,0.048468575,-0.057352003,-0.0643033,0.0029229568,-0.05256489,-0.055343725,-0.018446214,-0.07511202,0.047576442,-0.03349124,-0.116923586,-0.01900742,0.121802874,0.031462394,-0.016231446,-0.08027598,-0.051998828,-0.015998414,0.022366926,-0.1295521,0.060791947,0.059853595,-0.040873703,0.033297524,0.003003193,0.031124786,-0.004163477,0.12917691,0.019590037,-0.055947836,-0.0919719,-0.0007650931,-0.15790904,-0.053161804,-0.020471422,-0.0139692165,0.034970783,0.020998742,-0.018843165,-0.13453867,-0.03412553,0.01598809,-0.020529767,-0.04775137,-0.07697579,-0.0055340384,-0.100806735,-0.010080269,0.00021874317,-0.039246727,0.031062827,0.057656866,0.047740765,0.11526697,0.062232617,-0.1199803,-0.08602187,-0.058757212,0.073131144,-0.035201207,0.11146172,-0.099454045,-0.03247363,0.033835154,0.0705972,-0.0750506,-0.008869228,0.03351238,0.026636066,-0.068979174,0.10009143,0.057156093,0.008449807,-0.026524847,-0.036282204,0.07370495,0.0970001,0.11160812,0.035084452,-0.052608576,0.09215968,-0.094169386,0.023003219,-0.07024821,-0.10017813,-0.0075503406,-0.01839817,0.120135635,0.08144968,0.058768142,-0.05036931,-0.062540986,-0.057443883,0.15077187,0.037244648,0.04876658,-0.09534987,0.0070894924
TCGA-AR-A0U3-01A,-0.042352766,-0.08944593,-0.010959418,0.073954694,-0.010907621,0.04810235,0.06015448,-0.048697855,-0.014684185,-0.004943626,0.045049023,-0.08601605,0.007780718,0.17598613,0.07790973,0.023203727,-0.02664324,0.107504845,0.03509055,-0.0697234,-0.038794447,0.0841046,0.021188788,0.09426062,0.044118527,-0.06512621,-0.112200856,-0.07332415,-0.0976239,-0.05141773,-0.089774,0.05653178,-0.062489334,-0.053667877,-0.08223689,-0.06591198,-0.008354808,-0.014188329,-0.038361337,0.04150399,-0.032387868,0.099453054,0.054341536,-0.023937073,0.035427354,0.036059827,-0.0138006015,0.009434997,-0.021075685,0.1799298,0.118193515,0.15098235,0.06622268,0.118542664,-0.03800012,0.036241062,0.034382656,0.06053315,-0.073888965,-0.06202825,-0.004728896,0.008019136,-0.07592349,0.06542517,0.01117838,-0.06533117,0.17707495,0.014628622,-0.10955866,0.013278442,-0.16362113,0.016416121,-0.005543388,-0.22858946,0.048879858,-0.03959596,0.0030341845,-0.036439575,0.11247826,-0.011723918,-0.038397767,0.022982175,0.0026885185,0.04817108,-0.038462907,-0.09162554,0.041731995,0.14498118,0.09063583,-0.07844729,0.02945652,-0.07701737,0.042537745,0.047259647,0.06958759,-0.057437778,-0.039154053,-0.017105704,-0.063390486,0.066172704,-0.043494456,0.01506921,-0.0074866107,-0.12579893,-0.11750163,-0.022588588,-0.095605366,0.013409155,-0.005288887,-0.06318822,-0.059727453,-0.13918704,-0.15633054,0.123761,0.04567126,-0.03798854,0.02580924,-0.019205509,0.0378463,0.006057285,0.11896846,-0.108282946,0.07180064,0.015924068,0.04288369,-0.043505404,0.02055194,0.07643867,-0.016781954,0.06299924,-0.0021721183,-0.013291262,-0.04036028,-0.13149627,-0.041840136,0.09742524,0.020035153,-0.10491889,0.006890455,0.049009517,-0.0051286155,-0.04867548,-0.040421825,0.03389624,-0.0049009733,-0.009863304,-0.20801131,0.026443131,-0.040869076,-0.052749444,0.04480736,0.041541606,0.040956616,0.042927228,-0.106996275,0.07743967,-0.016547022,-0.024111854,-0.028370785,-0.04942254,-0.050251193,0.0114438385,-0.009376378,-0.2158632,-0.03265505,-0.0014062973,0.10068725,-0.02741196,-0.037404615,0.035960082,0.044071358,-0.13846067,0.01599302,0.053232215,0.076259814,-0.10502479,-0.029630594,0.074530296,0.076752424,0.08604447,-0.042820733,-0.07862869,-0.02405922,0.057259403,-0.0042287605,-0.033497095,-0.09378206,0.021284537,-0.03127629,0.07362007,0.1074452,-0.04335006,0.0045320415,-0.019211076,0.0035943496,0.048266478,0.045675926,0.055798993,-0.05275308,-0.031664543
TCGA-D8-A1XK-01A,-0.041065056,-0.016218157,0.07707118,0.031317804,0.018032588,0.14417802,0.04111101,0.05938928,0.012701313,0.03852631,0.035421655,-0.06946946,-0.04967259,0.17448162,0.030554263,0.027618133,-0.016223785,-0.021846905,0.017853403,-0.072437376,-0.07513173,-0.16363631,0.016267767,0.11013234,-0.07457592,-0.05761799,-0.15939453,-0.04047344,-0.091240436,0.054026943,-0.07726142,0.12883271,-0.044970945,-0.1400448,-0.08697605,-0.050046645,-0.026975261,0.023866769,-0.062372096,-0.010040112,-0.026273884,-0.034081377,0.060737412,-0.034343224,-0.014201773,0.03786016,-0.034802873,0.022356806,0.07631961,0.13553172,-0.038354814,0.06887711,0.057952516,0.1209088,0.004393514,0.0031457415,0.055855017,0.05044894,-0.08427619,0.024768183,0.008411824,0.031279806,-0.00891394,0.07840008,-0.060769472,-0.023696644,0.18557593,-0.015792115,0.026658187,0.03486369,-0.116800204,0.026966324,-0.01789888,-0.056110468,0.16698182,-0.00739335,-0.032336228,0.074973874,0.09909533,-0.064420775,-0.0082292985,-0.035968207,-0.013770418,0.06205805,-0.065163225,-0.015922144,0.04138761,0.05906436,0.12179792,-0.05711004,0.0067374217,-0.12682503,0.10102915,0.08548291,0.0036129083,0.006440682,-0.09545384,0.04780383,0.067551576,-0.061099473,0.0020353165,0.063906826,0.006969611,-0.034599286,-0.044079594,0.03135092,-0.10523853,-0.14210527,0.039229248,-0.03370372,-0.05014401,-0.08911197,-0.07380983,0.12998103,0.085260324,-0.10702974,-2.9819523e-05,-0.044933435,0.039682508,-0.03609074,0.042099413,-0.009963812,0.052599017,0.028741807,0.021540578,-0.033853903,-0.05422485,0.0018981353,-0.026042305,0.12924324,0.089597695,-0.1310938,0.011087321,-0.04256011,-0.22738451,0.021411542,0.02676398,-0.16297081,-0.028863335,0.02465788,-0.110095665,-0.13452153,-0.02072698,0.019686827,0.016187867,-0.009221031,-0.088095665,-0.00017052265,0.014058633,-0.07899427,-0.0447068,0.03903804,0.0027497984,-0.010540055,-0.007548542,-0.0023600443,0.06856166,-0.036809817,0.016733335,-0.08385096,-0.0021134212,-0.03178777,0.036273923,-0.14551648,0.01929988,0.084756956,0.09505317,0.0035770687,0.017633246,-0.016060453,-0.06276866,-0.1138869,0.0006620251,0.022923687,0.061916932,-0.097174495,-0.043102223,0.030868758,0.086450145,0.1505341,-0.08727511,-0.015430235,-0.025190664,0.11232493,-0.112044215,0.010724256,-0.016651526,-0.0977847,-0.031934544,0.009328102,0.13946357,-0.023486331,-0.09681703,-0.019786507,-0.015835803,0.05782828,0.05564468,0.048677627,0.046275012,-0.06983888
TCGA-AR-A2LQ-01A,-0.022126382,-0.04592477,0.09663211,0.031014238,-0.0005409565,-0.042119328,-0.00315221,0.0041866293,-0.005478716,0.017674146,-0.08723748,-0.037793726,0.018496096,0.08156291,0.05649639,-0.018933864,0.082112275,0.06664716,-0.009365047,-0.1315737,-0.0041508246,-0.0397982,-0.033171706,0.0754292,0.010746759,-0.078440964,-0.13354751,-0.085021704,0.10965251,-0.046430398,-0.054658003,0.14177127,-0.08260221,-0.15878895,-0.054927107,-0.1326349,-0.016042419,0.017587628,0.009429175,-0.019940397,0.048261624,0.086083,0.08614766,-0.091582164,-0.018257186,0.018058643,0.023182591,-0.07504458,0.07329186,0.08863964,0.043399308,0.01114212,0.038281698,0.0956817,0.043278977,-0.028619708,0.101241834,0.074161425,-0.09490878,-0.04013954,-0.05967525,0.084028095,-0.073702596,0.08327492,-0.030932492,0.0045893583,0.15161727,-0.07081018,-0.07854023,-0.006828042,-0.083845645,0.04450147,-0.04148229,-0.10356717,0.06915662,-0.057921413,-0.0487124,0.015390915,0.073462576,-0.038752608,0.05813049,-0.092878096,-0.04185488,-0.0019856682,-0.044471294,-0.05063552,-0.009986478,0.06568882,0.0638217,-0.0142048225,0.032366633,-0.09893667,0.02235923,0.020460393,0.092534885,-0.059675545,0.0032357802,0.049176596,0.05150677,0.016185243,-0.017086996,0.038997803,0.029720718,-0.085056074,-0.037048277,-0.019655855,-0.09437694,0.0044347364,0.04943923,0.056238547,-0.08565317,-0.0991831,-0.033577513,0.14385056,0.010149695,0.061070584,-0.03271105,-0.018064493,-0.030734831,0.054620773,0.09611636,-0.13790415,0.11169544,0.045628797,0.13208306,-0.0071930955,-0.023298157,0.04383482,-0.0028933098,0.16536614,0.100268096,0.008771767,0.032120448,0.059650246,-0.16125488,0.021312298,-0.12076466,0.011411764,-0.10545713,0.056427836,0.044464435,-0.18170093,-0.05137363,-0.04156702,0.105378,0.06756166,-0.15760198,-0.1369688,-0.020946648,-0.013930361,0.052701775,0.044152547,0.004577941,0.10518374,0.03799553,0.115168795,0.0909885,-0.05196352,-0.11236807,-0.024511268,0.03428781,-0.06685148,-0.018907743,-0.12295515,0.008205121,0.009633897,0.119565256,-0.01184223,0.03173062,-0.06410928,-0.011328085,-0.08979562,0.0039147814,-0.04837311,0.06965837,-0.012422741,-0.057613775,0.15509422,0.010739668,0.13368548,0.034561343,0.10017837,-0.03678814,0.005762576,-0.027639315,-0.025165621,-0.07102104,-0.024200315,-0.024725249,-0.0038621954,0.027678391,-0.018841295,-0.08999751,0.028562732,-0.006782234,0.040285148,0.16376756,0.11904111,-0.042055923,-0.01165954
TCGA-EW-A1P5-01A,0.01668314,0.003508468,0.050798535,0.04281743,-0.07359364,0.03956307,0.015403004,0.0729499,0.020240374,-0.020184949,0.057673078,-0.08754918,0.06987137,0.10490591,0.14239451,-0.093016684,-0.0993314,-0.018636951,-0.08647863,0.0074244183,-0.124558784,0.037372462,-0.047865264,0.049322084,-0.028043836,-0.080178864,-0.08615449,-0.0410616,0.10235679,-0.05931494,-0.015575468,-0.03209882,-0.009941284,-0.12510161,-0.05298937,-0.14944196,-0.1315833,-0.02010455,-0.050166637,-0.12735616,-0.033527933,0.06564176,0.117450744,-0.036220055,-1.7548495e-05,-0.0035162463,-0.09222356,0.01543283,0.061513048,0.08037061,0.055701543,0.06166385,0.0537546,0.051939033,-0.038391173,0.015730873,0.041553617,0.031136079,-0.09229603,0.07479313,0.08451759,0.08702569,0.0007437536,0.100586064,-0.068992004,-0.00083773694,0.11347847,0.016064426,-0.1343332,-0.035300992,-0.10846359,0.016261641,-0.0035814906,-0.10373349,0.053972173,0.041177772,-0.00096099597,0.012500251,0.17540288,-0.010076543,-0.02652555,-0.037649177,-0.029421085,0.016064288,-0.04901468,-0.079823785,0.026125433,0.11296126,0.0867508,0.005814526,0.09930201,-0.04880969,0.123807624,0.100657396,0.053359456,-0.055736877,-0.05598705,-0.020333908,0.01836057,-0.0031841677,-0.0013468799,-0.006616832,0.013596325,-0.07198745,-0.058726672,-0.0046208557,-0.08192829,-0.028600005,-0.06031823,0.035333324,0.02327952,-0.08766453,-0.113179706,0.13931043,0.05463535,-0.040532526,0.012392151,-0.079959884,0.07475283,0.009664139,0.14029436,-0.09985202,0.113439955,-0.06420463,0.053432174,0.02892245,-0.088687554,0.05306113,0.049967006,0.04734839,0.11195303,-0.07449125,-0.10215865,-0.057599526,-0.092558004,0.0230153,0.034231056,-0.060197875,0.024108298,0.038747743,-0.06322116,-0.13549648,0.004184091,-0.042425923,0.020989817,-0.0026821361,-0.03832227,0.051320564,-0.00767808,-0.0804048,0.02285969,0.043479104,0.0882663,0.0026290212,-0.01938689,0.10659913,0.017216347,-0.11044041,-0.061678775,-0.1232718,0.0043892995,-0.07702178,-0.037300527,-0.071390286,-0.07482903,0.029633239,0.043397397,0.021705313,-0.05811516,-0.08202969,-0.12408153,-0.074583285,-0.005989401,-0.031460386,0.124984354,-0.068257265,0.011470198,0.05272552,0.12316753,0.058349323,-0.1049438,-0.0422061,-0.19425261,0.08092704,-0.047814794,0.033671934,-0.10677898,-0.030997058,0.009022489,0.09039177,0.042489383,-0.015414124,-0.16110809,0.049371637,-0.06752801,0.086651586,0.05809657,0.033058073,-0.046327375,0.0008455194
TCGA-C8-A1HL-01A,-0.04017365,0.0496835,0.017186105,0.12119067,0.045691356,0.04479846,-0.053609617,-0.014458802,0.025292011,0.028098086,0.028112683,-0.05116333,0.0020931505,0.11351297,0.10520626,-0.064692795,0.010022576,-0.007999553,0.010348993,-0.007287422,-0.055366807,-0.012553129,-0.02454373,0.09270507,-0.042105295,0.04435949,-0.057709754,-0.15368697,0.00027485995,-0.016749017,0.0019087942,-0.06164097,-0.116700165,-0.12561388,-0.14038873,-0.096442394,0.005133809,-0.031053714,-0.010678228,-0.069261454,-0.016405653,0.07448771,0.122907214,-0.06168375,-0.05153537,-0.025461325,-0.040930606,0.028575407,-0.025433628,-0.00310415,0.027492806,0.01113807,0.03551489,0.089900516,-0.022375977,-0.0011433589,0.0040942533,0.010407009,-0.06306671,0.011102426,0.012668854,-0.031571046,-0.054504026,0.0147309555,-0.061448425,-0.03717485,0.11155098,-0.01212852,-0.1723628,-0.009712477,-0.045472834,-0.039914507,-0.004634645,-0.1393774,0.079831585,0.0014675442,-0.016204666,0.08208091,0.06649464,0.05083782,-0.01820206,-0.032025278,-0.01374217,0.023883464,0.093487345,-0.060626343,0.03639157,0.106341235,0.16515653,-0.057938877,0.14607911,-0.09455817,0.057063635,0.0026378708,-0.0016867729,-0.06953685,-0.08469414,0.0029102287,0.080928326,-0.02578903,-0.013774609,0.111385144,0.057206266,-0.09992835,-0.03807263,-0.024720183,-0.020736061,-0.1120759,0.04592454,0.0037850558,-0.09852256,-0.11457401,-0.033865016,0.111218184,0.12649389,-0.095625244,0.020573838,0.07621405,-0.09561913,0.02660658,0.15988016,-0.068299696,0.11101305,-0.038772237,0.11084063,-0.0777915,-0.11360072,0.12140791,0.047332108,0.088452324,0.13349126,-0.09129802,-0.033828698,-0.09463007,-0.1073794,0.02873576,-0.038502797,-0.09392778,0.06608158,0.017909938,-0.013881146,-0.17315423,-0.0468527,0.011138731,0.073332585,0.059460245,-0.09652311,-0.14139551,-7.857847e-05,0.05436653,0.004794282,0.003251034,0.10298938,-0.019232264,-0.046984594,0.028303647,0.062037773,-0.018063009,-0.12967525,-0.022355104,-0.009021708,-0.08840646,0.068408735,-0.13385007,-0.06407617,0.037040133,0.0016160993,0.001943008,0.022445353,0.027856667,-0.015095216,-0.046911795,0.00469148,-0.008623245,-0.021501793,-0.106267616,-0.10691939,0.030258961,0.07055541,0.12145216,-0.04264477,-0.03561332,-0.037520017,0.08018425,-0.026784094,-0.002216071,-0.0708686,-0.049473863,-0.0056788926,-0.04279983,0.10628352,-0.053530723,-0.14836572,0.0031822303,0.043202925,0.1455607,0.07507084,0.09879355,-0.062254835,0.016064953
TCGA-A1-A0SQ-01A,-0.05386436,0.0037263865,0.16969194,0.094685294,-0.005139579,0.029696088,0.025843753,0.02492777,-0.10463235,0.052992154,0.042881582,0.042220194,0.019817242,0.19215915,0.056382854,-0.10969553,0.021556906,0.07168725,-0.033975333,-0.063965835,-0.067568414,0.039699502,-0.09993725,0.149764,-0.017491892,-0.023559706,-0.21969609,-0.04070771,-0.02231437,-0.0690202,0.00491087,0.045403775,-0.06926324,-0.124200284,-0.049632084,-0.10541244,-0.038973033,-0.09209184,-0.062558986,-0.09076423,0.0051845917,0.134627,0.01434209,-0.11971297,0.065420754,-0.05519343,0.01603928,-0.023072185,0.01566765,0.092115484,0.05419226,0.060164083,-0.011065182,0.000975393,0.04360375,-0.09711391,0.002485679,-4.3745644e-05,-0.07049368,0.023805238,0.08768111,0.017608553,-0.076768756,0.05640193,0.017093612,-0.07820106,0.11106999,0.059570972,-0.070003755,-0.03829451,-0.060291544,-0.02492768,0.047090724,-0.14803405,0.13269901,0.012113695,0.020428186,-0.024731565,0.14396583,-0.02161784,-0.044294897,-0.04722657,-0.009429252,-0.008580677,-0.017301405,-0.06543344,0.074525334,0.028132668,0.0936629,-0.052112397,0.03361968,-0.08941298,0.0938019,0.03599047,0.10564291,-0.04998693,-0.01778089,0.0047957436,0.022308009,-0.021857383,-0.046548516,0.005745134,0.053967446,-0.044560123,-0.04374915,-0.13077109,-0.060450885,0.017700838,-0.017258868,-0.002691479,-0.106099635,-0.07303385,-0.027901059,0.13702157,0.1190257,-0.117722854,0.015000935,-0.033007417,-0.037105773,0.018865108,0.09446341,-0.145649,0.066534646,-0.023817532,0.019643627,0.050354015,-0.015786143,-0.017769592,-0.051434234,0.06651081,0.08382255,-0.05405499,-0.059967723,-0.057880763,-0.03265236,0.043927822,-0.041428167,-0.0031590408,-0.06436853,-0.06216761,-0.06723496,-0.1499292,-0.011302938,0.018722935,0.07633792,-0.017466577,-0.08887146,-0.016846025,-0.050243646,-0.063727014,0.008538768,0.15606648,0.041645207,-0.027948571,0.013461285,0.088171855,-0.007561766,-0.062047046,-0.027587244,-0.010155737,-0.047071245,-0.054012343,0.022501612,-0.15928681,-0.067489445,-0.009300183,0.1307522,0.07216993,0.014143158,-0.0020934574,-0.07183683,-0.047528397,-0.008435494,0.0006345499,0.026256826,-0.012655267,0.049409576,0.1378803,0.12172476,0.11971118,-0.022975903,-0.07318157,-0.048416827,0.038302436,0.00037065416,-0.07181111,-0.19791868,-0.04625964,0.006547225,0.070381,0.043362368,-0.04771826,-0.07102501,0.06246432,0.018387131,-0.050427068,0.07245953,0.09065492,0.029381927,-0.07769124
TCGA-PL-A8LX-01A,-0.09973777,-0.02426483,0.1398509,0.06258422,-0.012776669,0.07187644,0.031838935,0.020392256,-0.054062754,0.07461842,-0.16545051,0.04086747,-0.016315028,0.13019976,0.079407066,-0.049986772,-0.0047574798,-0.026468465,0.029363751,-0.028570943,-0.063345894,-0.054804165,-0.10114167,0.060049787,-0.009759309,-0.03997138,-0.08784882,-0.0372579,-0.020578627,-0.051344827,-0.004730213,0.06666135,-0.074804045,-0.13963082,-0.10763935,-0.13057156,0.06923964,0.017287733,-0.07491739,-0.0322301,0.056345537,0.087672874,0.07867452,-0.09584921,0.010278049,0.04633121,-0.031917714,-0.008945358,0.050695375,0.06006451,0.030352425,-0.0062881885,0.08736783,0.02193291,-0.08709286,0.010010375,0.05997774,-0.0011800623,-0.09406605,0.07738985,0.015609844,-0.053833436,-0.07589538,0.024177862,-0.11304398,-0.022436028,0.15200631,0.054765575,-0.11848148,-0.014488375,-0.18187028,0.0767997,0.055551894,-0.029160075,0.09046418,0.02977732,-0.060052466,0.023606796,0.054042067,0.027584966,0.023440262,1.7472343e-05,0.004784842,-0.02821973,-0.08000314,-0.05337218,0.0036849119,0.17583756,0.14779462,-0.0617349,0.064173914,-0.1350846,0.0007499217,0.08029692,0.03631449,0.016310593,-0.054763936,-0.019551476,0.04233588,-0.038944364,-0.03545536,0.068610914,0.12728491,-0.071476996,0.027718196,-0.038379136,-0.07674744,-0.050906997,-0.014351394,-0.004480979,0.0006290357,-0.06214997,-0.05082724,0.06483838,0.091164224,-0.013335418,0.032302473,-0.13389648,-0.046057824,0.0053590843,0.089116156,-0.001320361,-0.04703949,0.040221725,-0.0064722043,-0.041436113,-0.17236395,0.14488924,0.004522088,0.09101182,0.05929801,-0.05792042,0.040315036,-0.040632796,-0.14733018,0.007343399,-0.045599345,0.016195247,0.019640021,0.058236156,-0.035259087,-0.11985154,0.0068172803,0.018345973,-0.021781346,0.0013693884,-0.08577667,-0.061608903,0.02901068,-0.023785904,0.072903134,-0.053600173,0.11001152,0.03945826,-0.10017524,0.0069193128,-0.08299484,-0.0923573,-0.06350472,-0.02908765,0.03594451,-0.06819136,-0.03923777,-0.15238586,0.015816681,0.03856732,0.070955776,-0.0030724334,-0.052289624,0.069469556,-0.113990076,-0.066620156,-0.011925589,0.023361435,0.0014669233,-0.09603273,-0.09366731,0.08671041,-0.041856777,0.18648553,-0.038615983,-0.07409419,-0.05116729,0.07935679,-0.025037134,0.024045127,-0.13395388,0.02701282,0.013336576,-0.008345027,0.043543875,-0.072584,-0.1463819,0.064243086,-0.009978513,-0.014232099,0.03348488,0.15276542,-0.035751596,0.01098051
TCGA-A2-A4RW-01A,-0.010479295,-0.10101076,0.13370366,0.015678812,0.012395697,0.065488756,0.023306878,0.011517223,-0.10597967,0.06483219,-0.044134565,0.08484907,-0.052361958,0.11092307,0.08480475,-0.04575668,0.022572014,0.053497538,0.02076429,-0.09301988,-0.06362155,-0.0038132432,-0.12342291,0.024935082,0.008519876,0.0220509,-0.106973514,-0.019210942,-0.014539148,-0.055272643,-0.07489955,-0.0005720933,-0.05617395,-0.082907684,-0.011760306,-0.107501164,-0.051023748,-0.04470453,-0.059676945,-0.0018523629,0.028073663,0.020784939,0.05036742,-0.13277176,0.002101839,0.027934965,0.0020578306,0.0007877156,0.1211327,0.11516063,0.06034865,0.06558862,-0.015444515,0.042230155,0.0021525663,0.0030129442,0.038921714,0.013143136,-0.13296089,-0.0035995273,0.005588765,-0.03272931,-0.0043374803,0.08471867,-0.022520948,0.044198554,0.106928594,-0.018582445,-0.051004693,-0.09702051,-0.080873035,-0.013542762,0.029803986,-0.22234234,0.016431555,-0.09311027,-0.13369,0.015391118,0.03571663,-0.008808828,-0.024971101,-0.03349016,-0.032198522,0.059340823,-0.08315384,-0.008232945,-0.030022955,0.047943097,0.10596723,-0.044704687,0.008919476,-0.10800393,0.0074093705,0.08073965,0.0027515185,-0.026801547,-0.0016969523,-0.015112965,-0.019949056,-0.03746088,-0.02661642,0.05637382,0.040191572,-0.20122996,-0.09159592,0.000984967,-0.10362739,-0.037186604,-0.024290774,0.06745471,-0.0048154183,-0.12767239,-0.0756168,0.14967753,0.037807245,-0.0139776105,0.015703417,-0.11091755,-0.021034867,0.026281456,0.09107082,-0.10845929,0.092634246,0.013548011,0.09187892,0.08597365,-0.06799862,0.114160806,0.044220496,0.12458841,0.15762208,-0.07606429,-0.063566096,-0.05867758,-0.10446957,-0.08691255,-0.02168952,-0.06441462,-0.036219243,0.01832358,-0.115773894,-0.08736035,0.007520722,0.041158345,0.03830011,-0.08856897,-0.09920957,0.020131709,-0.007282612,-0.07985341,-0.083007164,0.08237917,0.0071856407,0.051766034,-0.07937983,-0.014526989,-0.0024684533,-0.04382028,-0.06967272,-0.05483321,-0.031186728,-0.07117408,0.06703766,-0.101455934,-0.07134057,0.030834932,0.083577275,0.100445785,-0.12344263,-0.059743732,-0.0057807867,-0.10646073,0.08875598,0.005354174,0.090904616,0.033518773,0.02612711,0.026842527,0.09611071,0.14613596,-0.022551328,-0.052977707,-0.015660012,0.008457208,0.043932043,-0.1182676,-0.06957589,-0.11563983,-0.07239081,-0.039364997,0.13075879,-0.047557928,-0.09860089,0.051557984,0.057484172,-0.09003046,0.10777166,0.0013015618,-0.052968234,-0.0520572
TCGA-A2-A25A-01A,-0.03180232,-0.049880948,0.13287659,0.121533476,-0.07092985,0.09861295,0.005479478,0.029899187,-0.07822091,-0.018804263,-0.012901226,-0.067371055,-0.009954535,0.09638764,0.096203275,-0.090492085,0.088762864,0.03637244,-0.060452968,-0.068930976,0.025725666,-0.061228387,-0.015595218,0.0010625242,0.007191427,-0.0051547484,-0.13831174,-0.015245903,-0.042480137,-0.114145726,0.032019462,0.048684843,-0.16106203,-0.11899264,-0.15846358,-0.12302786,0.07183477,-0.06977199,-0.032124173,-0.04282066,0.013939153,0.11450241,0.07376578,-0.070091635,0.0903119,-0.07523654,-0.052348822,0.00304381,-0.00891962,0.122676395,0.095389016,0.04946338,0.009625079,0.09166152,0.009347907,-0.104762666,0.16903505,0.06995942,-0.03158922,0.06414764,-0.000553293,0.042023957,-0.011306136,0.0446344,0.03319512,0.052702125,0.13682409,-0.04196597,-0.08866021,-0.071771495,-0.07615802,-0.047375347,-0.038221013,-0.16393724,0.004609516,-0.05045286,0.0041458444,-0.031619713,-0.026990814,-0.038182285,0.0061803795,-0.00010853579,0.032943588,0.01523243,-0.1117374,0.032079943,-0.031733584,0.047095403,0.07697471,-0.03790612,0.076863006,-0.13038874,0.11337933,0.0043218127,0.09554952,-0.05051868,-0.123631075,0.015127951,0.029337477,-0.027111582,0.0921058,0.112787336,0.07943569,-0.001219413,-0.040335737,0.029869644,-0.057209466,-0.07888821,-0.10164602,0.051186107,-0.042418554,-0.015644444,-0.06950807,0.074778005,0.05984757,-0.10533045,-0.08516575,-0.0005135634,-0.00947713,-0.024330573,0.070793584,-0.029480807,0.063687906,0.009984072,0.04552411,-0.043217476,-0.092929706,0.052730262,0.024013296,0.083528765,0.10468875,-0.011544756,-0.0014768307,-0.03299452,-0.14637059,-0.080760814,-0.061067425,-0.02927793,-0.06651593,0.0022629064,0.009809752,-0.123379186,-0.026691593,-0.005950589,0.03223004,-0.0142113045,-0.14714643,-0.034198873,-0.078051314,-0.11630023,0.076615445,0.066117816,0.03847887,0.110429265,0.0080467,-0.0115424525,0.054004747,-0.105686754,-0.08635953,-0.030084318,-0.05674843,-0.004144931,0.06517503,-0.13678457,-0.06655624,0.08022904,0.05304171,0.026302021,-0.0018351022,-0.03836344,-0.04026836,0.043431927,0.08877089,-0.005804984,0.020646926,-0.12382968,0.03496017,0.007303526,0.014287527,0.10998411,-0.0031507062,-0.010475049,0.0070920466,0.007002438,0.0933419,-0.018969817,-0.16823445,-0.110038064,-0.09813046,-0.014884732,0.08577606,-0.058702525,-0.0607032,0.0018553542,-0.0059461626,-0.0032529936,0.13004749,0.05006028,-0.013742099,0.07915685
TCGA-EW-A1OV-01A,-0.100288734,0.037775684,0.10653855,0.036955155,0.008965705,0.053798683,-0.05330619,0.1024944,-0.11526423,-0.025418218,0.11489051,-0.0020667189,-0.019100273,0.10722523,0.051083248,-0.007198884,0.013987917,0.1155282,0.0039015685,-0.0182564,-0.036411792,-0.023714451,-0.069890276,0.027143309,-0.050677773,-0.035709042,-0.12287048,-0.071969315,-0.0075623523,-0.043226458,0.03191991,-0.032668516,-0.034467418,-0.14211012,-0.025000717,-0.1557781,-0.14064096,0.0032597554,-0.12751243,-0.024675269,0.048718266,0.095358826,0.0417897,-0.117759965,-0.15915102,-0.004520465,0.0125931585,0.005234415,0.08597157,0.09755907,0.07481641,0.08633802,0.055910993,-0.034680836,0.013211145,-0.075998865,-0.012499767,-0.029814623,-0.09891836,0.05224535,-0.0033988873,-0.062248126,-0.026510352,0.076940745,-0.0015434413,0.018674076,0.094023995,-0.05829027,0.0057348283,-0.036113758,-0.044000078,-0.011066132,-0.02265531,-0.13067369,0.010324336,0.08052296,-0.010259932,-0.029853681,0.07563606,-0.0069394666,-0.02304994,-0.08214075,-0.0042989384,0.035382275,-0.03214201,-0.11520979,-0.0701458,0.09916985,0.07587619,-0.044636518,0.1591462,-0.14688651,0.10576508,0.047483858,0.057558272,-0.046276584,-0.100732915,0.08395407,0.08023087,-0.12052481,0.020361854,0.0010816872,-0.058551554,-0.0068290867,-0.08403869,-0.000270043,-0.050073642,-0.045568313,0.052026518,-0.0059677837,-0.056457303,-0.14706147,-0.032068323,0.123215914,0.12025191,-0.037949916,0.0049035116,0.034029584,-0.09055174,0.036568485,0.019697916,-0.053860676,-0.06231885,-0.037596982,0.06929732,-0.055910647,-0.0063199005,0.13312927,-0.015293052,0.11869084,0.14166036,-0.050647743,-0.05343748,-0.062481113,-0.11570674,-0.01208723,-0.021367278,-0.1240142,-0.0916337,0.03838671,-0.06388621,-0.08759758,0.025388252,0.067206174,0.014998568,-0.024527458,-0.086303,-0.07293282,-0.094295196,-0.037739225,-0.010751198,-0.0005786254,0.11748691,0.062531576,-0.009370934,-0.019771254,0.09339125,-0.06969425,-0.08375476,-0.06254208,0.033760715,-0.0619924,0.009811239,-0.12704626,-0.11380053,-0.0048043006,0.039860755,0.06599503,-0.007273004,-0.056755356,0.033669356,-0.054864176,0.062246967,-0.062816575,0.07614189,0.044441383,-0.034825657,0.15499738,0.07183404,0.16703916,-0.073095925,0.008110206,-0.029887417,-0.0241342,-0.050624784,-0.07183335,-0.07011441,-0.08105936,-0.05905043,0.024264194,0.05974917,-0.1104356,-0.030926993,0.0837127,0.05725429,-0.02842993,0.053974245,0.033591833,-0.042408247,-0.010521755
TCGA-B6-A401-01A,-0.014870298,0.037325542,0.15342565,0.009140134,-0.034879457,0.09616119,-0.008269357,0.07038488,-0.014090507,0.13629796,0.039993085,0.0027046597,-0.023710132,0.13538826,0.07238507,-0.03626322,0.054003187,0.07401388,0.10587746,-0.061792526,-0.07568735,-0.06849931,-0.10079412,-0.0037425067,-0.055656448,0.07399839,-0.18713875,-0.037608538,-0.048714105,-0.0691364,-0.093667805,-0.012502947,-0.06696134,-0.12032442,-0.07862315,-0.05391898,-0.020207623,0.07238979,-0.028692378,-0.039711494,0.081039734,0.06179672,0.123954855,-0.059982184,-0.040370826,-0.041166965,0.029698582,0.055212352,0.046528935,0.12515055,0.12537384,-0.014302591,0.03313101,-0.030348321,-0.07329376,0.0194427,0.04383228,-0.05665764,-0.09883597,0.043761645,-0.034565516,-0.039601255,-0.018626165,0.088694766,-0.08653894,-0.0011010142,0.21410426,0.028055279,-0.07877838,-0.020479321,-0.0748483,0.024747763,-0.06901922,-0.17580222,0.044312373,0.04924758,0.005055612,0.045012973,0.032842018,-0.009661222,0.010656336,-0.05037232,0.04221789,-0.009159295,0.12707804,-0.08948795,-0.10068711,0.111767456,0.124053456,-0.034204833,0.048136193,-0.099677436,0.10315088,0.08324044,0.098181956,-0.106929705,-0.11370346,0.028797291,0.037896685,-0.092898384,0.02342534,0.117848374,-0.00079588796,-0.032446124,0.008819777,-0.001062852,-0.07153253,-0.11178172,0.099722296,0.006496484,-0.02962109,-0.10898082,-0.024183193,0.020442877,0.046147507,-0.013342586,0.006243853,0.005412156,-0.08963522,-0.048519533,0.10227411,-0.060023014,0.043747876,-0.010682602,0.0320693,-0.0012493648,-0.08519674,0.018673329,-0.028155865,0.09885831,0.19209078,-0.0032175274,0.0009210428,-0.057868853,-0.19078116,0.0025040125,-0.08380699,-0.10738815,0.0032713702,0.032335743,-0.007844937,-0.044353206,0.022763453,0.022020258,-0.0105004925,-0.03867208,-0.06573125,-0.080828354,-0.09373843,-0.09918439,-0.034711,-0.042436562,-0.00023579829,0.032001954,-0.030430762,0.09080423,-0.025340691,-0.03202692,-0.084770694,-0.034622766,0.09673746,-0.03046445,0.07202996,-0.15192021,-0.09718744,0.092197776,-8.963631e-05,0.011461233,0.0063219555,-0.086533174,0.09505519,-0.031416632,0.04999569,0.04179387,0.06704912,-0.087989435,-0.023321658,-0.022231022,0.09696329,0.13668701,0.005088395,0.004661623,0.028080842,0.041319396,0.010925407,0.027353264,-0.06273704,-0.030676493,-0.06133906,0.018232735,0.04719814,-0.07831539,0.016870769,0.007883304,0.022442926,-0.033747863,0.045750983,0.028398953,-0.074937254,-0.061931074
TCGA-OL-A66L-01A,-0.142642,-0.077179104,0.1693671,0.0302896,-0.13311979,0.020185394,-0.030691676,0.06098138,-0.059365526,0.015763367,-0.07384471,0.0017462262,0.012412563,0.14733008,0.15770662,-0.04096077,-0.003305099,-0.040246807,-0.006977086,-0.051964227,-0.015942946,-0.016886849,-0.04931675,0.068204366,-0.0015704769,0.009295287,-0.100054786,0.02567855,-0.016060865,0.011309865,-0.026925964,0.04283763,-0.06406094,-0.12169259,-0.12258487,-0.12337039,0.0112661915,-0.036195382,0.030959263,-0.11686524,-0.041572332,0.06713342,0.082623966,-0.085162885,-0.058841266,-0.017442007,0.008433518,-0.056772973,0.070510365,0.04701119,-0.049097218,-0.036880262,0.029022314,0.0949921,0.03856815,-0.075559445,0.06132437,-0.056597356,0.026930006,0.083020926,0.00044244595,-0.028258359,-0.11009594,-0.017247107,-0.10103532,-0.052229565,0.15966313,0.06446537,0.032423314,0.001485614,-0.19082831,0.07363235,0.027059512,-0.1932082,0.07084679,0.022508053,-0.017514108,-0.0075732,0.023069303,-0.0021393946,0.05028607,-0.04164267,-0.041222725,-0.07100087,-0.06722807,-0.058091167,0.019366609,0.10824563,0.08824426,-0.072470754,0.028475925,-0.14911297,0.13025269,0.009466624,0.076479904,-0.054478865,-0.08891054,-0.0038219057,0.034659956,-0.114195816,-0.021995684,-0.021047475,0.060706474,-0.050866526,-0.023746526,0.018498752,-0.011468898,-0.049790926,0.046008497,-0.095531285,0.13502179,-0.07866209,-0.025000038,0.1090142,0.123161055,0.000798513,0.031271927,-0.10646786,0.04710548,-0.01084354,0.1257205,-0.08319948,-0.013467766,0.026576659,0.039628804,-0.049492586,-0.014416501,-0.0032497921,0.03802184,0.12172127,0.034518924,0.014776667,0.02644541,0.06965144,-0.15443337,-0.092050694,-0.029305656,0.017372677,-0.03527241,-0.028577182,-0.031779107,-0.1434846,-0.07377857,0.06712775,0.048670214,-0.03802063,-0.11855403,0.0316889,-0.04827844,-0.0050520175,0.10903901,-0.0034352725,-0.034722786,0.06606412,0.030332664,0.02463191,0.014968844,-0.062098045,-0.033959214,0.0006584777,0.0027217637,-0.0554488,0.0032992605,-0.15017045,-0.02567932,0.066543475,0.10393852,-0.039326716,0.014738641,0.03028997,0.012302069,-0.0810026,-0.026592145,0.00014087734,0.0018213111,0.0096686585,-0.0755548,0.09748827,0.1088433,0.1684207,-0.06576655,-0.017577697,0.017252034,-0.027632626,-0.008529322,-0.12449007,-0.1602535,-0.009418693,-0.05017049,0.06486009,0.096362814,4.076899e-05,-0.036145054,0.047929406,-0.0019383382,0.026571883,0.053488627,0.09392747,-0.04665553,-0.061413705
TCGA-AO-A0JF-01A,-0.13617663,0.017390216,0.09406804,-0.013404501,-0.046285313,0.038502287,0.04737234,0.014338013,-0.049916238,0.05318787,-0.04935856,-0.022767004,-0.0397712,0.028950684,0.09386725,-0.07505719,-0.05787645,0.010142346,-0.01772385,-0.11343119,-0.044029742,-0.040341105,-0.10497069,0.04608257,-0.10269824,-0.022271704,-0.12760821,-0.012697248,-0.014953034,0.021280209,-0.10216891,-0.032464765,-0.08583223,-0.0895068,-0.17253172,-0.09029295,0.01422882,0.064211376,-0.0638201,-0.033913326,-0.086374395,0.08014784,0.10498503,-0.059936706,-0.038908638,0.00056493457,-0.019454919,0.05583665,0.03163812,0.092968725,0.02636864,-0.055271767,-0.012867986,0.08852213,0.013084511,-0.06879998,0.14250715,-0.02468718,-0.083781764,0.042952254,0.12086739,-0.048357405,-0.049956854,-0.015482677,0.00077309436,-0.035082746,0.117751464,-0.07239348,-0.08612567,0.049386073,-0.14643773,0.03125684,-0.0012515218,-0.10612481,0.0691749,0.026041418,0.00420575,0.037588302,0.056442946,-0.09666618,0.082758024,-0.07719885,-0.025361035,0.02631188,-0.0043990184,-0.05598226,-0.008081286,0.16595098,0.15234114,-0.031455964,0.05123657,-0.11769235,0.084823154,-0.0051999707,0.0771726,-0.030484581,-0.08345974,0.008696242,0.11636681,-0.037427604,0.05557742,0.08689284,-0.008818064,-0.10918101,-0.11139529,0.022395056,-0.06510256,-0.08563844,-0.036973562,-0.06476563,-0.06025744,-0.13839619,-0.022023,0.070614055,0.042332906,-0.027812874,-0.025100656,0.04611091,-0.07911996,-0.03924482,0.19053105,-0.12525614,0.038880613,-0.020160738,0.0053195073,-0.04529936,-0.06631632,-0.02738307,-0.028075416,0.14686927,0.056262493,-0.06398806,0.06461436,0.0063155354,-0.14058049,0.039487217,-0.014460205,-0.03241786,-0.04580464,-0.034523334,-0.007420535,-0.120607354,0.0019355377,0.08201244,0.060817476,-0.028783457,-0.047584865,-0.075888075,-0.03153237,-0.10368982,0.001477818,0.038409915,0.027262868,0.049130954,-0.118480384,0.04077535,0.0491789,-0.033949137,-0.05999935,-0.06931265,-0.044235177,-0.09982932,-0.054974988,-0.22498849,0.03041508,0.11003106,0.070717916,-0.054365907,-0.020372242,-0.009584072,-0.06809506,0.010517953,-0.0077787917,-0.019210702,0.06434536,0.012869214,-0.054773826,0.08863331,0.0062960666,0.1951005,0.031534996,-0.05337773,-0.015932927,-0.02213192,0.1024123,-0.005774837,-0.10210883,-0.045791905,0.015000197,0.020257346,0.049791865,-0.017279645,-0.037174195,0.09803927,0.026638374,-0.034698144,0.06779275,0.055511083,0.010493506,-0.027148383
TCGA-C8-A1HM-01A,-0.048305094,-0.033833012,0.039536662,0.1119737,0.0109279975,0.04982375,0.040788975,0.028585514,-0.018941808,-0.015604812,0.040579345,-0.042107794,0.029129326,0.16181314,0.039628677,-0.030957345,-0.018632049,-0.0017896941,-0.015652731,-0.095915824,0.0009691956,0.03879378,0.013622153,0.086550474,0.058637783,-0.057075366,-0.11058634,-0.059645306,-0.00056641776,-0.06847594,-0.059782445,-0.07828128,-0.13628632,-0.08645727,-0.12916946,-0.10247946,-0.05743902,0.029111002,-0.09371599,-0.023681045,0.06838435,0.0555147,0.17109641,-0.005293972,-0.097508185,-0.022623966,0.014746561,-0.027494295,0.030295294,0.049327448,0.018689562,0.06918607,0.10715729,0.04029047,-0.08616231,0.06341392,-0.0026070424,-0.051884506,-0.007192318,0.00035849534,0.013365568,-0.014083416,-0.01768654,0.05964165,-0.13471948,-0.084058166,0.14800118,-0.017273994,-0.15736581,0.022439657,-0.15110339,0.08136387,-0.03549619,-0.21463136,0.16260053,0.068989545,0.01896122,0.057082403,0.020973904,0.003464247,0.061222106,-0.009182921,0.057576235,0.051280536,0.0152911255,-0.09165659,0.012307242,0.13010703,0.1004802,0.028099515,0.092320874,-0.11124924,0.059324954,0.04998899,0.063718,-0.03976245,-0.052634485,0.07287076,0.010933304,-0.012559523,-0.05886126,-0.009876491,-0.032894615,-0.05667685,0.054813858,0.062068533,-0.028583126,-0.17422529,-0.009606906,0.033694312,0.042077832,-0.087314606,-0.1554909,0.04724537,0.05909738,-0.050227918,0.024527986,0.023639297,-0.10746929,-0.018210705,0.061753158,-0.039069563,0.12390413,-0.1018199,-0.07383266,-0.05893628,-0.09644741,0.039185133,-0.010688653,0.15641771,0.06883626,-0.08379606,-0.06803595,-0.072043404,-0.12610234,-0.029314058,-0.03400651,-0.12575051,-0.042699475,0.042461336,-0.005910832,-0.1115824,-0.013680467,0.0474498,-0.09007912,0.019696057,-0.05753182,-0.046445344,-0.02216156,-0.07781037,-0.032893542,0.03991668,0.10530546,0.045155678,-0.081984624,-0.015380795,-0.032445516,-0.14494234,-0.04542897,-0.01072613,0.026614353,0.004626608,0.1075812,-0.12861957,-0.034706336,0.056551594,0.053674154,-0.040080443,-0.03819486,0.008142511,0.065208405,-0.005667373,0.023886926,0.013551802,0.051054157,-0.094263434,-0.007815072,0.04219521,0.14530997,0.018889012,-0.10897305,-0.089809366,0.035679698,0.049651254,0.0006139167,0.012352671,-0.16466995,-0.0072289165,0.002834776,0.024135321,-0.04108298,-0.07159956,-0.019356733,-0.015468284,0.029460557,0.026966756,0.040668312,0.02920456,0.008631299,0.0027755375
TCGA-E2-A1IF-01A,-0.10826454,-0.041211493,0.11138304,-0.044911645,-0.07060851,0.04007794,0.06315349,0.009839029,-0.024910074,-0.0013041485,0.042553764,-0.0113271475,0.016949104,0.04323204,0.08010926,-0.018743502,0.068302736,0.11636755,0.015634151,-0.13134685,-0.073280424,-0.035960976,-0.088789456,0.17162694,-0.037870713,0.0031252934,-0.15582195,-0.0014994483,-0.0019796062,-0.073998116,-0.044287853,0.05169795,-0.1588192,-0.1209107,-0.056913994,-0.03719022,-0.0006235986,0.0028096496,-0.067237034,0.032363698,-0.004272054,0.07504314,0.14271405,-0.09071419,0.029701885,0.0511033,-0.008112106,-0.055920076,0.08077341,0.07092225,0.15772952,-0.007972911,-0.035981946,0.08244294,0.086103775,-0.007754293,0.052026786,-0.0362082,-0.011393655,-0.032362226,0.050620824,-0.03533346,-0.012172107,-0.0022956836,-0.046041265,-0.07309103,0.13410039,-0.019321105,-0.024932155,-0.025399594,-0.121913,0.010060997,-0.10149306,-0.15361653,0.089192495,0.034709387,0.0061500855,0.07899454,0.045258306,-0.060443714,0.049367864,-0.13941634,-0.086839385,0.08010264,-0.06758807,-0.0561291,-0.008272605,0.060364906,0.070526816,0.031580787,0.05437176,-0.07027207,0.09987968,-0.033186253,0.14659338,-0.031989157,-0.07216251,-0.008943681,0.11012314,-0.019695342,0.024335379,0.119553626,0.03391404,-0.10694537,-0.041828047,-0.0054009696,-0.07692238,-0.08855431,0.050470155,-0.0018340882,-0.03666221,-0.12770066,-0.086724795,0.09487077,0.057129912,-0.05099809,-0.032530222,0.0107655,-0.050319675,0.010376518,0.14188372,-0.083452635,0.07625247,-0.018466813,0.046400018,0.038593438,-0.08550948,0.060568772,-0.0033574454,0.11039575,0.12276168,-0.043627936,0.00810653,-0.0749732,-0.13866052,0.023320574,-0.062304657,-0.04776649,-0.083061114,0.03405405,-0.063680336,-0.11245916,-0.02594397,0.022119807,0.0044921483,0.023179179,-0.1886941,-0.011476127,-0.035395663,0.0035015151,-0.033687785,-0.024268791,0.07492369,0.05460783,-0.047050595,-0.046836432,0.05029824,-0.0829299,-0.058002986,-0.093287,0.012732618,-0.088814974,0.06596345,-0.08671388,0.010282441,0.0931207,0.09714581,0.052263357,-0.07345321,-0.044634428,-0.0053669154,-0.008426926,0.0038946508,-0.04656088,-0.040768243,-0.051244788,-0.10663172,0.0069144354,0.039796334,0.11694615,-0.06963641,0.08667553,0.09246806,0.0072837234,0.063290894,-0.07615367,-0.10012351,-0.09308952,-0.01873054,0.01643898,0.052848462,-0.062647395,-0.11200225,0.020576376,-0.076171674,0.03477573,0.06599097,0.10903946,-0.0010472513,0.018752161
TCGA-D8-A1JU-01A,-0.080788046,-0.06440439,0.1063046,-0.0010903497,-0.04280202,-0.08625663,-0.04144032,0.028773205,0.055399947,0.028607277,0.025524277,-0.01855225,-0.062106263,0.17985146,0.095479004,-0.02732692,0.031708967,0.021564735,0.045875665,-0.10352525,-0.041390926,-0.094205834,-0.017728208,0.09729987,-0.030543298,0.020243658,-0.04367708,0.009286443,0.07141726,-0.06528161,-0.012475054,0.010613969,-0.0813029,-0.10494985,-0.04210877,-0.074478485,-0.07217238,-0.013545799,-0.046666276,0.02272253,0.057259772,0.035362106,0.13533406,-0.16288881,0.013680022,-0.050131265,0.04174533,0.0328921,0.100636415,0.015411241,0.04246233,0.050494272,0.02126164,0.074986614,0.013822603,0.049354076,0.06746653,-0.028605605,-0.10376201,0.0458886,0.05507017,-0.045763556,-0.022639355,0.12744403,-0.060318608,-0.020619284,0.138035,-0.00786714,-0.042255238,-0.021699063,-0.103643954,-0.027924145,0.0128729595,-0.17971416,0.11828437,0.011033352,-0.010558852,0.044246227,0.20228164,-0.053066086,0.028769584,-0.06347804,-0.04819096,0.082872465,-0.011451095,-0.07688741,0.013597642,-0.0018806463,0.13508037,0.007323883,-0.03575775,-0.02938606,0.071333036,0.00140615,0.027235355,-0.06307957,-0.039464183,-0.042844933,-0.11066324,0.08308185,-0.03132549,0.14890817,0.058217302,-0.1467885,-0.04559458,-0.0077506024,-0.06773439,-0.122965984,0.029828813,-0.0045113848,-0.01797185,-0.13937172,-0.057363145,0.12922187,0.020251082,-0.072898835,0.029470611,0.0088678,-0.0059660086,0.03390293,0.0937976,-0.12962529,0.052991614,-0.020203749,-0.012595779,0.13727322,-0.0060294936,0.11966652,0.03232928,0.045172404,0.08298464,-0.020767903,-0.07713821,0.021983711,-0.12507065,0.019701514,-0.048878632,0.03472593,0.022231687,0.091936044,-0.017286815,-0.13502637,-0.04219914,0.015064595,-0.015981888,-0.026568351,-0.11992963,0.027002038,0.021704087,0.014820564,0.057808086,0.05420092,-0.048745282,0.059071343,-0.0192069,-0.026871342,0.01186825,-0.1751429,-0.07336683,-0.032981075,-0.09798348,-0.07952696,0.056482665,-0.067488596,-0.025504723,-0.022352803,0.108403675,0.119249694,0.0076512005,-0.018724425,0.0950156,-0.09503924,-0.069346264,-0.00025905806,-0.029388335,-0.070385575,-0.038158864,0.14366837,0.007834972,0.073426746,-0.09212884,0.013515819,-0.0027452754,-0.007760524,0.092828706,-0.028167449,-0.12590478,-0.07473859,-0.021474356,0.025099263,0.119915284,-0.01810496,-0.0528568,-0.0014385243,-0.12970735,-0.013507885,0.050421167,0.09425949,-0.076144874,-0.0060500046
TCGA-E9-A1NH-01A,-0.05561403,0.025530953,0.13414456,-0.042733148,-0.07625182,0.079013504,0.08808134,-0.011826774,-0.08445975,-0.030491231,0.014317362,-0.0007842945,-0.036330726,0.169907,0.13287565,-0.006910489,0.050795894,0.076766916,0.05997874,-0.058695123,-0.101380154,-0.030202208,-0.121809736,0.02729979,-0.14336166,-0.040181953,-0.15792076,-0.017590733,0.0967773,-0.08600292,-0.018001411,0.036244195,-0.040734164,-0.12576658,-0.042954605,-0.042103253,-0.028742421,0.025014143,-0.08174952,-0.038324308,0.032953616,0.19273065,0.19616845,-0.062150214,-0.029095199,-0.060172956,0.03589573,0.06995513,0.04804189,0.050380338,0.032772318,0.010333442,0.0796467,0.06631909,-0.009771727,-0.071111485,0.022006933,-0.076166965,-0.045337215,-0.007489587,0.021140195,0.051344484,-0.100052275,0.09332491,-0.04449088,0.0035427902,0.15064992,-0.05123192,-0.05444978,0.042991474,-0.021092039,0.02867158,-0.07113922,-0.12027029,0.109516926,0.03262824,-0.0412934,-0.0024353391,0.13438839,0.009920138,0.036941197,-0.024941856,-0.010149048,0.12230368,0.056640588,-0.0620893,0.0038083585,0.08426755,0.078720346,0.04372764,-0.008813582,-0.12852564,0.17973697,0.00090086274,0.029265242,-0.0761567,-0.06702445,0.06127435,0.02249922,-0.08090021,-0.048034217,0.06845305,-0.015807427,-0.16660485,-0.12593238,0.034181666,-0.06960094,-0.08582196,0.064472795,-0.006290711,-0.059997234,-0.0738934,-0.12706314,0.056845494,0.16713326,-0.018838117,0.01623588,-0.021271275,-0.17538093,-0.06288619,0.012008021,-0.04677091,0.021104619,0.018770432,-0.021250803,0.07288808,0.022264633,-0.004278957,-0.027436696,0.025166186,0.106158115,0.08830573,-0.0074460204,0.01773079,-0.1387998,0.052502334,-0.06305329,-0.008440466,-0.04126779,-0.010404258,-0.0076272557,-0.101365484,0.023729801,0.062537685,-0.01397585,-0.060857445,-0.13421866,-0.024740439,-0.018497845,-0.05475453,0.03058927,-0.010060003,-0.013682532,0.038633097,0.018935928,0.010423185,0.03371166,-0.07100723,-0.104055054,0.037049975,0.039350543,-0.04831166,-0.060139265,-0.17020626,0.021412289,0.021514991,0.08414764,-0.07446385,-0.022392485,-0.014340679,-0.008014889,-0.08640505,0.013151271,0.050783362,-0.012239549,0.06272628,-0.023510115,0.1035487,0.043635137,0.10475452,-0.02172692,0.07072085,0.02936356,0.024847407,-0.021906044,-0.04829099,-0.024929317,-0.042641405,0.005235545,0.048227362,-0.07479791,-0.059014358,-0.063083984,0.09703794,-0.029104136,-0.021461733,0.057075605,0.068280056,-0.03443347,0.06714488
TCGA-A1-A0SI-01A,0.074174784,0.025591448,0.22679794,0.022081029,-0.054440614,0.087043986,0.032069586,0.05521869,-0.084040344,-0.00976217,-0.031601988,0.015043434,-0.050048377,0.17706017,0.061189808,-0.10242332,0.03254704,0.103359535,-0.018892448,-0.12049296,-0.031482328,-0.08095016,-0.012296359,0.06205085,-0.012877872,-0.01610365,-0.15327458,-0.021076696,-0.05667547,-0.11552215,-0.035737365,-0.023845011,-0.1967933,-0.16762467,-0.11531148,-0.07350303,0.03539151,-0.092332564,-0.013495351,-0.015221826,-0.030432535,0.109049946,0.030662166,-0.13254075,0.004912726,-0.033881113,0.0400759,-0.017796615,0.071644366,0.07239211,0.01237727,0.0748979,0.03363797,0.16274391,-0.054937385,-0.022381369,0.08483765,0.0013220273,-0.022724044,0.12509556,0.050213095,0.03475108,-0.03144689,0.0158778,0.019862201,-0.08416156,0.101308875,-0.03175128,-0.050197087,0.058763333,-0.08486586,0.07972833,0.016739441,-0.20772147,0.09391026,-0.053299457,0.0069617922,0.054723077,0.10383111,-0.04334914,0.012049625,-0.01049535,-0.07415025,0.01280453,-0.03273865,-0.025060952,0.018488605,0.044048578,0.14146449,-0.09272126,0.010728303,-0.017880041,0.00979249,0.04612308,0.101183005,-0.05093429,-0.008328179,0.021301776,0.026932847,0.0222492,-0.013872021,0.03948816,0.03509733,-0.082917586,0.03053859,-0.04841215,-0.03316783,-0.09613879,-0.018151896,-0.026044607,-0.0060509806,-0.050149016,-0.1078895,0.044078585,0.1237247,-0.09299861,-0.031065363,-0.06916183,0.01691424,-0.02339934,0.063095346,0.0023222798,0.11348746,0.11412015,-0.013282433,0.019998066,-0.14222576,-0.057943594,0.08089461,0.06684883,0.05414356,0.018600628,0.06994648,-0.09122398,-0.13862182,0.021435024,-0.022570217,-0.087966755,0.013975484,-0.06058456,-0.058656115,-0.09470104,0.0060079223,-0.016866066,0.0058581117,0.019931339,-0.0622823,0.011210088,0.027922655,-0.11683871,0.046748143,0.0118471775,-0.015968641,-0.027525486,-0.06462708,-0.029346135,0.020590832,-0.17672865,-0.039040606,-0.04304928,-0.008796534,-0.072845854,0.05958586,-0.029856173,-0.03240185,0.03207748,0.08230647,0.05538127,-0.021032836,-0.0018458957,0.021835065,-0.04157913,0.013161708,-0.019923503,0.06437016,-0.08973865,-0.20905514,0.034023613,0.0869032,0.10113352,-0.055707727,-0.003347422,0.018410021,-0.0053348313,0.011724719,0.020448595,-0.15981254,-0.039475404,-0.003335082,-0.050562985,0.013405866,-0.0670106,-0.059120193,-0.019012006,-0.10236414,0.043842014,0.0062177433,0.05155318,-0.024723236,-0.045645185
TCGA-AR-A24P-01A,-0.055805665,-0.09630656,0.14215988,0.051543523,-0.0590479,0.02996441,0.03068065,0.01672457,-0.008679008,0.09004453,0.05185112,-0.0019209688,0.03227548,0.1501012,0.07787735,-0.014867037,-0.0024839945,0.048599083,-0.027704502,-0.11044356,-0.037901532,-0.03566558,-0.034273952,0.04715511,0.049114052,0.001495317,-0.13818501,-0.033234186,0.04421766,-0.02212799,-0.03273706,0.082257144,-0.12980816,-0.11353188,-0.027723113,-0.15566485,0.026981916,-0.023739513,-0.010242339,-0.0668659,0.041841194,0.07105081,0.10668031,-0.11397011,-0.010877329,-0.06613652,0.01013739,0.031862576,0.03630974,0.1171529,0.06280472,0.02282264,-0.0158218,0.08263025,-0.018888986,-0.050761648,0.12062215,-0.026773337,-0.06392442,0.040628243,0.015221837,0.02024525,-0.04250454,0.14540821,-0.00381489,0.0008597501,0.16458638,-0.0037180434,-0.04239257,0.073438115,-0.18774109,0.0071840496,-0.0032579217,-0.0759625,0.10885528,0.026073147,0.017675305,-0.00038096012,0.120611064,-0.091841854,-0.021776047,-0.12580507,-0.03372847,-0.008144971,-0.027247367,-0.057593774,0.003705542,0.087013245,0.13977794,-0.055654254,-0.07503641,-0.092433624,0.003324903,0.16248162,0.11999574,0.0024775218,-0.012707675,-0.05820104,0.0054871724,0.010802657,-0.048065823,0.09234631,0.00028376532,-0.06810304,-0.0077800383,0.009168598,-0.057050545,-0.08912354,0.028707368,-0.037858233,0.05574318,-0.1103529,-0.10976474,0.11022419,-0.06056688,-0.020963036,-0.059362188,-0.0013636248,-0.0058230585,-0.018835442,0.07994648,-0.07826389,0.032279693,0.018045034,0.015533008,0.014945333,-0.10567301,0.11550293,-0.039856315,0.1444986,0.074964054,-0.011968432,-0.029543271,-0.026178768,-0.20690551,0.024746217,-0.100050196,-0.047459967,-0.04560904,0.021641346,-0.09096313,-0.17087026,-0.050602525,0.011468043,-0.0072729927,-0.020482006,-0.13585998,0.08376978,-0.06389731,-0.05651978,-0.04046404,-0.036808237,-0.12811007,0.0531091,-0.0013515924,0.057693645,-0.019723138,-0.071183056,-0.026721107,-0.03781501,-0.0047932095,-0.056106508,-0.013297064,-0.05325328,0.022305235,-0.02593885,0.014276152,0.011207683,-0.032062955,-0.090741046,-0.013439922,-0.059756447,0.021047397,-0.01449401,0.17019735,-0.023003072,-0.066691704,0.07716538,0.027020672,0.12664458,0.039963685,-0.010968601,0.038548663,0.08729389,0.11386158,-0.0067132046,-0.1116538,-0.048917342,-0.047149792,0.09867472,0.03953683,-0.010229279,-0.095801584,-0.005083457,-0.06083339,0.043305974,0.069238245,0.08377798,0.027605418,-0.05646295
TCGA-A2-A4S3-01A,-0.037754193,-0.07041831,0.10747063,-0.017115429,-0.062962174,0.0226339,0.022703689,0.09330695,-0.09923956,0.057093453,-0.036933854,-0.07443832,-0.053701278,0.16007146,-0.065445065,0.02708622,0.08764167,-0.010040356,0.08423645,-0.06945853,0.019831063,0.01730809,-0.05758283,-0.0061782557,-0.04464388,-0.06411325,-0.049175985,-0.007531401,-0.017855871,-0.1420426,-0.07053382,-0.036178466,-0.051567096,-0.004327283,-0.083562,-0.07046675,-0.12706463,-0.009929353,-0.058943536,0.0010844563,-0.07640415,0.08914188,0.035554927,-0.073467016,-0.031226909,-0.012396962,-0.039580416,-0.01786468,0.09055026,0.06260977,0.019538984,0.100126505,-0.02955105,0.11825961,0.046817534,0.022446234,0.16770072,0.041170537,0.002957616,0.054567683,0.07645626,0.03387405,-0.028858718,0.010050946,-0.06678482,-0.021993496,0.17312996,0.0021793165,-0.02567727,0.022805111,-0.24262373,0.0341217,-0.06977952,-0.17977813,0.10118534,0.021384386,-0.016043805,0.023615837,-0.02988269,-0.002624554,0.0062589706,-0.013193562,-0.046003558,0.01675996,-0.08026665,-0.081925035,-0.09116555,0.12792729,0.050387215,-0.051998492,0.050836705,-0.104748085,0.06587289,0.030997345,0.117091425,0.010870604,-0.03381646,0.0220657,0.0056147682,-0.03601637,-0.039537933,0.08038532,-0.028597152,-0.091005474,-0.018893173,-0.06418046,-0.0024386114,-0.059281744,-0.01407277,0.01493546,-0.039686125,-0.055224854,-0.07465341,0.10881122,0.07177283,-0.04465079,-0.04249449,-0.053806014,-0.12775286,-0.08239215,0.018688155,-0.05128218,0.05664137,0.050930582,0.08062465,-0.056220043,-0.04389212,0.0188949,0.07194047,0.12229443,0.109487265,-0.0030646008,0.03167278,-0.10049425,-0.06306364,0.054857418,-0.112529494,-0.028126089,-0.057196982,0.013293579,0.00301353,-0.15182115,-0.0076879947,0.13712734,0.025129063,-0.023398982,-0.05597942,0.006092163,0.010146033,-0.06620677,0.0010272935,0.09668715,0.06882334,-0.08974497,0.021339236,0.038073882,0.09142321,-0.027008539,-0.05895086,-0.01733618,0.02315824,-0.06950689,-0.004726359,-0.16700031,-0.02944705,0.09923864,0.08369206,-0.0024218117,0.01535304,-0.013696972,0.030752424,-0.07924634,0.048724495,0.08996544,0.016197007,0.007895641,-0.093585685,0.13206159,0.10415418,0.14644004,-0.105666205,0.03724546,-0.047261883,0.05520665,-0.0021161006,-0.11289914,-0.14724739,-0.05468996,-0.018132176,-0.057799306,0.0707371,-0.087657616,-0.019417873,-0.012536932,0.12007923,-0.02627139,0.07361398,0.08382844,-0.015030836,-0.0619527
TCGA-AR-A5QP-01A,-0.037384633,-0.075846255,0.10918635,0.03895802,-0.10287859,0.10765835,-0.0007310875,-0.008768734,-0.14213914,0.08375259,-0.041132398,-0.001907179,-0.009224076,0.16686535,0.09706712,-0.05122981,0.02054213,0.07548178,0.025341354,-0.09801486,-0.061509207,-0.08974509,-0.0060597225,0.1000134,0.11303055,-0.05741208,-0.19950572,-0.024568575,-0.045635436,-0.071178384,-0.05556759,0.07234528,-0.15393074,-0.09919362,-0.02492614,-0.036548477,-0.022661537,-0.0070071868,-0.034970727,-0.03529876,0.03800102,0.07192608,0.11173602,-0.0439052,0.028999768,-0.010336435,-0.03794953,0.024235807,0.07685995,0.06248837,0.14119737,0.08908949,0.051092148,0.10300868,-0.055947226,0.008470002,0.08322638,0.07426432,-0.07993892,0.018582799,-0.01586479,-0.019910555,-0.04362128,0.056448378,0.024881339,0.018528353,0.07780683,-0.04225393,-0.09939094,-0.020953115,-0.1280607,-0.0007057168,-0.0844496,-0.13872537,0.052398115,0.0075861006,0.013932897,-0.0004483883,0.13853706,-0.03605276,-0.014292275,-0.036264326,-0.028840119,0.07654992,-0.061863363,-0.09606239,-0.12624344,0.05475892,0.065489195,0.024089394,0.12959953,-0.08629688,0.028211338,0.013255575,0.04130163,-0.06478164,-0.006786074,-0.08584978,0.040522933,-0.030345215,-0.009428553,0.08948903,0.09319053,-0.063269936,0.013168843,-0.0024348216,0.002424561,-0.116288126,0.005892148,-0.03903334,-0.045828216,-0.086891614,-0.089080855,0.07543262,0.10324138,-0.031335495,-0.0020532894,-0.21605664,-0.050795946,0.005080223,0.08432336,-0.06738587,-0.06270032,0.053294383,0.011801297,-0.029535197,-0.020287586,0.072148785,-0.04358806,0.064356044,0.031622745,0.0007784816,0.0055095353,-0.02688161,-0.21352434,0.0141218435,-0.080399245,0.03751943,-0.04541041,0.057868462,-0.072162256,-0.06729327,-0.004253624,-0.0019448966,-0.016154842,-0.026927784,-0.044358592,0.0035747618,0.0026523732,-0.072773725,0.07843007,0.06524599,-0.03813025,0.063143,-0.093069404,-0.0048090005,0.011075278,-0.07666377,-0.06811904,-0.002342877,-0.0041488716,-0.03913779,0.087666385,-0.16000101,-0.01734776,-0.0047942083,0.119263455,-0.06972296,-0.019822145,-0.012545263,0.04135304,-0.042890042,0.025441447,-0.0021067793,0.046683904,-0.11968036,-0.104818106,0.06267475,-0.012516679,0.15279892,0.02876029,-0.055944763,0.033884987,-0.030293444,0.11514084,0.009972354,-0.14478754,-0.069319166,-0.10366205,-0.025729435,0.07030099,-0.019779274,-0.023547243,-0.026087228,0.053152896,0.011635529,0.096375264,0.044155337,-0.062135886,0.066945955
TCGA-E9-A1RB-01A,-0.028244222,0.09480868,0.11634444,0.10340028,0.01624378,0.019803045,0.028517403,0.092972815,-0.0046721,0.028426843,-0.0020176424,-0.12166946,0.15166707,0.19924961,0.07000128,-0.03115575,-0.057668947,0.025911756,-0.033895824,-0.038874667,-0.006128487,-0.014801544,-0.06108331,0.07298438,-0.004849267,-0.04158339,-0.086400844,-0.0020318688,0.009967954,0.00751132,0.0026854319,0.062990084,-0.17156047,-0.08987643,-0.027685707,-0.1125633,-0.11153841,-0.09131659,-0.03171076,0.00031600878,0.014662774,-0.013066768,0.102921054,-0.07174466,0.050092753,0.0036715837,-0.0023472118,-0.016737215,0.10876828,0.09034841,0.05206218,0.07270414,0.045866117,0.02436296,0.026731167,-0.06764436,0.044022746,0.021961542,-0.026619483,0.009708153,0.0009525988,-0.018447544,-0.04765814,0.09935545,-0.0531871,-0.0664875,0.09181094,-0.00870919,-0.104905955,0.03940469,-0.08535294,0.054285295,-0.049428865,-0.13551702,0.038111918,0.033430245,0.009774224,0.09083961,0.12097465,0.031891648,-0.006858009,-0.10743097,-0.02562466,0.11821891,-0.02023097,-0.051131736,0.11721314,0.034308985,-0.0022610193,-0.01205967,0.10600057,-0.044397455,0.04477578,0.054716554,-0.003430673,0.08843893,-0.07522003,-0.0063642235,-0.033137556,0.036692772,0.04928508,0.09449499,-0.0028259335,-0.030112306,-0.030883009,0.045064982,-0.04028005,-0.13914454,0.039359126,-0.05554298,-0.020517098,-0.09939282,-0.06344422,0.12578847,0.17150171,-0.007519721,-0.043257527,-0.16221976,-0.03645703,-0.08550835,0.08527153,-0.047121633,-0.07164102,-0.01578104,-0.013906853,0.059425082,-0.08942769,0.06997795,0.04821129,0.14094134,0.094938286,-0.1858694,-0.022141706,-0.05069866,-0.13346279,-0.063203715,-0.023683863,-0.04622421,-0.03904392,0.014126173,-0.024677364,-0.08716369,0.010309059,0.09452257,-0.03099337,0.05738832,-0.07804987,0.056267705,-0.067930326,-0.06264942,0.11492644,-0.045324154,0.041699868,0.0641609,-0.14871496,0.0070413803,-0.0054041008,-0.10467832,-0.047124438,-0.10571452,-0.000391826,-0.030271877,0.047814142,-0.11882964,0.03337196,0.13326833,0.041146696,0.065624595,-0.087986246,-0.07102669,-0.023682918,-0.026253192,0.03148243,0.060562696,0.03258042,-0.014959919,-0.12827367,0.13276866,0.099969015,0.066563055,-0.07851092,-0.038675833,-0.025053648,0.07158503,-0.05612456,-0.0048665125,-0.042630844,-0.11357497,-0.024156252,0.0017248376,0.08302432,-0.045026716,-0.07163073,0.05758779,0.04889471,0.028848432,-0.00298134,-0.0036860108,0.02347323,0.004121666
TCGA-AN-A0XW-01A,-0.014940412,-0.015825346,0.08117674,0.024226563,-0.06325259,0.03907627,0.059278876,-0.029961983,-0.118162245,-0.010185926,-0.08234557,-0.001271014,-0.050194636,0.13184059,0.096473336,-0.041200228,-0.05387688,0.056172337,-0.028956868,-0.007904607,-0.08757982,-0.05517471,-0.080602005,0.10363305,-0.047602806,-0.011834663,-0.07529811,-0.09094825,0.08549809,-0.05366161,-0.08002613,0.0939748,-0.09231091,-0.18529679,-0.08870277,-0.116980605,-0.021372546,-0.031816404,-0.080675684,-0.03583724,0.016402142,0.030034276,0.003822218,-0.043271136,-0.008278694,-0.03230543,0.088534124,0.04035564,0.10048111,0.09954894,-0.025959104,0.054495562,-0.037628803,0.1756782,-0.056248408,0.020080779,0.06964175,-0.017802857,-0.0060873786,-0.027026324,0.06581306,0.028506525,-0.105757415,0.12514563,0.04264699,-0.0502571,0.09648952,0.0217478,-0.07769778,-0.0043936092,-0.2095303,0.11206599,-0.041701328,-0.14272733,0.11110558,0.074845076,0.012768549,-0.0071734055,0.13617338,-0.03773189,0.049493607,-0.017606571,-0.0061205137,0.08774319,0.122808054,-0.08591651,-0.008645294,0.0391046,0.08492054,-0.057260282,0.026834497,-0.10121679,0.039930638,-0.00758502,0.0656101,-0.060386848,-0.03144701,-0.022415342,0.030382743,-0.035824213,-0.0012740438,0.07986949,-0.0047887317,-0.067938045,-0.09234814,0.06113456,-0.10815754,-0.099034406,-0.04742742,-0.06658561,-0.07384407,-0.0868251,-0.057917375,0.035944942,0.12645146,-0.026732724,-0.02018617,-0.010529544,-0.017256275,0.017192991,0.102251485,-0.17077087,0.032191824,0.056200743,0.03062963,-0.028442226,0.022450667,-0.00019438913,0.102711126,0.0290934,0.069017865,-0.061761055,0.033088963,0.044507258,-0.16590106,-0.04342935,-0.06748512,-0.057182685,-0.0044361427,0.043171357,0.06905041,-0.1184597,-0.04348689,0.05055516,0.03736293,-0.055626806,-0.08350021,-0.038651206,-0.003959158,-0.04449012,0.0329761,0.002867546,0.079031505,0.019798223,-0.0141304,0.108038515,-0.011189926,-0.074265674,-0.11619768,-0.037538033,0.029333595,-0.049130492,-0.034422986,-0.1383676,0.0027719045,0.07885141,0.09857123,-0.0019374593,5.3964202e-05,-0.009947804,-0.009211406,-0.06987917,0.0020743434,0.008300279,0.11818483,-0.043565135,-0.1595709,-0.0022420113,0.08179059,0.12836596,0.038346022,-0.05043451,-0.048382156,0.043243617,0.12550901,-0.075124435,-0.018231912,-0.12275314,-0.0058893235,-0.04232478,0.1371888,0.01939201,0.04383041,-0.009857818,-0.001793287,0.10247792,-0.034763772,-0.0072666514,-0.02190904,-0.005149459
TCGA-AR-A5QM-01A,-0.022195514,-0.043971177,0.07925112,0.043696787,-0.016737545,0.06089523,0.06693134,0.019987298,-0.087816216,0.017422413,0.010974634,0.06059059,-0.011692046,0.116414174,0.13014312,-0.08969834,0.0120920325,0.046054173,0.0045962604,-0.028044518,-0.046984304,-0.07544449,-0.13317908,0.016791092,-0.046821993,-0.0539158,-0.17305975,-0.0072236313,0.028346492,0.032806292,-0.059271153,-0.05970943,-0.15604037,-0.17483208,-0.062908515,-0.08983282,-0.016843874,-0.048132684,-0.005198691,-0.15502277,0.018926118,-2.8576678e-05,0.07719817,-0.13934027,-0.025570069,0.0095995,0.0022805207,0.007502055,0.02124503,0.08076342,0.04621376,0.022505837,0.073326975,0.08331904,-0.056315698,-0.072936095,0.13510707,0.051319912,-0.036328483,0.0496821,0.026672442,-0.017289702,-0.10342484,-0.045629974,-0.021652538,-0.059942625,0.13804688,-0.0037201578,-0.042660158,0.035297822,-0.06359424,0.06256818,0.0313939,-0.1987574,0.054076325,0.074936576,-0.0028651822,0.071540385,0.06619102,-0.049794707,-0.0070913457,0.05494731,-0.000948704,0.03995994,-0.01000933,-0.07487704,0.014065474,-0.029372454,0.11862905,0.06984372,0.06785813,-0.09894696,0.12793484,0.0246624,0.05720656,-0.07223616,-0.07627699,0.0031777143,0.009325542,-0.050384093,0.047451925,0.054462217,-0.044438656,-0.10349141,-0.025017317,0.03219457,-0.07570834,-0.11960915,-0.021038769,-0.1466113,0.014238346,-0.09187501,-0.0826305,0.1019401,0.13113171,-0.023973722,-0.03753338,-0.04436277,-0.013312953,-0.0053547374,0.13048263,-0.079391204,0.038955145,-0.014752504,-0.0018398442,-0.0379422,-0.06916385,0.059360504,0.027924435,0.10013441,-0.009850191,-0.09038258,-0.0683051,0.020519013,-0.045199838,-0.035687763,-0.050327994,0.031634737,-0.05208186,-0.03148778,-0.087015435,-0.10355686,-0.07095454,0.03732675,0.02617265,-0.039202027,-0.12391409,0.00077984174,-0.120390736,-0.10073625,-0.0062010926,0.0026859075,0.017404618,0.024972184,-0.060741786,0.113719165,0.11266902,-0.19337688,-0.065963976,-0.12490844,0.01564394,-0.08620468,0.10465287,-0.15918677,0.017033199,-0.016396003,0.11995119,-0.052695863,-0.04436614,-0.033590697,-0.017643845,-0.028799366,0.04324011,0.0022350082,0.037608463,-0.043039963,-0.014115011,0.093624115,0.10586942,-0.0020559737,0.0024236217,-0.028559536,0.027939215,0.03762963,0.024140943,0.033687286,-0.07039332,0.00034147955,0.036784053,0.09141171,0.08641987,-0.07870822,-0.06723372,-0.10429238,-0.077619225,0.08967438,0.0379002,0.062387705,-0.022392409,-0.040080145
TCGA-GM-A2DF-01A,-0.051063374,0.011227426,0.01428487,0.07631794,0.027753381,0.0802902,0.09562664,0.0712486,-0.077418506,-0.014222882,-0.097694196,-0.043219972,-0.057342798,0.20268905,0.09085691,-0.059274875,0.004170845,0.09171852,-0.0036014884,-0.046446532,-0.14147353,-0.012123179,-0.044102803,0.059732947,-0.02745245,0.017495934,-0.08952791,-0.042734083,-0.0052462006,-0.0861964,-0.117073,0.06858292,-0.10859969,-0.07001976,-0.054072388,-0.09537606,0.04999682,0.04532405,-0.03927898,0.015122408,-0.011810546,0.13291793,0.0700434,-0.043823414,-0.03067718,-0.024482278,0.03411627,0.014182024,0.044044748,0.09279984,0.025621165,0.06872168,0.017742032,0.042951614,-0.03447034,0.061359458,0.07133872,0.0004806638,-0.039703146,0.09132092,0.099277616,0.06343002,-0.12114964,0.11395366,-0.010787752,-0.09385791,0.095690824,-0.06920697,-0.066608414,-0.038184345,-0.1628301,0.025028551,-0.0040535345,-0.16318683,0.052151233,0.04521825,-0.02398761,0.09640417,0.0103191985,0.059646208,0.035581313,-0.07974565,0.00018707592,0.022936827,-0.072582126,-0.107536234,-0.02198463,0.09237726,0.10271167,-0.08120337,-0.012708808,-0.12310701,0.057278637,-0.007120004,-0.025948543,-0.0036979988,-0.021198856,-0.038242806,0.06353854,-0.0148009155,0.053951036,0.030233258,-0.0385778,-0.10533495,-0.091648966,-0.04479643,-0.13848887,-0.0076788897,0.062935434,0.025990952,-0.100514635,-0.13961726,-0.0042555844,0.044769358,0.06093651,0.06665382,-0.023662962,-0.08014577,0.03012012,0.0073909517,0.09919316,-0.037240665,0.0040289643,0.034973938,0.034798235,-0.035072353,-0.059792288,0.08237932,0.02859544,0.14416362,-0.005779928,-0.09939321,-0.020027548,-0.0672946,-0.1003092,-0.0021575834,-0.06851501,-0.008922812,-0.023431135,-0.08362344,-0.012271526,-0.13365833,-0.031223793,0.049268115,-0.044815224,0.019872576,-0.02254455,-0.07749145,-0.030008754,-0.13685454,0.029098535,0.13914038,0.0050332197,0.026394352,-0.095573686,0.034884416,-0.060624372,-0.05126831,-0.14481173,-0.09268503,-0.12147762,0.010312624,-0.03173787,-0.21398072,-0.031538162,0.04670382,0.076223604,0.0149393305,-0.05728325,-0.01595105,0.028422445,-0.12200922,0.016761115,0.046435196,0.05340317,-0.066304594,-0.11128661,-0.004398101,0.032855332,0.098047085,-0.04418904,-0.044679876,0.032053627,-0.010794109,0.020459462,-0.011725998,-0.06294256,-0.08782829,-0.03159444,-0.09941716,0.13201863,-0.05807945,-0.024935342,0.069653295,0.08816906,-0.05052932,0.11307661,0.05062154,-0.0144133745,-0.021978758
TCGA-WT-AB41-01A,-0.06469134,-0.0769941,0.11121312,0.0055959295,0.0008253865,0.06320703,0.09886215,0.05106407,0.08224191,0.0006162809,0.009019869,-0.03644459,0.028300872,0.1566382,0.14968213,0.0140669765,0.00054772774,0.069494165,-0.051010437,-0.06212154,0.017924735,-0.13103862,-0.048494212,0.02031135,-0.021473322,0.007167789,-0.0988672,-0.038175616,-0.042664018,-0.07866671,-0.035575863,-0.043202385,-0.06140498,-0.052753378,-0.17604266,-0.10534051,0.050469834,-0.029198233,-0.04331562,-0.019467419,-0.028524846,0.002873277,0.1017315,-0.08038097,-0.0146161085,0.017552748,0.034595516,-0.023107775,0.07509049,0.035871666,0.07368161,0.062448993,0.0067488938,0.10300724,0.033815913,0.016411297,0.01687149,-0.041178714,-0.017236976,-0.007641907,0.11447665,0.0681798,-0.08605852,0.15152179,0.0002269702,-0.034178104,0.1386243,0.02324977,-0.03931106,-0.011253784,-0.17804685,0.030011328,-0.090181716,-0.13410594,0.12500192,-0.10401705,-0.07002522,0.021171482,0.019929208,0.0046866224,0.110106096,-0.18638584,-0.04207,0.07571847,0.006199248,-0.051287573,-0.046043925,0.019818805,0.14992408,-0.017797178,-0.0038721946,-0.10781957,0.017783744,-0.028430969,0.14157243,0.026304511,-0.1019236,-0.037046093,0.008315477,-0.05571777,-0.040843863,0.045190185,-0.079735294,-0.04373905,-0.10058558,0.0035335792,-0.042707153,-0.09393322,0.019068869,-0.0546738,-0.034637365,-0.1021916,-0.1026818,0.03712221,0.070239566,-0.09368186,-0.049512744,0.055733625,0.04321461,-0.11507507,0.1337022,-0.15004738,0.082476646,-0.019412344,-0.03385169,-0.040356923,-0.0039871563,0.00082555984,0.04634957,0.094786346,0.065061055,-0.014704066,-0.030780103,-0.05438099,-0.21182668,-0.08014971,0.022075685,-0.04964169,0.009229951,0.08862279,0.1031501,-0.08250627,-0.062466722,0.026398703,0.036864582,0.05088104,-0.13379978,-0.04911598,-0.032374505,-0.054173212,0.028131584,0.07597521,0.029574929,0.022639487,-0.037388712,0.052106585,0.09424187,-0.12215528,-0.032984935,0.01702248,0.06825401,0.0031052027,-0.0232554,-0.10594872,-0.047302954,0.061817966,0.048411537,-0.0325402,0.039948452,-0.029624762,-0.027271423,-0.13650042,0.032539476,-0.025621613,0.052120958,0.015844876,-0.05614661,0.09044817,0.1059876,0.053018488,-0.023447916,-0.07280616,-0.07409852,0.12441338,0.024099877,-0.00524487,-0.13081971,-0.008613797,-0.03323122,0.053273648,-0.0064606727,-0.04821422,-0.026200434,0.032978546,0.009725005,0.056751512,0.0030336205,0.05651093,0.05017499,-0.011641898
TCGA-B6-A0RE-01A,-0.07314353,-0.04301565,0.11815051,0.13961963,0.11566166,0.046607926,0.01815428,0.09257802,-0.08430298,0.015155849,0.034047563,-0.021315746,-0.009425831,0.14999552,0.05348225,0.039276347,0.034018807,0.032000925,-0.05138174,-0.041066922,0.0069089215,-0.06896672,-0.018007163,0.07741877,-0.048988912,-0.043762077,-0.092884995,0.037228353,0.031926744,-0.08565737,-0.07309512,-0.0031775616,-0.083589524,-0.09344059,-0.042661473,-0.1323404,-0.08392551,-0.09037916,-0.10140305,0.027485194,-0.0039665457,0.02264466,0.14955038,-0.092132226,-0.04149166,-0.021668963,0.0861098,0.04887656,0.025241287,0.0658439,0.05376787,0.08853825,0.05241656,-0.0011430192,-0.060748924,-0.03662069,0.0044136643,-0.03246805,-0.066056654,-0.0052660448,0.012755495,0.00025048558,-0.053912256,0.12111808,-0.11852132,-0.08203011,0.06588135,-0.037693925,-0.029786969,0.011425825,-0.12993848,0.0300394,0.0006124851,-0.11093514,0.09202164,0.010036479,-0.071399264,0.05850615,0.15180509,-0.031961665,0.028906751,-0.025674423,-0.021174675,0.07114096,-0.028340677,-0.14456913,0.009067513,0.10197848,0.11953165,-0.09558599,0.07665964,-0.1371099,0.031221671,0.07460988,0.067469396,-0.039503906,-0.051791206,-0.010053666,0.024815576,0.058349244,-0.016368581,0.092783004,-0.024125341,-0.057350807,0.012528882,0.09039607,-0.07712368,-0.11235839,-0.0020890583,-0.016679335,-0.027751828,-0.13986622,-0.06279728,0.1218949,0.11822432,0.055711463,0.037806854,-0.011911858,-0.017952165,-0.04679785,0.17011803,-0.08809412,-0.053089596,0.044505563,0.01100899,-0.027893499,-0.08084923,0.062419333,-0.06212403,0.13539717,0.05595585,-0.06799253,-0.09422026,-0.007112328,-0.18246135,-0.062616795,0.009092029,-0.071135946,-0.05571822,0.104860045,-0.07187563,-0.09963249,0.049296997,0.08036756,-0.012837626,-0.006599715,0.012287648,-0.04870083,-0.10964277,-0.048212156,-0.02249536,-0.0042071654,0.05234207,0.04385392,0.0034270412,0.032258514,0.011730288,-0.09706534,-0.10185218,-0.0318668,-0.014239211,-0.008730736,0.051425643,-0.095392115,-0.0027039365,0.018821543,0.13753691,0.045488667,-0.037224893,-0.019801384,0.02731142,-0.16010635,0.011194211,0.008495776,-0.027551515,-0.039572153,-0.04327805,0.15799466,0.088205405,0.14841603,-0.03204234,0.025175594,-0.05136769,0.05225644,-0.023811726,-0.03959268,-0.07567812,-0.00049254455,-0.05627377,0.058159113,-0.0019452631,-0.09199604,-0.03537356,0.040235635,0.0038233106,0.059344828,0.02706658,0.117163084,-0.08843253,0.021027481
TCGA-BH-A0HB-01A,-0.02278331,-0.14599217,0.14490643,0.032898266,0.036159463,0.14735423,0.02576193,0.06889016,-0.10343229,0.030910444,-0.002455453,0.08743951,-0.05709429,0.05056531,0.11987242,-0.06925885,0.00318667,0.05747452,0.08752074,-0.09081476,-0.08346456,-0.03990235,-0.08022695,0.039571427,-0.07064146,0.045988575,-0.11268152,-0.027384812,0.050456136,-0.060177717,-0.06676306,-0.021994915,-0.037970383,-0.14882413,-0.1252904,-0.1388788,-0.06897014,-0.030839298,-0.08021424,0.07691312,-0.0017648268,0.1257962,0.08647316,-0.09437697,0.035073373,0.0015262841,-0.046743337,0.006718603,0.1033853,0.107705526,0.037790485,0.050413486,-0.0014788341,0.038622852,0.050228063,-0.046855874,0.15675445,0.019795418,-0.039159343,0.051867027,-0.04303305,0.005369017,-0.0687968,0.072168365,-0.082970105,0.010316578,0.1022001,-0.045817714,-0.13835557,-0.05844059,-0.14962521,-0.009583541,-0.0013330623,-0.1621792,0.16685958,0.06777559,0.019308235,-0.0690693,0.12629932,-0.040519148,0.07477677,-0.040003505,0.013920948,0.068643875,-0.030438226,-0.09393969,-0.06398356,0.10958159,0.074229226,-0.05155944,0.0016685189,-0.07697087,0.033331543,0.041699935,0.1209442,-0.09999576,-0.055543654,0.008632239,0.046912707,-0.057611123,0.036315553,-0.005123089,0.030248059,-0.123603106,-0.048334096,0.018932162,0.018062424,0.045844283,0.00042196488,-0.096574225,-0.01800758,0.012595892,-0.0808464,0.08713652,0.09331325,-0.03233825,-0.043043274,-0.060340527,-0.03869059,-0.038376275,0.107705854,-0.091943465,0.10718938,0.06943819,0.046532936,-0.032039862,0.0012636194,0.066243194,0.0031418013,0.09660747,0.006284527,-0.02770692,0.0153584415,-0.036056787,-0.10850283,-0.010984587,0.02693198,0.022663616,-0.06457334,0.074816465,0.022143451,-0.18000703,-0.025015319,7.857786e-05,0.0704973,-0.067368925,-0.074019365,0.0058250497,-0.060950395,0.0027999575,-0.046081506,0.02586127,0.036785875,0.069171235,0.034822434,0.04739739,0.017542114,-0.08705326,-0.07698536,0.038955968,-0.0015674033,-0.008296426,0.09622933,-0.119966455,-0.077157274,0.044294976,0.12088809,-0.03301119,0.0035206964,0.009118412,0.012171558,-0.13256541,0.08408526,-0.010892504,-0.04217259,0.004800986,-0.07253786,0.019335212,0.025648285,0.061127514,-0.019951925,-0.04577466,0.034576446,0.06404331,0.096655376,-0.016289819,-0.09675289,0.021636024,-0.025635067,-0.009227589,0.085854106,-0.021311264,-0.06830821,-0.048206218,-0.04832158,0.10101107,0.11512525,0.108205505,-0.07949298,0.04210785
TCGA-AO-A0JB-01A,-0.014976795,-0.07907788,0.042425927,0.040677406,0.05549442,0.058404274,0.018471228,-0.02588077,-0.10965993,0.0068165534,-0.051304232,-0.0841929,-0.020951392,0.08951023,0.14001514,0.0015810613,0.037946943,0.026967732,0.005531524,-0.11553645,0.012735798,-0.030981734,-0.07561504,0.108621925,-0.123855785,-0.0480739,-0.18529795,-0.15534055,0.004715285,-0.060993075,-0.019736288,-0.00021177832,-0.08117707,-0.024493199,-0.05816699,-0.10753369,0.01207466,-0.02607517,-0.09235957,-0.07250748,0.012998803,0.046578683,0.019504253,-0.11147338,-0.03145612,-0.0043024067,0.013353014,-0.038423877,0.0367257,0.09355305,-0.006922486,0.07902445,0.04416808,0.06588676,-0.03465765,-0.055012364,0.091318436,0.07349404,-0.014462101,0.06680531,0.019034188,-0.007856067,-0.13994682,0.09883133,0.003851059,-0.112917565,0.17411393,0.040674344,-0.103944786,-0.027169999,-0.18823756,0.0041776034,0.03526727,-0.12056669,0.0075264433,0.00047853787,-0.08108577,-0.02681219,0.038853735,-0.02952194,0.08184729,0.023830345,0.009628227,0.08322343,-0.09345554,-0.03346358,-0.0027607305,0.07901291,0.18837433,-0.09003853,0.08927653,-0.04350106,-0.0141512435,0.077526346,0.051756404,-0.10783503,-0.05396771,-0.00066305435,0.018294584,-0.011905545,-0.0022060475,-0.025835168,-0.09462473,-0.054863915,0.028329607,-0.002348898,-0.057586204,-0.052870274,0.05306777,-0.08764671,-0.016286612,-0.13792594,-0.15098278,0.09436118,0.11370167,-0.106975675,-0.08738153,-0.093751766,-0.033180658,-0.026033001,0.08933974,-0.1864776,0.015962815,0.07259046,-0.016576882,-0.08970732,0.008307894,0.056249853,-0.091553755,0.12980941,0.08813499,-0.07660878,0.022797095,-0.008610108,-0.12099621,-0.04211755,-0.054813914,-0.072447985,-0.044904627,-0.017457176,-0.06949077,-0.10233039,-0.05798825,-0.0029838162,0.027480433,0.016109845,-0.064787276,-0.028975543,-0.05802285,0.043699417,-0.071050614,0.03148562,0.0025659362,0.0042270166,-0.008298504,-0.0023173555,0.038331624,-0.026851814,-0.050876807,-0.023016801,0.0021935839,0.022539502,-0.015890528,-0.15131891,0.01222255,-0.0056238784,0.14355688,0.024960333,-0.09506535,0.024927389,-0.11334306,-0.09762846,0.03966545,-0.030898135,0.0153657505,0.0026373742,-0.10335925,0.087951005,0.09622847,0.124633886,-0.01365912,-0.10480695,-0.0049703848,0.058077075,-0.038856585,0.044305414,-0.012806664,0.009613426,0.024078572,-0.026708018,0.07849018,0.038907498,-0.066367775,-0.016013997,0.08691065,-0.0173814,-0.013717116,0.06537427,0.05415782,0.044779282
TCGA-BH-A0E2-01A,-0.06372837,-0.11709233,0.116856344,0.030125296,-0.02040879,0.0044235443,0.006538386,-0.006289288,-0.067236505,0.059187185,0.018159298,0.037566733,-0.03459693,0.074142635,0.15701133,-0.023136519,0.02180605,0.022786187,0.037770182,-0.10912333,-0.058330353,-0.10789343,-0.096783854,0.14010163,0.026273226,-0.02706228,-0.22060677,-0.034680706,-0.07226733,-0.034798317,-0.05887672,0.036947653,-0.08993036,-0.20655939,-0.16361785,-0.07454217,0.026317824,-0.03857686,-0.018342776,-0.057964988,-0.00059464684,0.0731059,0.07112167,-0.07164006,-0.12605195,0.031190507,-0.012552954,-0.027439736,-0.02372272,0.028519172,0.06563913,-0.0021679185,0.08059618,0.14629623,0.006503484,0.061460268,0.07686634,-0.022651013,-0.081385955,0.0049623977,0.031979658,-0.001649932,-0.0356269,0.0011889802,-0.015920317,-0.102012105,0.14740834,0.024975745,-0.0857429,0.031741414,-0.15764792,0.069832146,0.059678268,-0.11587618,0.13844734,0.018765211,0.010994293,0.023836464,0.009179463,0.03602605,0.045416545,-0.06845387,-0.03140555,0.0469454,0.00091546745,-0.026173111,-0.0011407814,-0.011621723,0.15468378,0.02797589,0.14753969,-0.04150168,0.04499857,0.054050215,0.099370025,-0.056652848,-0.13672358,0.03689381,-0.0064776307,-0.08220637,-0.067174576,0.0140461,0.03650032,-0.03905588,-0.05589737,0.0038673384,0.07124985,-0.085700676,0.044186424,-0.03714632,-0.08026492,-0.101870045,-0.072307065,0.109684944,0.073918685,-0.08834036,-0.05432608,-0.037525367,-0.063689195,-0.008538424,0.10832097,-0.11098239,0.08153704,0.005582442,0.04516856,-0.051289547,-0.041746106,0.0027618331,0.017675454,0.12055273,-0.0022016943,-0.014103582,-0.030516108,0.03647394,-0.186019,-0.07045449,0.022424558,-0.11602649,-0.021433322,0.10468184,-0.007856141,-0.13540252,0.032226242,-0.0247993,0.019779861,-0.023471562,-0.040342543,-0.015932264,-0.06672295,-0.03932596,-0.047502626,-0.021610599,-0.10007093,-0.0039557484,-0.043349784,-0.019424895,0.00097616366,-0.069167726,-0.023476982,-0.0145719005,-0.014230451,-0.019934604,0.076153286,-0.12694384,-0.037213534,0.026888605,0.16342402,0.0004291097,0.066876315,0.013414708,-0.026415193,-0.12479959,-0.05947771,-0.04674531,-0.06709247,-0.07728378,-0.052513417,0.034147196,0.059508402,0.033602163,0.05437628,-0.14148268,0.05489282,0.046489276,0.07755027,-0.010808943,-0.06884222,0.05531613,0.032855846,-0.058364805,0.08321512,-0.0026097798,0.045929704,-0.024696326,-0.019289356,0.059351835,0.029902192,0.07381864,-0.035708204,0.009777643
TCGA-A2-A1G0-01A,-0.05847359,-0.04343555,0.21595797,0.07114606,-0.048561275,0.038667794,0.056326676,0.08645205,-0.11215855,0.008306532,-0.005250945,-0.016560894,0.05732968,0.11075188,0.033734288,-0.09803271,0.053898025,0.092727825,0.027034312,-0.06135528,0.0016696395,-0.0587228,-0.0046736677,0.021275548,0.085212015,-0.007478075,-0.091577485,-0.0047816266,0.038637612,-0.098864734,-0.04924569,0.04533748,-0.057333827,-0.13092798,-0.04577471,-0.11350887,-0.09378038,-0.03134857,-0.029891023,-0.016429663,-0.038915075,0.120763555,0.080957256,-0.124985486,-0.022864852,-0.038746234,-0.026212348,-0.007494868,0.07703598,0.06204401,-0.0101230955,0.06414951,-0.063974485,0.04759742,-0.06170797,-0.03689691,0.051788185,-0.009685279,0.017965915,0.0756355,0.057105828,-0.016037667,-0.06516734,-0.015554288,-0.045389984,-0.08551317,0.13208339,0.02222665,-0.11261092,-0.049155816,-0.21499866,-0.000222956,-0.093406044,-0.18221743,0.041389167,-0.03867892,-0.069227085,0.007425741,0.20479874,-0.017784214,-0.0042760894,-0.0744344,-0.014824621,0.042820055,-0.009892648,0.0125377495,-0.04826856,0.043478213,0.19067371,-0.014154996,0.022566535,-0.034777205,0.007669518,0.039155416,0.122443296,-0.030068718,0.066213325,-0.034279846,0.09689608,0.008277625,-0.022353329,0.05814629,0.02444301,-0.09276427,0.007849292,-0.082166485,-0.04405153,-0.036815822,0.027105084,0.033158116,-0.027839437,-0.049038883,-0.08302919,0.059080593,0.100516714,-0.06178509,0.0032928158,-0.005799375,-0.028088609,0.036295872,-0.011623106,-0.1126161,0.068754256,0.014656803,0.07558322,0.035688136,-0.04898651,0.02116909,0.01804995,0.12408182,0.101446144,0.014693042,-0.0011517125,-0.06581835,-0.12570938,0.046235193,0.025923703,-0.064912975,-0.07605849,0.028329054,-0.1270466,-0.165422,-0.012040004,0.02131561,0.08128851,0.050153412,-0.013344698,-0.019324837,-0.012930016,-0.07496501,-0.04101881,0.032336794,-0.016551584,0.04589177,0.01479439,-0.059738766,0.088291995,-0.09163116,-0.00144676,0.020613583,0.038365602,-0.032219388,-0.014829903,-0.13232328,-0.08483134,0.062262397,0.05690072,-0.01752272,-0.021288648,-0.0066211796,0.010677455,-0.17422841,-0.024870064,-0.019098273,-0.0519345,-0.006745337,-0.08732749,0.104371965,0.08123671,0.1135524,0.025854968,0.053736653,-0.0062786546,0.12376504,0.022142598,-0.07140114,-0.13016291,-0.041003224,-0.048160277,0.03831334,-0.010788003,-0.09304681,-0.07401228,0.024826132,0.01248399,-0.014222959,0.09874875,0.1911214,-0.011324113,-0.030497257
TCGA-A7-A26E-01A,0.005562461,-0.08175944,0.091671035,0.019885575,-0.028487239,0.06602351,0.01720206,-0.062158562,-0.07386647,0.034187373,0.03993632,-0.020715583,0.020807188,0.22104114,0.097458534,-0.01953888,0.057836287,0.0655321,0.097320236,-0.122820675,-0.09682089,-0.08055376,-0.061070494,0.10313621,-0.002709274,-0.02620123,-0.17172763,-0.033065625,0.0011477199,-0.01991734,-0.06021526,0.06447061,-0.018970584,-0.07269029,-0.13772209,-0.1078704,0.026857516,-0.012855759,0.033321917,-0.04776596,0.022674374,0.17689207,0.095228,-0.12286494,0.023016473,-0.030391835,0.01174349,0.022278043,0.037801467,0.004758426,0.031035982,-0.009920313,-0.004278733,0.12588872,-0.060095284,-0.004464369,0.052369986,0.0901772,-0.053821288,-0.014971338,0.044909596,-0.014996757,-0.07724864,0.09840166,-0.041968726,-0.022052633,0.13834348,0.041211884,-0.0589018,-0.023684708,-0.13438347,0.05172529,-0.010853122,-0.09366513,0.11216933,0.07899926,-0.041880354,0.023920612,0.10203354,-0.040526625,-0.045258977,-0.008263302,-0.041355245,-0.010539979,-0.06311155,-0.032714866,-0.0049934564,0.07195364,0.13135779,-0.08027315,0.022045337,-0.19218534,0.033619396,0.008834915,0.07471079,-0.022058837,0.041267343,0.021686098,-0.024992893,0.0018042455,-0.00057007244,0.018825285,0.05774804,-0.1212408,-0.10517177,0.030158207,-0.10296122,0.036476403,0.014897429,-0.12692666,0.035151504,-0.08328727,-0.07846363,0.123559445,0.0435619,-0.07450074,-0.0901891,-0.06645472,0.008557177,-0.043868355,0.034379244,-0.17269611,0.03423632,0.07042436,0.09490049,-0.14673667,0.041627172,0.012221402,-0.034464307,0.115258515,0.03247827,0.003835939,-0.030402694,0.0042851903,-0.12423571,-0.03786908,0.0144314915,-0.010104455,-0.03478466,-0.052769218,-0.052720815,-0.11498323,-0.0303587,0.040924598,0.009401311,-0.00047857515,-0.15772618,-0.0030656613,-0.022409417,-0.065215684,-0.023682533,0.03213857,0.002056222,0.082906805,-0.0061781756,0.037031073,0.11847773,0.015729478,-0.08106827,-0.010599294,-0.15509492,-0.022571119,-0.020306587,-0.15295888,-0.06418762,0.047574736,0.07391909,0.026976839,-0.04993072,0.004001826,0.006117753,-0.06631715,-0.0023450556,-0.003960977,0.100512594,0.054456636,0.044310052,0.05448637,-0.0019679032,0.1419628,-0.049131546,0.01098208,-0.040691912,-0.040191133,0.03638096,-0.06256873,-0.08111725,-0.044161785,-0.05599308,0.104578234,0.06790221,-0.05566748,-0.028246753,0.11128056,0.043627463,0.0475337,0.045492977,0.11639829,-0.02499507,0.0036204567
TCGA-GM-A2DL-01A,-0.072802246,-0.08193971,0.046344943,0.07932773,-0.08788289,0.041666213,0.056422938,-0.022815926,-0.041357182,0.0040386044,-0.023129765,-0.07466941,0.011945446,0.06691271,0.09580451,-0.12291923,0.033645503,0.029841179,0.0106317075,-0.14161724,0.00065083645,-0.004668081,-0.036861874,0.1140409,0.010602627,0.01580449,-0.10281989,0.09162254,0.03142069,-0.06821766,-0.0944375,-0.009705079,-0.10543327,-0.07390047,-0.08289428,-0.09561314,-0.068215586,-0.04945312,-0.0018134685,0.017218659,-0.037175436,0.077026255,0.20327602,-0.09760908,0.013983561,0.0073889927,-0.071591295,0.029782992,0.06182666,0.12037208,0.092537776,-0.025311183,-0.06748173,0.11981056,-0.024426064,0.021927817,0.0992094,-0.027956396,-0.013676064,0.07148804,0.012978599,-0.06381175,-0.039535914,0.042484913,-0.11917422,0.033888537,0.13586444,0.0037854607,-0.0112618245,-0.05463302,-0.0722893,0.042418987,0.029557148,-0.22221804,0.069620535,-0.020015804,0.04186286,0.03704619,0.03870282,-0.062384885,0.057984326,0.005700132,-0.01523469,0.019286554,-0.04867003,-0.101821184,-0.009385358,0.015786646,0.17820224,-0.0068754796,-0.035220712,-0.090103716,0.04876839,0.04976212,0.053397335,-0.11485139,0.010764269,-0.004444412,0.0893378,-0.05757507,-0.059021655,0.044337776,0.0072134295,-0.07374425,-0.007129175,0.017209431,-0.17142956,-0.13168216,-0.08271866,-0.07101905,-0.04810913,-0.18711872,-0.05174834,0.09909149,0.034490082,-0.026465429,-0.06543647,-0.051255386,-0.021328233,0.111805975,0.1157041,-0.09494793,0.0810417,0.04551197,-0.011968497,0.024149323,-0.07706349,0.10392205,-0.040593337,0.13369845,0.15508361,-0.021981813,0.0067056436,0.054651204,-0.11307116,-0.040399067,-0.104737505,0.02745278,-0.092047036,0.016451837,-0.032751,-0.19033034,-0.0059854616,0.03698329,0.07898862,-0.030736588,-0.12018227,-0.050336365,-0.050708994,-0.023113547,-0.05258061,-0.015531208,-0.043434363,0.034636177,0.02188424,0.00012241161,-0.0050696186,-0.07801625,0.007385075,0.0031866275,-0.038886443,-0.045605995,0.06588942,-0.064443596,0.037536714,0.0065251784,0.09504141,0.060513575,-0.011286132,-0.11025047,0.017575013,-0.033896495,-0.00043904176,0.03346974,0.019706087,-0.03542944,-0.007046841,0.009204255,0.0330438,0.132881,0.019819956,-0.0012803336,-0.08695616,0.071498975,0.06559346,-0.056764796,-0.075869754,-0.10096198,-0.11128591,0.049570795,-0.043263365,-0.0024626246,-0.0328476,-0.046600178,-0.026535915,-0.036542792,0.09102843,0.041294146,-0.040377997,0.05114979
TCGA-BH-A1EU-01A,0.04118311,0.015132199,0.095554516,0.055986617,-0.06881473,0.07314658,0.07879604,-0.050534394,-0.062425528,0.09338093,0.038722664,-0.10153844,0.08962241,0.13099596,0.10543392,-0.021476934,0.011431985,0.014780256,-0.05568664,-0.048383985,-0.00092406594,-0.052442662,-0.017066486,0.08043902,-0.068750404,-0.001953321,-0.052175242,-0.03967439,-0.019251868,-0.0013102345,-0.12814903,0.027550494,-0.046241514,-0.08109295,-0.15684396,-0.10742761,0.05785951,-0.035222217,-0.030152205,-0.03494591,-0.023771726,0.07968704,0.06755719,-0.036212508,-0.026047649,0.00043408235,-0.009367847,-0.036768086,0.010570997,0.13211532,0.08321801,0.027365234,0.060334053,0.016536359,-0.03361165,-0.011252189,0.019175228,-0.034754645,0.081962615,0.011959729,0.06557734,0.0005924452,-0.07160915,0.08230331,0.017929683,-0.0255866,0.17396706,0.07173389,-0.08705158,0.024416128,-0.17971605,0.07222346,-0.07322096,-0.11098128,0.103614755,-0.050741583,-0.13367353,0.065943554,0.06152354,0.044756737,-0.025087003,0.023576595,-0.013746174,0.06578976,-0.02013807,-0.00901937,-0.06198835,0.09561889,0.07875723,-0.06949662,0.049831644,-0.0732317,0.09558473,0.04104233,0.14895278,-0.0015646991,0.009720753,0.035899572,-5.9494236e-05,-0.12656093,-0.04650373,0.05246367,0.009140911,-0.06944897,-0.08184319,0.03386786,-0.087770976,-0.14612131,0.0067679575,0.0115326615,0.08650047,-0.057271555,-0.13770853,0.03925041,0.09002724,-0.053642344,0.018751008,-0.013753224,-0.021579241,-0.10517071,0.0093659945,-0.057594553,0.06605251,0.14906663,0.011081279,-0.013010567,-0.124509215,0.06470098,0.038300775,0.20503034,0.12004395,-0.08610395,-0.023636302,-0.11844373,-0.11854075,0.054066353,-0.08131621,-0.07847411,0.016217902,-0.06936402,0.025522135,-0.10083503,-0.03647661,0.04711382,0.0066543412,-0.057493184,-0.16156605,-0.00731091,-0.027600426,-0.11651556,-0.0009882428,0.02739726,0.03704924,0.013585505,0.056298338,0.030700415,0.051073644,-0.053705525,-0.03847342,-0.09789568,-0.09596879,0.03267719,0.012387617,-0.12454235,-0.021406753,0.06716115,0.090406954,-0.06698248,-0.04147944,0.040093422,-0.04887515,-0.072307646,0.041430302,-0.044747394,0.10395832,0.006800289,-0.060243186,0.07105658,0.10869641,0.13717689,-0.016391747,-0.029496422,-0.03469119,0.04546396,-0.026572462,0.025832007,-0.08567982,-0.09353148,-0.0626243,0.0055692936,0.049953632,-0.11227278,-0.065587856,-0.0303343,0.005699324,-0.008938365,0.04964147,0.071135715,0.05930988,-0.00049
TCGA-GM-A2DC-01A,-0.029559907,-0.036026362,0.06897663,-0.049283188,-0.05404374,-0.034692395,0.026539896,-7.038431e-05,-0.10066707,-0.023606276,0.019696198,-0.0060423873,0.029165821,0.09116196,0.03185847,-0.08322062,0.011172109,0.1072259,0.027557712,-0.04864365,-0.021883382,0.046187196,-0.11299955,0.06214915,-0.049408033,-0.0856599,-0.09793885,-0.062472437,-0.04169754,-0.044320654,-0.14553763,-0.030814413,-0.12732768,-0.09522378,-0.13889435,-0.20453046,-0.04505955,-0.07373019,-0.056379035,0.053323966,0.036277067,0.074178465,0.025118887,-0.09667644,-0.057414513,0.045998674,-0.032478694,0.024568826,0.055911947,0.09642717,0.10935033,0.0027475504,0.0056454064,0.07677368,-0.027266221,-0.017978182,0.16855662,0.0005209188,-0.115386896,0.04202357,0.023396926,0.051745385,-0.083940916,0.1043185,-0.11261013,-0.008798531,0.036136374,0.051829927,-0.019264713,0.0051665856,-0.15815252,0.07399202,-0.0071003097,-0.18601662,0.08760352,-0.029894592,0.13053197,0.043854907,0.09228003,-0.010626652,-0.046152405,-0.081230015,-0.06825626,0.0022678708,-0.034450788,-0.06711567,-0.072629966,0.06377168,0.092745304,0.04416572,0.0087198,-0.108358435,0.075561285,0.015107984,0.045452066,-0.011788544,-0.051433202,0.000209128,-0.010453955,0.021671388,-0.02299191,0.027381752,-0.031928215,-0.11013858,-0.06786583,-0.043095734,-0.01982913,-0.04552061,0.047657933,0.006435953,-0.011648214,-0.12324356,-0.030622147,0.11671774,0.07852127,-0.009482724,-0.056080353,-0.100442834,-0.07599637,-0.048286516,0.11302296,-0.12470929,0.014237418,0.06693228,0.0795954,0.0011151354,-0.058740575,0.077882074,-0.03262226,0.14987807,0.090190254,-0.084910974,0.038609527,-0.034451324,-0.11598527,-0.032334782,-0.0900304,0.03013013,-0.06547948,0.009654474,0.016312355,-0.1353931,-0.06582796,0.0006463679,-0.06360321,0.0044822786,-0.16338587,0.023452455,0.0025292449,-0.038115703,0.064361244,-0.049765605,-0.009249597,0.039191484,0.0023640287,-0.012640791,0.028688658,-0.08929155,-0.09646123,-0.06394697,0.019413134,-0.079331495,0.048201684,-0.15995777,0.038479235,0.06892333,0.06610988,-0.016219055,-0.05321832,-0.011724701,-0.06981583,-0.042867366,0.05127114,0.03503585,0.06876502,-0.081552915,-0.08697176,0.0844698,0.031045146,0.0862695,0.027515585,-0.006030559,-0.010188302,0.046838164,0.04845317,-0.0052938126,-0.13993666,-0.0043810676,0.0008125485,0.039657034,0.04545472,-0.050561827,-0.04086629,0.1555189,-0.07508757,-0.0050471276,0.09559907,0.1151937,-0.07801133,0.04004706
TCGA-GM-A2DB-01A,-0.018114705,0.018817134,0.11165911,-0.033813823,0.026433341,-0.023131374,0.027826311,0.085930675,0.02027155,0.058529016,0.038922727,0.0049427943,0.005286638,0.16245484,0.11288435,-0.005230136,0.011830138,-0.03218654,-0.024281507,-0.095881455,-0.106380455,-0.07229687,-0.04903154,0.029727902,0.024208678,-0.029492468,-0.120604575,-0.05517631,0.041520804,-0.05187385,-0.033801604,-0.08935236,-0.07945566,-0.12331327,0.014670073,-0.080617346,0.04536264,-0.0485407,-0.055736177,-0.10394852,-0.12867022,0.12990837,0.11139893,-0.10712778,0.011860798,-0.051560532,0.025707053,-0.061086867,0.019695695,0.11733803,0.07059869,0.09318708,0.08046346,0.06787718,-0.023983404,-0.05958089,0.11286401,-0.045233615,-0.08038375,0.017323991,0.0064891893,0.0016825136,-0.04259132,0.11654649,-0.025579618,-0.023688333,0.11044368,0.0088920975,-0.037717942,0.034183417,-0.06807149,-0.042257287,0.0007515385,-0.1371747,-0.00013203367,0.0319432,-0.11862967,0.079209864,0.060724784,0.018691085,-0.033068217,-0.04921457,-0.049653366,-0.083850235,-0.06352661,-0.15646362,-0.055311937,0.15617359,0.18426749,-0.057636693,0.046619464,-0.051651523,0.07441647,0.09653771,0.090721056,-0.01680634,-0.10091648,0.028658174,0.07738704,-0.009511617,-0.008810889,0.08423755,-0.007451896,-0.015888887,-0.0053736106,-0.025521368,-0.03874091,-0.012325343,0.011200103,-0.031903327,-0.020513926,-0.10292254,-0.009355784,0.10742523,0.059213597,0.028827487,-0.06167748,-0.021531267,0.027781853,0.054430142,0.12504072,-0.065026686,0.019721586,-0.06506948,0.03106417,-0.1690911,-0.13901334,0.16868198,0.014706344,0.15205789,0.072692096,-0.052179877,-0.11823299,-0.08424054,-0.18073036,0.021687454,-0.12313015,-0.03263339,-0.022625888,-0.017636329,-0.014609703,-0.15675393,-0.024619697,-0.0030677044,0.033654302,0.05187392,-0.09272263,0.023033006,-0.048732664,-0.012003875,-0.03067378,0.00048494223,0.018960724,0.0630908,-0.041337907,0.032716144,0.04638923,-0.015194242,-0.08685052,-0.098426655,0.06383769,-0.01107032,0.06920312,-0.065275006,-0.016257985,-0.0077017522,0.086809665,0.040905546,-0.0013820616,0.03540981,0.015499505,-0.0805583,0.07398109,0.07304033,0.08721631,-0.06115802,-0.118040666,0.10149025,0.00962612,0.09994186,-0.027817916,-0.023485582,0.005004878,0.053382337,-0.047164846,0.0042546904,-0.015326232,-0.00039338937,0.020130364,0.019169746,-0.043900322,-0.08106842,-0.13799375,-0.042782325,0.014843956,0.021061601,0.103620745,0.05884946,-0.014522652,0.031065034
TCGA-D8-A1JH-01A,-0.041402508,-0.071701124,0.0165254,0.0030735442,-0.09382103,0.05513633,-0.06363023,-0.020815914,-0.087753,-0.00069894595,0.024921896,0.04896235,0.023521828,0.08773786,0.074742705,-0.03583494,-0.007017273,0.029366333,0.017648807,-0.1352612,-0.015461269,-0.0064178826,-0.07214331,0.15355396,-0.012819502,-0.048581153,-0.14484282,-0.05862415,0.035567943,0.024309,-0.045511905,-0.020114888,-0.022891432,-0.19054629,-0.04419177,-0.13966878,-0.05796436,-0.03482509,-0.089893974,-0.029041061,-0.048049387,0.07961247,0.0514999,-0.13339342,-0.074698605,-0.04537506,0.05811867,0.006222773,0.102837905,0.14605634,0.038356896,0.065507025,0.023781499,0.13311608,-0.0052624024,0.016792525,0.071644,-0.006342091,-0.10443145,0.060954478,0.10363233,-0.039667364,-0.043376725,0.1114462,0.046604358,-0.10984218,0.12940274,0.052720673,-0.03869087,0.074817635,-0.12775786,0.06348217,0.05507813,-0.13062586,0.15281722,0.027249835,0.01838052,-0.00059574895,0.10732374,-0.012508023,0.021926314,-0.047542185,-0.078905724,0.013911493,-0.037361268,-0.10154191,0.024220034,0.12653176,0.15689717,-0.039870813,0.06176682,-0.030013267,0.032248292,0.08930861,0.118810676,-0.016557828,-0.06278778,-0.05818465,0.0006966918,0.045508005,-0.005790814,0.03601953,-0.057381734,-0.028403774,-0.057483476,-0.02839704,0.007613878,-0.029637743,0.03991025,-0.057859473,-0.029790854,-0.06480277,-0.12140919,0.036096316,0.12401975,-0.044535886,0.048978653,-0.056793075,0.004325363,0.10280343,0.092546955,-0.13454674,0.07201629,-0.07320524,-0.057300355,-0.05697918,-0.026271388,0.008985892,-0.07290438,0.10282626,0.03667351,-0.050459422,-0.071169764,0.025257183,-0.1791022,-0.05917691,-0.065704174,0.026261242,-0.011805133,0.029779134,0.029102704,-0.1994387,0.038440444,0.037251726,-0.10780339,0.03440951,-0.1294245,0.002161035,0.028467266,0.040021997,0.019820906,-0.034469385,-0.093351506,0.043758325,-0.013078297,-0.010359852,0.050557636,-0.11853629,-0.044221565,-0.022643777,-0.08013264,-0.040450487,0.047710493,-0.027644118,-0.06560392,-0.01519881,0.050369482,0.07578432,0.02127014,0.00025009367,0.041510683,-0.06803799,0.03498012,0.031184264,0.085021295,-0.069364145,-0.056490052,0.07927064,0.036722966,0.15377446,-0.040983245,-0.11626484,0.005832153,0.03327491,0.07293029,-0.026952296,-0.14289604,-0.09902056,0.0021240944,0.056140687,0.053912066,0.060397502,-0.054829687,-0.0076456266,0.0047034174,0.009361066,0.05168055,0.028390368,0.02168499,0.000867691
TCGA-BH-A1FM-01A,-0.041167066,0.013588716,0.1028046,0.07803027,-0.067457825,0.014698028,0.021772228,0.050645888,-0.016883248,0.06260725,0.01809003,-0.056076005,0.008524138,0.20284852,0.12392766,0.0131755965,0.0028263007,0.012668015,-0.04249716,-0.051600844,-0.08859828,-0.0047072074,-0.050996225,0.0356544,-0.063228704,-0.0010631412,-0.13774706,-0.09549035,0.018776473,-0.060450643,-0.03267684,-0.013844319,-0.08330175,-0.2055699,-0.15264522,-0.075455144,0.03625665,-0.0061410787,-0.10273536,-0.017419044,0.06548531,0.029059494,0.09208341,-0.09665268,-0.04311705,-0.019244682,-0.05912142,0.03240646,0.083907194,0.031796947,0.0017645446,0.028553616,0.013860345,0.055144478,-0.008208971,-0.03375286,0.037726413,0.0620498,-0.052838933,0.028484927,0.081420735,0.07413867,-0.13928354,0.008212419,-0.055777065,-0.05681061,0.0585454,0.005014348,-0.04076035,0.043298557,-0.10212722,0.08774542,-0.07022737,-0.13578449,0.05465344,0.028480964,-0.02290762,0.13235606,0.0780328,0.076944456,0.025459552,-0.014024082,-0.015967486,0.06893755,-0.045995228,-0.12915447,0.038057264,0.018277906,0.094527245,0.02842534,0.04791717,-0.037834667,0.027762972,0.105056226,-0.030380249,-0.0224942,-0.038287416,0.009004152,0.031032724,-0.1136433,0.011941787,0.038164217,0.066704705,-0.11524373,-0.12390905,-0.042035088,-0.11268809,-0.16992597,-0.02591112,-0.04565938,0.0047835717,-0.12885101,-0.098104,-0.011725715,0.18754831,-0.06860878,0.0051634056,0.027482376,-0.07042023,-0.034132827,0.015520201,-0.09032688,0.0593884,0.066851236,0.000625057,-0.0132122105,-0.005182613,0.101690434,0.07839916,0.042293333,0.090496786,-0.09455202,-0.057251617,-0.04083614,-0.14021033,-0.02786967,0.054389637,-0.07353835,-0.021974634,0.027965974,-0.050520513,-0.1178998,-0.036449376,0.025682205,-0.023554124,0.024065848,-0.08746178,0.03864273,0.015262374,0.0112660965,-0.04263564,-0.024110274,0.109646864,0.013794158,-0.051575147,-0.010947242,0.0058115646,-0.1128147,-0.02238448,-0.008738515,0.021389715,-0.075805895,0.05367441,-0.18761373,-0.017326402,0.06349167,0.09339362,0.056275867,-0.13996246,-0.05214364,-0.040547185,-0.06779789,-0.06629465,-0.041031707,0.034858834,-0.08173581,-0.032770634,0.095735006,0.08452829,0.13667363,-0.08608763,0.043037586,-0.10568171,0.03289253,-0.054748476,-0.03957321,-0.08524327,-0.046682205,-0.053936742,0.0314163,0.034500614,-0.049907267,-0.15190338,-0.019332692,-0.09953622,0.03715016,0.022600912,0.05336043,-0.05548489,-0.014041175
TCGA-AC-A23G-01A,-0.0008643968,0.032475863,0.08614923,0.041456886,-0.025151495,-0.008054402,0.10342851,-0.09531034,-0.043105457,-0.029396638,-0.0032971061,-0.038461488,-0.010130676,0.060524143,0.13471407,-0.057318818,0.022630727,0.05413863,0.09278351,-0.078842826,-0.10196865,0.0038190386,-0.06803173,0.040238857,-0.06239358,-0.0206181,-0.19363159,-0.08845559,0.03816728,0.030434988,0.03174216,0.015860612,-0.055484287,-0.14436203,-0.04553243,-0.07462039,-0.052418407,0.015181891,-0.049121693,0.038027935,0.02032379,0.14132343,0.10055303,-0.0698752,-0.066245005,-0.106905855,-0.036368113,0.054979485,0.09197855,0.11117489,0.078247905,-0.021101452,0.05180404,0.107090466,-0.039691694,-0.02257712,0.023360653,-0.10240364,-0.087318845,0.0030139976,0.003024173,0.008856345,-0.038505014,0.13912332,0.041057155,0.0065835295,0.13248059,-0.0139884055,-0.04768504,-0.0628287,-0.034704767,0.018002108,-0.076459005,-0.1682061,0.083478644,0.052172605,-0.10420081,0.0849706,0.07004245,-0.0073319334,0.0031378476,-0.01971543,-0.018809017,0.11223398,-0.004265201,-0.15620449,0.06345954,0.09431355,0.057807975,0.021598877,0.08455104,-0.10165981,-0.032772392,0.001042264,0.051674534,-0.009977115,-0.08988535,-0.05136483,0.058085866,-0.043125212,0.05227709,0.09077929,0.023743436,-0.06277791,-0.08056445,-0.023028545,-0.10120783,-0.116005115,0.026729079,-0.06691523,0.0014590903,-0.13842852,-0.10391453,0.008736607,0.09378916,0.025080174,0.00028770216,-0.0052550584,-0.030150723,-0.04413039,0.12831791,-0.10376961,0.033509333,0.034368303,0.039373845,-0.07698453,-0.06927481,0.06538253,0.026896775,0.10463881,0.05319593,-0.018671265,-0.04527991,0.005912321,-0.18532434,0.031174213,-0.052862324,-0.042457722,-0.05089441,0.09241483,-0.012511816,-0.13358893,-0.077986754,0.06662851,0.082531095,-0.041373722,-0.16354667,-0.08550488,-0.122537695,-0.01854824,-0.032150198,-0.018270759,0.05872083,0.081764035,-0.0027803043,0.059970133,0.023028275,-0.08773564,-0.03223727,-0.10200036,-0.011758006,-0.038778666,0.023413114,-0.07895937,-0.09376596,-0.058785554,-0.01865234,0.036551658,-0.06724786,-0.11429378,-0.0061567174,0.036790796,0.01759414,0.061541717,0.1294154,0.024950987,-0.07634327,0.066676185,0.077548504,0.14481418,-0.03209501,-0.002093029,0.05231701,0.038827535,0.05246251,-0.05499346,-0.041580472,-0.10724401,0.02573764,0.06489526,0.033811297,-0.062422484,-0.092814595,-0.010569597,0.030888945,0.047301613,0.10855634,0.013253921,-0.030013097,-0.024335558
TCGA-BH-A202-01A,-0.06320173,-0.044496905,0.04619395,0.011337978,-0.04705471,0.0036234115,0.0011425264,0.023836363,-0.14222926,0.014343588,-0.024507523,-0.020137237,-0.013626918,0.18285522,0.05189964,-0.022315776,-0.024175445,-0.02028479,0.0043853405,-0.023282757,-0.05215138,0.06484496,-0.14004746,0.059497885,-0.003411367,-0.013403343,-0.14120492,-0.076696135,-0.027464343,-0.115990624,-0.06481921,0.02330124,-0.04325535,-0.1483815,-0.0792934,-0.05801706,-0.061259683,-0.03287994,-0.09521926,-0.06961617,0.038212992,0.007126166,0.14036284,-0.06832985,-0.09153568,-0.021047374,-0.02799562,-0.039770663,0.13150567,0.11313238,-0.022646664,0.08106807,0.027193215,0.08587929,-0.09563483,0.0504761,0.121882394,0.002572998,-0.0674228,0.04123497,0.057884358,0.049475078,-0.04113917,0.11278011,-0.05274253,-0.033691015,0.14142334,0.066301905,-0.09565582,-0.06500985,-0.10112702,0.03053266,0.109858125,-0.1230903,0.09349339,-0.046815578,-0.086281,-0.011914164,0.13994227,-0.007933776,0.031027779,-0.05808997,0.025300035,0.015967535,0.02299959,-0.062066063,-0.038481493,0.07659623,0.038487338,0.04987602,-0.0051046005,-0.06665643,0.019737864,0.10381701,0.06011488,-0.017696528,-0.08795874,0.02627795,0.11747574,-0.07946725,-0.044542957,0.1008513,0.040037476,-0.075423405,-0.0023190046,0.036726564,0.000496648,-0.070827484,-0.035747804,-0.020605758,0.011786008,-0.09003104,-0.15034321,0.05631774,0.1339216,-0.032063745,-0.020133367,-0.1225173,-0.078230776,-0.0034979724,0.0009074239,-0.09142759,-0.020674752,-0.022326935,-0.05318663,0.024923462,-0.11279547,-0.0069893785,0.05134308,0.11003811,0.115989186,-0.054639447,-0.05475401,-0.04507495,-0.17726368,0.065346316,-0.042268645,-0.08505378,-0.048945095,0.0030632587,-0.08376953,-0.09075647,0.021846205,0.109331,0.03484035,-0.09740349,-0.05425642,-0.058479656,0.003327641,-0.12482466,-0.023326501,0.056718584,0.03605917,0.011241335,0.04737832,0.013081546,-0.0029583517,-0.10020502,-0.021966128,-0.0007481718,0.043356236,-0.06931508,-0.0010850905,-0.08798676,-0.0067164777,0.06829227,0.017071627,-0.02372637,-0.05136981,-0.06852601,-0.056743957,-0.078280106,0.05257838,-0.034008283,0.027133951,-0.02137523,-0.063328624,0.11378077,0.08405444,0.14639057,-0.15834737,-0.045211174,-0.11825315,0.07184569,-0.0019288333,-0.0629953,0.0012684035,-0.07831998,-0.000407503,0.07698978,0.07137094,-0.100138806,-0.070165195,0.025385505,0.082551025,-0.02001647,0.05123987,0.034769963,-0.08525171,-0.035586655
TCGA-D8-A1JS-01A,0.018952297,-0.12424262,0.096784465,-0.025417862,-0.0615904,0.06908823,0.028799318,-0.03946001,-0.0597372,-0.029514056,-0.05800005,0.06250194,0.014996798,0.16348583,0.055636402,-0.06856487,0.12623481,0.044115108,0.023575531,-0.103331275,-0.014040914,-0.030338207,-0.11766841,0.09407134,-0.09254962,0.024517804,-0.18597811,-0.08730002,0.026710046,-0.05301898,-0.09485262,0.01586167,-0.109357126,-0.07742507,-0.048662666,-0.052896634,-0.045129683,0.011997075,-0.0153390495,0.09240178,0.043745533,0.051905647,0.048426773,-0.08795666,-0.03908157,-0.030465886,0.1084849,-0.024177779,0.11892601,0.023285603,0.06419142,0.028468272,-0.0037038166,0.030731045,-0.12416123,-0.05272319,0.10912019,0.018686859,0.017558156,0.09408376,0.0016081393,-0.014975547,-0.17326498,0.09175191,-0.045424346,-0.06458329,0.10910543,0.054472733,0.021282291,-0.08921988,-0.049852397,-0.017620891,-0.012259679,-0.20326723,0.08250135,-0.09407576,-0.060946535,-0.028204856,0.14323099,-0.0042414037,0.028272724,0.04039808,-0.029554117,0.15083544,-0.054353233,0.016328545,-0.044008538,0.087451376,0.06468828,-0.0060215667,-0.006426548,-0.079529785,0.03918675,0.046169963,0.037474018,-0.108451866,-0.0154525805,0.043151774,0.0088394815,-0.0793884,-0.02801507,-0.043556053,0.008985887,-0.16683811,0.047186337,0.022901205,-0.0029540888,-0.14184202,0.07151857,-0.004388559,-0.11136965,-0.045830004,-0.079139635,0.05428203,0.076573715,-0.047727518,-0.015607805,-0.09456026,0.022592306,0.11367179,-0.016678777,-0.11612687,0.024751674,0.06391416,-0.007725454,-0.04026221,0.028206386,-0.02312115,-0.037208077,0.19685163,0.010109828,-0.014744747,0.006338805,0.020244611,-0.120885134,-0.022558259,-0.039827,-0.060609087,-0.035361387,-0.0051713125,-0.073213786,-0.11475495,-0.040040568,0.02856407,-0.031233285,-0.020519165,-0.10131836,-0.0056167734,-0.009846427,-0.03330811,0.009003403,-0.02562612,0.001591518,0.0829881,-0.06411505,0.016946038,0.08416937,-0.07034935,0.0008112891,0.022659842,0.003211179,-0.03812251,0.00656212,-0.17203641,-0.08412743,0.0844716,0.07257245,-0.055096716,-0.015774854,-0.053587336,-0.008905311,-0.13057755,-0.034905106,0.052700076,0.029265633,-0.00536535,-0.026889931,0.052403882,0.12911007,0.1501746,0.014795172,-0.030183421,-0.06608171,0.032379378,0.09239614,-0.051733125,-0.042795096,-0.050055,-0.089880906,0.08342458,0.06735319,-0.06568529,-0.030791502,0.073371366,-0.041948587,0.011010606,0.084216096,0.0845074,-0.028383072,-0.042612772
TCGA-A1-A0SN-01A,-0.038067568,-0.052590713,0.10453094,0.053862497,0.05912025,0.08407791,0.04854045,0.059403867,-0.06229538,0.02589287,0.026584798,-0.017497933,-0.04247806,0.08472694,0.054831326,0.007965698,0.015342989,0.12379751,-0.06135731,-0.07840975,-0.030070908,-0.0037051246,-0.0594632,0.06426506,0.019517481,0.09291833,-0.12309777,-0.0040611923,-0.005983717,-0.011093311,-0.048960287,-0.009734576,-0.19987519,-0.034427866,-0.13697499,-0.18114582,0.0070286873,0.016696148,-0.02754968,-0.014790108,-0.05405182,0.027109768,0.13804123,-0.04698376,-0.042191293,-0.111333646,-0.039815154,0.05209772,0.06426779,0.09437861,0.054073572,0.020505128,0.044795103,0.053801026,-0.03305558,-0.023565987,0.081858896,-0.035593364,0.015431356,-0.0093928585,0.06317471,0.035273355,-0.030271094,0.11921886,-0.040044487,-0.058731224,0.071868196,0.017583132,-0.13020667,-0.00866702,-0.05835718,-0.07937504,-0.04114254,-0.092972375,0.12634517,-0.029173885,0.0142616825,0.11313273,0.13667533,-0.023062177,0.030614354,-0.08476655,-0.064203516,0.09598257,-0.039112482,-0.05795016,0.020120787,0.144977,0.15187795,0.0470318,0.014139237,-0.04281953,0.05603378,0.021939805,0.11940393,-0.11094532,-0.1334673,-0.021452952,0.04682505,-0.06874981,0.044296827,0.028362049,0.13323943,-0.054169863,0.031379156,0.06782816,-0.049803212,-0.025737602,-0.03005608,0.06690126,-0.07539683,-0.05641318,-0.102664135,0.09210247,0.15364875,-0.07303169,-0.033302613,-0.017290305,-0.091043755,-0.045084678,0.13571861,-0.06884316,0.036650587,0.03135256,0.031662848,-0.04488583,-0.013898353,0.052461866,0.02825282,0.026193181,0.12986399,-0.06829713,-0.031464133,-0.027219554,-0.1519855,-0.031109313,-0.088716745,-0.1040689,-0.00016542475,0.033492535,-0.030216992,-0.10866766,-0.040184494,0.037596345,0.060872268,-0.028533816,-0.058569655,-0.09412062,-0.12605345,-0.014777053,-0.032777682,-0.09666631,-0.022607068,0.03693912,0.035109587,0.15133196,0.007861668,-0.049577285,-0.085011706,-0.008383529,0.0440239,-0.021555085,-0.031923965,-0.16440494,-0.042641714,0.07100217,-0.042649023,0.012447828,-0.15373676,-0.024021052,-0.023884865,-0.08671248,0.0053982562,-0.022614975,0.025949283,0.008416112,-0.06747916,0.072061166,0.033251356,0.149554,-0.004858661,0.041411553,-0.10065716,-0.05190721,0.018697096,-0.04952832,-0.0967956,-0.06911156,-0.058005214,0.04966339,0.054669026,-0.052939266,-0.03499537,0.052101515,-0.005578607,-0.058247983,0.015926167,0.0852391,-0.03614371,0.066170946
TCGA-OL-A66J-01A,-0.049480274,-0.03530839,0.14389452,0.07427839,0.03439053,-0.051912703,-0.013829139,-0.0465224,-0.074108884,0.0053781173,-0.027506027,-0.11954088,0.005147941,0.12812448,0.08290466,-0.059799843,0.06803071,0.08425283,0.017180208,-0.11151474,-0.01894927,0.019204315,-0.08940104,0.03250044,0.08213742,0.019613568,-0.1500189,-0.031988874,-0.015102298,-0.063707575,-0.09864663,0.067108944,-0.035691436,-0.08599564,-0.1416156,-0.13679005,-0.0020340641,0.017117772,-0.047660027,0.016484503,0.029509883,0.09900473,0.07642366,-0.1292654,-0.029302228,0.06741364,0.02360697,0.01847067,0.05989081,0.1031947,-0.021687498,-0.027591635,-0.00680607,0.03959121,-0.08286592,0.0066768504,0.10432879,0.030178597,0.00020819342,0.00889516,-0.025833515,0.034578618,-0.05435377,0.16914529,-0.08199484,-0.018822413,0.04776705,-0.07354261,-0.10164046,0.07286533,-0.15998432,0.03525255,-0.035631977,-0.15901533,0.035047457,0.00016605371,-0.040068645,0.033365432,0.12993465,-0.018976018,0.024493083,0.0009415254,-0.009726072,0.12300957,-0.058356352,0.028482554,0.043174397,-0.016452143,0.09255046,-0.0027367235,0.020236831,-0.028276965,0.07772326,0.022454476,0.021930175,-0.14691375,-0.06544802,-0.041624308,-0.025138984,-0.019892475,0.015706845,0.058459733,0.091089346,-0.09317634,-0.06298005,0.0042858687,-0.11330508,-0.07435661,-0.012553265,-0.03584141,0.021868462,-0.13873884,-0.07224592,0.04203594,0.10829165,-0.0065722433,-0.044058137,-0.008813289,-0.024610577,-0.020419974,0.12381377,-0.04331913,0.047597025,0.08864481,0.005959617,0.089724705,-0.036194358,0.07293028,0.051705737,0.1549492,0.07810134,-0.118173294,0.036792662,-0.042685438,-0.16124848,-0.077223025,-0.023823448,-0.08669592,-0.04896853,-0.020657158,-0.011832553,-0.119825624,-0.042104833,0.023146003,0.07299359,-0.02303891,-0.16212954,-0.023830391,0.012654199,-0.015014517,-0.015727177,0.02764599,-0.07076988,0.055972796,-0.101370506,0.031587724,-0.034451894,-0.056229535,-0.14073575,0.018297907,0.0009897678,-0.025172787,0.023766648,-0.21043691,-0.049881745,-0.004464643,0.033494968,-0.0039526518,-0.035836834,0.016136073,0.06373914,-0.049100004,-0.033583064,-0.113893285,0.034488894,0.024906699,-0.09486795,0.029968826,-0.0018808,0.12289284,0.0116433855,-0.054189023,0.0802032,0.10267363,0.087047845,-0.012175704,-0.10282252,-0.008964123,0.01669997,0.004450906,0.08358264,-0.027995095,-0.06633812,0.02283521,-0.030737726,-0.0931885,0.062025387,0.124472186,-0.07011186,0.04782891
TCGA-A2-A1G4-01A,-0.12703755,-0.0018922569,0.040930793,0.032461815,-0.07268854,0.057178006,0.004317406,-0.022947054,-0.110584505,0.016627114,0.012301435,0.031268615,0.005465322,0.07765788,0.12491851,-0.033860832,0.038835894,0.15852022,-0.07134985,-0.10753305,-0.013278165,0.0023680052,-0.093610995,0.09040238,0.05182921,-0.04495733,-0.15808092,-0.02833458,-0.058709335,-0.0303869,-0.03349482,0.04293682,-0.069216855,-0.16212128,-0.031609192,-0.07377753,-0.017189207,-0.026704676,-0.058886543,0.0020383953,-0.07462531,-0.019235773,0.12039407,-0.15162028,-0.0050876057,-0.07418826,-0.0065694144,-0.027303526,0.033418033,0.060649656,0.10282162,0.05547596,0.068261676,0.011723218,-0.03519769,-0.060579963,0.056417853,-0.11209597,-0.083467446,0.04518287,0.0075651193,-0.027064646,-0.048007153,0.043872226,-0.023957299,0.0011587433,0.11907359,-0.07283552,-0.027702764,-0.003786898,-0.106245026,0.02675769,-0.017040314,-0.12777351,0.018055,-0.022522211,-0.014211498,0.05434948,0.1758935,-0.1037577,0.012377529,-0.058904078,-0.01660236,0.031121481,0.054096952,-0.061692096,-0.005938263,0.080363445,0.097908996,-0.0780869,-0.015455451,-0.12054736,0.06703477,0.043062642,0.09237512,-0.041668717,-0.11031582,-0.03206066,-0.02678176,-0.003972549,-0.04179958,0.09769692,0.050970413,-0.024301363,-0.09290279,0.061609577,-0.013339884,-0.09606581,-0.0047009573,-0.030629812,0.025807705,-0.10268211,-0.097546004,0.087406404,0.031181365,-0.05625493,-0.04489492,-0.07816754,-0.032269854,-0.044544283,0.10981307,-0.14460723,0.034536824,-0.030785868,-0.047987953,-0.07987381,-0.06572284,0.091630876,-0.03461281,0.13956168,0.08561462,-0.021358104,-0.10559366,-0.043338906,-0.10973884,-0.006115416,-0.13678159,0.009687341,-0.012927775,0.06809071,-0.109310694,-0.055518474,0.07901867,0.0077203983,0.014722409,-0.08363542,-0.15253307,-0.14175119,0.008743553,-0.09210411,0.07490964,0.0134594105,-0.038073413,-0.040163692,-0.044865284,0.03726635,-0.0652372,-0.07542402,-0.12114387,-0.09270519,0.0005754206,-0.052410368,0.05419112,-0.1156531,-0.008579781,0.006275115,0.0048463517,0.054091904,-0.052737236,-0.03659229,-0.02750846,-0.06199815,0.055614185,0.0006006083,0.04646524,-0.07648468,-0.10338467,-0.00668351,0.086702175,0.17329249,-0.011231697,-0.07398706,-0.033681873,-0.010217756,0.053790804,-0.036145367,-0.13922586,-0.08853323,0.006014895,0.040139224,0.09640614,0.020520326,-0.06601432,0.048572652,0.11728005,0.04974955,0.066335015,0.053218253,0.05130625,0.014682042
TCGA-EW-A1J1-01A,0.060068954,0.06679055,0.11837025,0.046789717,-0.016834652,0.0064973687,0.044161886,0.04763799,-0.04624734,0.021733103,-0.035807967,-0.027194278,0.0022591315,0.17456627,0.072556674,-0.053833358,0.08067075,0.025772447,-0.007836135,-0.1832196,-0.027780136,-0.06818208,-0.055509534,0.029885437,-0.06665566,-0.09204523,-0.21561395,-0.019122925,0.02776587,-0.025484491,-0.039331283,-0.0053235893,-0.07966699,-0.12852868,-0.059243813,-0.044902533,0.04933449,-0.020027393,-0.008260316,0.08011195,0.09114864,0.09888054,0.05630221,-0.045135826,0.053993423,-0.007626166,-0.04080947,0.045598954,0.08482883,0.08543889,0.04316149,0.08371135,-0.02172267,0.084828526,-0.07139842,0.062275585,0.020935701,0.017036594,-0.095295906,-0.08338524,0.031261716,0.017917044,-0.08581701,0.11147632,-0.023877755,0.006368229,0.06045866,0.01579396,-0.046424408,-0.08360777,-0.099986725,0.024655726,-0.00052853377,-0.11773177,0.13308823,-0.13223918,-0.09329069,-0.0427525,0.18372813,0.010976297,0.02600356,-0.019319031,-0.06161797,0.046680413,-0.048632007,-0.06252506,0.07386525,-0.031062933,0.06480788,-0.037750673,0.033867355,0.001159899,0.034939975,0.033659767,-0.0078315735,0.054624025,-0.123261616,0.020781225,-0.011470852,0.034811582,-0.039733093,0.034292173,0.0029667628,-0.08902417,-0.018346652,-0.05061929,0.042245056,-0.06398388,0.12075399,0.031784836,0.030781414,-0.086484656,-0.153931,0.11005589,0.112263724,-0.096557066,-0.036748838,-0.025972743,-0.11360403,-0.08125931,0.06858884,-0.100049965,0.1360651,0.04097476,-0.009961817,-0.011817701,-0.076035425,0.07909994,-0.047546897,0.20025201,0.1132827,-0.039190378,0.03367018,-0.074872136,-0.053004526,-0.04345158,0.008116714,-0.03551283,0.028052866,0.0328266,-0.028067978,-0.11952044,0.0075096292,0.021095358,0.020016713,-0.0013087863,-0.11635579,-0.025435,-0.040910125,-0.13428849,0.05127232,0.034565028,0.06258251,0.0040962906,-0.07596219,0.010428055,0.02238304,-0.061135057,-0.050650515,-0.058888905,0.058711227,-0.09831869,-0.07459387,-0.14387594,-0.037664615,0.14442788,0.110066615,0.05332787,-0.12380523,-0.0120254075,-0.05854873,-0.11775233,0.04154941,0.0515697,0.06972549,0.021697545,0.009550232,0.05820685,0.120902024,0.1209925,-0.026639378,-0.0134602925,-0.07998246,0.0021313902,-0.025837494,-0.0020512831,-0.043379553,-0.048044432,-0.0123287,-0.011399731,0.028460452,-0.121103644,0.002467631,0.005694178,-0.0014674097,-0.027018672,0.013839068,0.07351282,0.02515397,-0.030732842
TCGA-A2-A3XU-01A,-0.033281848,-0.119035415,0.08160981,0.073622,-0.028949391,0.085012324,-0.06348329,0.015164934,-0.09622932,0.095717795,-0.028290654,0.034639474,-0.052425947,0.15539178,0.07454021,-0.06056252,0.0888715,-0.03995139,0.07040315,-0.13008007,0.012863114,0.0059312102,-0.067317255,0.06634428,-0.051907964,0.05290231,-0.14279152,-0.050377835,-0.054374628,-0.05499295,0.03584287,0.00420892,-0.07614933,-0.097469896,-0.12359153,-0.10476466,0.0074596084,-0.056092132,0.055461615,-0.03612945,-0.011153836,0.1710431,0.083420254,-0.040249117,-0.101285495,-2.1802354e-05,0.096293144,0.01428833,0.057354957,0.08911455,0.012150799,0.0044709886,0.090615034,0.11190675,-0.015234052,-0.0038207008,0.024957083,-0.08558736,-0.07835161,-0.003719906,0.028034082,0.011814419,-0.08096664,0.1248599,-0.06447913,-0.019336972,0.14367236,-0.02735145,-0.06662216,0.03501472,-0.06536108,-0.008524834,0.025633452,-0.09780826,0.12107297,-0.06302166,-0.12308178,-0.08209468,-0.01456535,0.05982302,-0.019346397,-0.035468496,0.033237677,-0.011267091,-0.076642156,0.012749291,0.054574482,0.052741803,0.054160785,-0.011005763,-0.111982726,-0.03747713,0.11962059,0.11563585,0.03506243,0.014480805,-0.100312494,-0.06860753,-0.054424986,-0.0038701156,-0.0731153,0.014551688,-0.09173321,-0.061023552,-0.033789508,-0.03067091,0.005866539,-0.22207353,0.12282462,-0.07926194,-0.03641832,-0.097221345,-0.09296656,0.06675991,0.090953335,-0.04259655,-0.029637687,-0.06516886,0.03410154,-0.013023529,0.11183308,-0.04501533,0.05084529,-0.016371049,-0.032348145,-0.04665518,-0.09620645,0.08505414,-0.046638735,0.1658274,0.11831241,-0.060594793,-0.06251884,-0.04044602,-0.11091332,-0.11007553,-0.015764385,-0.11212321,-0.016805563,-0.04734832,-0.0951949,-0.13183905,0.0065791714,0.041710913,-0.019085323,-0.037232067,-0.10573193,-0.042656098,-0.02838927,-0.07238197,0.0434732,0.09331532,-0.04342872,-0.0056977402,-0.01797444,0.0687358,-0.0019859236,-0.10460727,-0.11899465,0.01533409,-0.06410323,0.00791249,0.10639667,-0.049051587,-0.09573312,-0.05158376,0.07428676,-0.02416829,-0.003656877,0.02109253,-0.03244333,-0.117070936,-0.010350556,0.0016604444,0.01349977,-0.045536995,-0.011353767,0.0721105,0.062277675,0.14874682,-0.00075776846,-0.00885563,-0.055494018,-0.038959198,0.02562819,0.014594443,-0.1235676,-0.009853754,-0.01446656,0.06748831,-0.03264523,-0.030390378,0.05924936,-0.03914639,0.042488683,-0.001416417,0.090431474,0.028960316,-0.009915573,-0.035040602
TCGA-C8-A1HE-01A,-0.06987656,-0.03105052,0.060935754,0.0047298167,-0.028090458,-0.0022864677,-0.008729978,0.08204397,-0.0065524676,0.031444997,0.07869931,-0.03266055,-0.021352658,0.15110487,-0.022051817,0.014485315,0.024558049,0.01888977,-0.025548574,-0.04537636,-0.055847157,-0.14142805,-0.11988966,0.010886602,0.05148514,0.019126829,-0.13434286,0.04295372,-0.07512663,-0.08650486,-0.12722854,0.04124894,-0.015108532,-0.098073184,-0.06923555,-0.053356223,-0.032624196,-0.13900732,-0.05316865,-0.072170734,-0.03648585,0.02538293,0.046323907,-0.14602296,-0.030307218,0.070511974,0.006630681,-0.086928405,0.064939044,0.12624604,0.034387674,0.10657199,0.03549362,0.078588374,0.0043514897,-0.040935032,0.10027352,0.045912765,-0.06422613,0.038382165,-0.032314576,-0.039389785,0.006931998,0.057083502,0.013865883,-0.06824541,0.121070825,-0.02773065,-0.050408702,-0.0398679,-0.08782937,0.019203264,0.008103297,-0.16230734,0.121106036,-0.025179885,0.0046057855,0.0059256223,0.09703717,-0.05022339,0.08108841,-0.036133897,-0.004065764,-0.023731355,0.042818896,0.007991961,-0.06797265,-0.010420871,0.14363238,0.050632656,0.021675635,-0.11206025,0.14141263,-0.047461316,0.042930435,0.029181791,-0.049260307,0.048029896,-0.07393499,-0.032522094,0.004144843,0.06401243,0.051343597,-0.14059408,-0.10265239,0.022784919,-0.008756783,-0.08109983,-0.051830266,-0.019316921,-0.014845507,-0.08157822,0.019488968,0.148288,0.053594716,-0.009210834,-0.076689415,0.004353627,-0.016377727,0.011899973,0.098654054,-0.08914917,0.08561204,-0.10167702,-0.031993646,0.041102175,-0.0021363653,0.051361907,0.042064402,0.11894355,0.11382957,-0.030362688,-0.035570547,-0.036951352,-0.14811969,-0.056098748,0.030778455,-0.0430563,-0.13557594,-0.06874932,-0.0052934885,-0.16551082,-0.07985677,0.025330847,0.08190188,-0.027665315,-0.11798213,-0.1065412,0.0139344735,-0.08032814,-0.021423915,0.069515966,0.06648676,0.035130855,-0.0077232807,-0.06820244,0.04684113,-0.1165751,0.020179294,-0.0425178,0.06939776,-0.10427227,0.13484384,-0.15511316,0.08240661,0.12000123,0.13079618,0.0019449794,-0.0010616727,0.012411143,0.03841957,-0.002522738,-0.040362693,0.058985326,0.06359514,-0.037118495,-0.048242215,0.08165917,0.08944354,0.061931103,0.0063938815,-0.04301448,-0.06961014,0.061034407,0.045962326,-0.1427747,-0.1000781,-0.042404473,0.011283341,0.055554815,0.101989225,0.0043146145,-0.09127731,0.045154106,-0.025657758,-0.005642921,0.045748524,0.09394546,-0.042708255,0.049333505
TCGA-A1-A0SP-01A,-0.02236895,0.002152453,0.075769134,0.011564315,-0.029370507,0.08162409,-0.0051307646,0.04293562,-0.06826749,0.018254817,-0.07264097,0.015463723,0.03215604,0.16489488,0.06010099,-0.08974954,0.0065901936,0.0648165,0.0104336385,-0.111528926,-0.04969052,-0.08117361,-0.030524114,0.042352244,-0.017148357,0.029264256,-0.109593794,-0.08871667,0.047676567,-0.06680973,-0.01763239,0.07769283,-0.06908019,-0.18842667,-0.0054488103,-0.09876402,-0.030594824,0.0017558823,-0.043719385,-0.08693539,-0.025509847,0.0654999,0.12947401,-0.065506525,-0.1162105,-0.0077523533,0.084746666,-0.027898483,0.008095407,0.15928966,0.03876663,0.08746342,0.092852265,0.057356603,0.061004747,-0.014057328,0.10221601,-0.041022826,-0.097874045,-0.009822967,0.029324034,0.0010196337,-0.0773727,0.10617234,0.0018753218,-0.05748136,0.103986755,0.007109823,-0.07302482,-0.015988132,-0.18139987,0.04167522,-0.06809737,-0.13455218,0.060506497,0.03733464,-0.027789496,0.024130117,-0.0143914195,-0.050915476,-0.02286519,-0.020593992,-0.02751606,0.010976172,-0.028562421,-0.10010653,-0.07013772,0.073131345,0.09741962,0.01014266,0.06864355,-0.09064385,0.1531994,0.034014035,0.03994794,0.0067325933,-0.045601077,0.024298942,0.031281114,-0.03094945,0.054026242,0.0656769,0.04862686,-0.06388989,-0.10103619,0.052953847,-0.061282877,-0.18455364,0.05525738,0.043208525,-0.03426957,-0.10325866,0.008291435,-0.007947817,0.03474548,-0.020252895,0.0036213414,-0.0515214,-0.003776421,-0.029386396,0.04793935,-0.007650096,0.053693935,0.017246531,-0.009149502,-0.023429085,-0.071531184,0.08471844,0.07415396,0.13187818,0.11993143,-0.15534502,0.05341121,-0.02651339,-0.10285062,-0.09723636,-0.038875245,0.027524827,-0.086702704,0.0416659,-0.01980436,-0.23833527,-0.047244437,0.031537034,0.0022451929,0.044855993,-0.041218296,-0.11738053,-0.12339293,-0.10256834,0.0052349693,0.052611005,-0.0072989236,0.044723812,0.02465132,0.12072182,0.021849338,-0.07710246,-0.04328966,-0.03892843,-0.03572616,-0.038616907,0.06287236,-0.12808055,-0.05703822,0.01319159,0.08161026,0.050202012,-0.0437644,-0.06895867,-0.053313445,-0.13451038,-0.036731448,0.0018159787,0.03219925,-0.032363124,-0.11689328,0.044791587,0.11366321,0.08791104,-0.053260654,-0.060805187,-0.043158706,-0.04680418,-0.009518952,-0.025006099,-0.1478075,-0.05766455,-0.026080789,-0.02538873,0.10322809,0.007227056,-0.030950585,-0.048956603,-0.024372319,0.022166496,0.07605985,0.062450662,-0.073565505,-0.06270661
TCGA-D8-A4Z1-01A,-0.042370394,-0.07074482,0.1356887,0.053199105,0.075484864,0.08019855,-0.022257054,-0.011817987,-0.074566364,0.018633964,0.018799191,0.041342232,0.009895932,0.113097064,0.01103141,-0.08586596,0.089575015,0.090537004,-0.046323195,-0.13855977,0.051965497,-0.02416792,0.018250708,0.13558912,0.08552871,-0.045119274,-0.19402646,-0.047247887,-0.033733506,-0.082885355,-0.06947718,-0.038087744,-0.036798485,-0.12529993,-0.03248951,-0.07427112,0.012318533,-0.120867975,-0.053669255,0.04726013,0.06589221,0.055281203,0.020876834,-0.05900451,0.05816948,-0.053279944,0.093749836,0.011960523,0.0792866,0.1454229,0.037128758,0.0648565,0.057638258,0.097423255,-0.028467903,-0.07637718,0.13917127,0.12602888,-0.034880936,-0.032262944,0.039034043,0.03308239,-0.06302887,0.12767863,0.05423976,-0.074477635,0.10448027,-0.015331082,-0.04343456,-0.031634647,-0.060642608,-0.0125879925,0.026557568,-0.13565889,0.09129888,-0.047020532,-0.025585715,0.018612435,0.086265296,-0.01320898,-0.080199085,-0.06287572,-0.015413859,-0.055425454,0.033226438,-0.08628471,0.022032212,0.013641675,0.06707074,-0.046939198,0.06131244,-0.09743004,0.010111869,0.050953496,0.18522613,0.056199457,0.0009087914,-0.051390238,-0.005564654,0.010681907,-0.017770095,0.13198772,0.04169912,-0.073900126,-0.012369409,0.019075375,-0.038306363,-0.080118895,0.037169956,-0.0011544479,-0.03297799,-0.08746551,-0.01247975,0.08775155,0.038461212,0.029896108,0.04795849,0.004016869,-0.10029272,0.040773056,0.09166937,-0.153558,0.046336893,0.04326422,0.06358556,-0.038261462,-0.085548446,0.034799896,-0.037122402,0.12690875,0.07622078,-0.034446426,-0.016041884,0.0003077115,-0.0814752,-0.024128262,-0.13575931,0.02035828,-0.07262495,0.0397523,0.037891448,-0.15135624,-0.038118735,0.012258858,0.053615198,0.06577212,-0.058749754,-0.009918252,-0.058310952,-0.15032406,-0.036271684,0.036070492,-0.0015645951,0.00495522,-0.042004537,0.02117087,-0.01220791,-0.08486964,-0.008152607,-0.018775703,-0.053955805,-0.06396081,0.039049,-0.06795628,-0.04471569,0.007839035,0.15885021,-0.014440636,0.041316118,-0.08017303,-0.042262986,-0.109195076,0.09928487,0.06599972,0.040520094,-0.0032986598,0.011956242,0.08070289,0.054843385,0.1549097,-0.00017834578,0.018691657,-0.058272533,0.11729304,0.10190795,-0.02005489,-0.08833188,-0.04318932,-0.049501326,0.09858265,0.06148587,0.035622526,0.024592644,-0.041918203,0.0020857048,0.06307146,0.05957431,0.16568002,-0.052998777,-0.12789565
TCGA-AO-A128-01A,0.033811755,-0.0036345657,0.100386456,0.06580524,-0.05525226,0.09587668,0.026427174,0.026871514,0.016867328,-0.049379624,0.040913522,0.0072460207,0.0034309635,0.1261684,0.05090616,-0.05186023,0.02716558,0.06450974,-0.046094883,-0.086882,-0.008017772,-0.037580546,-0.053855576,0.020141918,0.029025123,-0.017952375,-0.110783234,-0.052174434,-0.017159022,-0.026300963,-0.10787387,-0.05309188,-0.079697385,-0.09811028,-0.11677705,-0.13234866,-0.05955073,0.008074669,-0.06262179,-0.0046507935,-0.024213286,0.05378008,0.18613407,-0.06933827,0.00802518,0.013358054,0.07765268,-0.07016238,0.042140864,0.11459063,0.034610715,0.18104248,0.05554565,0.019782081,-0.033577006,-0.050922938,0.0126077,0.017118309,-0.035435334,0.011156446,-0.016133213,0.031179914,-0.08356682,0.055776205,-0.1408916,-0.023772046,0.13388422,0.047669586,-0.078294724,-0.03401501,-0.049041133,-0.048941657,0.050372098,-0.11129273,0.13959318,-0.06952972,-0.025613915,4.085623e-05,0.05832602,0.04645462,0.019368276,-0.0003013551,-0.020642798,0.041504126,-0.03711533,-0.032701675,-0.07228515,0.076142214,0.13442393,0.025347907,-0.047412265,-0.041516647,0.08999473,0.04696597,-0.0014083699,-0.002953194,-0.04411888,-0.021930825,-0.01572768,-0.048160005,-0.04483072,0.07612508,0.043964934,-0.07040367,-0.12261356,-0.0058716787,-0.07362936,-0.093974434,0.09839803,0.022447597,-0.043279167,-0.115907066,-0.09881334,0.11342302,0.13737775,-0.030674359,-0.009181001,0.0037547883,-0.03829875,0.0064271027,0.045876946,-0.10372887,0.16314323,0.076419555,-0.0025933427,0.0069665336,-0.04373038,0.034926362,-0.048664577,0.14424746,0.06264304,-0.114240095,-0.015318408,0.009150485,-0.1552088,-0.056840215,-0.041644342,0.005618569,0.040621262,0.08824525,-0.005417713,-0.20683905,-0.03295974,0.015043136,0.059322756,0.018181935,-0.121307395,-0.032521337,0.021646015,-0.02336832,0.074750125,-0.052836206,0.06302516,0.0885867,0.036790676,0.103525035,-0.03181993,-0.05708686,-0.10966941,0.0009868247,0.045853276,0.0023539618,0.10921428,-0.094661206,0.024104413,0.03229095,0.0968287,0.038792524,-0.04719605,-0.11516833,-0.066826835,-0.12630565,0.0120002795,0.13340996,0.048249546,-0.067199744,0.005695544,0.060505662,0.123120025,0.1564675,-0.032095574,-0.0033897625,-0.13953796,0.082814366,-0.071058236,-0.048988916,-0.08707245,-0.0159156,-0.05666711,0.039860412,0.05212313,-0.06946148,-0.06254783,0.036290918,0.005778744,0.048968673,0.0302267,0.06248141,-0.05030155,0.0053918823
TCGA-AO-A1KP-01A,-0.044130284,0.006470667,-0.0108474195,0.051377706,-0.08789038,-0.013478289,-0.10687615,0.01663131,-0.054106105,-0.005199666,0.07504036,-0.04716211,0.021334035,0.10984006,0.08010689,-0.034412608,0.056971293,0.12583792,-0.06628486,-0.1606977,-0.034164235,-0.017650329,0.015484424,0.06169043,-0.026038067,0.027478043,-0.117498256,-0.017477779,-0.08479475,-0.017216654,0.07865319,0.049366347,-0.008764219,-0.18334958,-0.110116094,-0.052030448,-0.053554013,-0.036643296,-0.09953207,-0.046015676,-0.0057480223,0.07611631,0.09122106,0.03620869,-0.010191447,0.008398575,-0.059621576,0.051465422,0.041751962,0.10409005,0.095538475,0.024107048,-0.015101273,0.07724277,0.01352917,-0.042581197,-0.011015319,-0.07404496,-0.038675603,0.029378437,0.034246076,0.044662997,-0.024107452,0.016242564,-0.059127606,0.04591616,0.1324914,-0.068269856,-0.17702374,-0.01060749,-0.12553817,-0.009183694,-0.0097904205,-0.124758154,0.09669114,-0.008355021,0.030011509,-0.009268317,0.100398906,-0.038103454,-0.016990792,-0.080186255,0.08620389,0.04465317,0.0025425432,-0.051239546,0.05484656,0.052461606,0.042954452,-0.019831408,-0.040448822,-0.021380022,0.13902257,0.04063844,0.12123478,-0.10484419,-0.076833405,-0.109865,-0.0198446,-0.02082992,-0.04503801,0.056242377,0.018712776,-0.041766975,-0.08854513,-0.05046167,-0.07492529,-0.16570123,0.06897041,-0.036636367,0.042817395,-0.103644826,-0.06493653,0.09096505,0.10182925,-0.05260305,0.041458357,0.0011536252,0.053083062,0.0683973,0.12856625,-0.047485266,0.021298341,0.074409686,0.11021074,0.027731093,0.039045095,0.07055997,0.019217879,0.12194644,-0.02950451,-0.034857348,0.024355942,-0.09656176,-0.12677817,-0.038472556,-0.03310597,0.0058882814,0.010271649,0.14193271,-0.040888622,-0.26518813,0.013333229,0.043444227,0.050971165,-0.036715474,-0.07712229,0.030659411,-0.053033635,-0.08539299,-0.0052171904,0.012744991,-0.028900715,0.042486817,-0.013758911,0.08655612,-0.019689865,-0.0860561,-0.01909878,0.0047024735,0.012082444,-0.028341243,0.17277972,-0.19564542,-0.025384266,0.13794498,0.070800774,0.033720244,-0.014853443,-0.059795145,-0.082245216,-0.04543067,0.061118554,0.03258604,-0.07743058,-0.07796443,0.0473188,0.056358017,0.0011389985,0.10040949,-0.01585759,-0.031391196,-0.011469478,0.027354414,0.051340353,0.022955311,-0.112080246,-0.05088672,-0.09872592,-0.027229013,0.06279541,-0.0221495,-0.006845945,-0.0040421747,-0.04868628,0.055556647,0.041028455,0.0923572,-0.05253854,-0.008527602
TCGA-D8-A1XO-01A,-0.034284234,-0.06898357,0.06169232,-6.487407e-05,-0.12446749,0.05212153,0.011415236,0.03998373,-0.032294378,-0.04342933,1.2192956e-05,0.0053177937,-0.023350483,0.048449483,0.13558142,-0.030461432,0.04002735,0.054786507,0.06187278,-0.14239891,0.004983133,-0.01898633,-0.007897288,0.053793296,0.082653224,0.01789154,-0.17217751,0.0038298303,-0.03162751,-0.004691713,-0.06900186,-0.010121639,-0.12294847,-0.17331602,-0.052787013,-0.11417085,-0.0284724,-0.079602465,-0.041582566,-0.0013541362,-0.035754908,0.03345274,0.1140692,-0.04432778,-0.0632035,-0.045134995,0.037501007,-0.04811405,0.08154911,0.07978069,0.026257658,-0.04178763,0.028123654,0.14100681,-0.021793142,-0.038889483,0.062112153,-0.081994615,-0.09263496,0.044113137,-0.051882274,-0.037902944,-0.045688637,0.15119754,-0.03849767,-0.0700552,0.10998816,-0.022388916,-0.13466637,-0.030774858,-0.13481116,0.014477788,0.03372793,-0.044242457,0.066848285,-0.07949347,-0.0543669,0.058718733,0.13660023,-0.056247193,-0.02140715,-0.09973646,0.069198236,0.041154012,0.023095751,-0.04151213,0.0910581,0.09933581,0.14765355,-0.051413298,-0.015689371,-0.1302995,0.09833014,0.015733544,0.15534317,-0.023308255,-0.047200322,-0.084686615,0.055216428,-0.04505071,0.036788847,0.08595931,-0.013933331,-0.13945861,-0.04367618,-0.028645031,-0.0029127195,-0.03393377,0.07352253,-0.080699556,0.08641192,-0.012438659,-0.050118603,0.12544814,0.050444152,-0.029609116,-0.040454064,0.015636295,-0.057789624,0.0051354105,0.08715581,-0.10091053,0.1073953,0.0734638,0.082580894,0.055420034,0.01899355,-0.004106068,-0.05042468,0.121681064,0.081072174,-0.12357126,0.05229914,0.030208988,-0.056575287,0.019670574,-0.023778016,-0.026711741,-0.052807156,0.008060204,0.027725538,-0.13029389,-0.04808029,0.042847548,0.11263629,-0.00017339754,-0.11163044,-0.013929007,-0.088951595,-0.07510903,0.0039765136,-0.006049555,0.033332642,0.111839294,-0.009952287,0.038781505,0.08594056,0.008855047,-0.11883495,-0.060529172,-0.024903653,-0.033924244,-0.027831405,-0.15931794,-0.09012241,-0.018587008,0.06627345,-0.012830816,-0.04355979,-0.020953916,-0.046649963,-0.08117846,0.025915973,-0.09135026,0.022405267,-0.016822098,-0.048740696,0.1407347,0.04787645,0.11418689,0.064839445,-0.015625594,-0.08631776,0.06676866,0.052632544,-0.08378084,-0.09992151,-0.032358393,-0.053563267,0.10242158,0.09486873,-5.8639096e-05,-0.035998512,-0.017591499,-0.063664705,-0.0017932376,0.079576015,0.104917265,-0.028933162,-0.0142344525
TCGA-AO-A0JD-01A,-0.014363559,0.027164163,0.15237749,-0.010136019,0.017584872,0.10557455,0.0507225,-0.004937474,0.015943877,0.08377197,-0.06838234,-0.091475,0.0008016947,0.1602101,0.14135787,-0.04918216,0.0015057317,0.03987319,-0.019941034,-0.09121278,-0.016687326,-0.05980473,-0.089809954,-0.025121639,-0.07069144,-0.0020425864,-0.16694322,-0.03169595,0.026373222,-0.068643734,-0.110936575,0.033901393,-0.03231339,-0.037728943,-0.042079236,-0.1358441,-0.05586989,-0.0071656234,-0.08963325,-0.023130612,-0.061434995,0.08811182,-0.0046879947,-0.062752955,-0.02663277,0.043899722,0.09164905,0.04583513,0.11743878,0.16685735,0.06179567,0.026903931,-0.0530011,0.07064027,0.04391707,-0.03181775,0.029063713,-0.0573232,-0.098460175,0.073838085,-0.0008506045,0.0057838857,-0.06662036,0.13436551,0.049883254,0.033394683,0.048697542,-0.04190246,0.014940073,0.0065428256,-0.033139393,-0.01874127,-0.043419383,-0.20620522,0.04488025,-0.06002169,-0.023423444,0.018846223,0.114051685,0.00034891255,0.06077887,-0.10349293,-0.04745117,0.096633695,-0.027263593,-0.061009437,0.026794495,0.058344338,0.1710541,-0.02576394,-0.029293137,-0.14041936,0.14407694,-0.002830772,0.013136896,-0.13850634,-0.05433589,-0.030572744,0.008270403,-0.028488088,0.06373291,0.08965747,0.060488444,-0.10720834,-0.07714988,-0.024143485,-0.08503864,-0.13221276,-0.056735862,-0.075901605,-0.05419496,-0.14880386,0.002306774,0.11225676,0.10674041,0.0009619518,0.0027043044,-0.023113275,0.0013581599,0.03304571,0.047660183,-0.025326537,0.051786877,0.027072947,-0.0745464,0.06930532,-0.04774752,-0.008783683,0.010428658,0.05742185,0.1117638,-0.07079408,-0.054026518,0.0054067727,-0.1221059,-0.045496043,-0.051531624,-0.033663716,-0.0638828,0.009071927,-0.036079943,-0.10536232,-0.052551948,-0.0011453216,0.072257705,-0.06658812,-0.06981328,-0.10979346,-0.053528972,-0.049379356,-0.01218419,0.015890818,0.01872757,0.101975404,-0.021452956,0.0018431275,0.0010469322,-0.046999812,-0.077969685,-0.036189392,0.014798067,-0.057967406,0.05195355,-0.1670831,0.0076329974,-0.020568205,0.08783378,0.016435426,0.0405923,-0.07445749,0.054342084,-0.12880215,0.026121382,0.046450857,0.07037592,-0.03936373,-0.016434982,0.11387429,0.047648538,0.15496509,0.029268201,-0.0077622095,-0.06350856,0.04484357,0.045764208,-0.062214676,-0.1660664,0.032397307,0.0004774009,-0.042367067,0.07011605,-0.005570848,-0.0675675,0.057014674,0.0009013043,0.07139759,0.13271657,0.033731442,-0.00014525779,-0.0060496805
TCGA-BH-A1ES-01A,0.004542108,-0.049352665,0.08149604,0.06979429,-0.03429169,-0.018543674,-0.001906793,0.025985908,-0.027709862,-0.060761113,-0.051848825,-0.0956008,-0.020453552,0.14824523,0.038578242,-0.04564687,0.0006322948,0.08101431,0.046216547,-0.110612266,0.0018067718,0.058285482,-0.03695055,0.09618633,0.07459256,-0.029637702,-0.07320205,0.044828296,0.014626535,-0.045173105,-0.08173218,0.047433723,-0.11803498,-0.056025475,-0.14400724,-0.16256711,-0.043964528,-0.07533699,-0.038909268,0.004797103,-0.029869784,0.11702415,0.12500694,-0.046807326,-0.061245464,-0.079428226,0.0006067645,0.010198999,0.07079657,0.03994028,0.03667557,0.045756724,0.025126966,0.064018324,0.011739497,-0.009582709,0.118927546,-0.033733923,-0.01839838,0.055553257,-0.046734516,0.020347442,-0.035053767,0.09627613,-0.02338128,-0.06774435,0.10005757,-0.05441262,-0.081043765,0.047478158,-0.14681458,0.045947604,0.056320086,-0.22973825,0.15120393,-0.0035185257,0.0029230434,0.038595438,0.09149528,-0.017283874,0.017764011,-0.014844912,-0.028214661,0.092590235,0.016009767,-0.16214764,-0.0021742051,0.14572763,0.099096,0.028542548,-0.038482055,-0.081172146,-0.06382489,0.043439325,0.058197483,-0.05573015,-0.026291534,-0.043017488,-0.070196904,0.03636823,-0.08678681,-0.053870853,-0.0079594925,-0.12441834,-0.11811173,-0.039186195,-0.028657652,-0.08597927,0.012437906,-0.07085357,0.055146694,-0.1507903,-0.107256696,0.1032776,0.10219956,-0.06288893,0.011734242,-0.030279996,-0.0075851167,-0.034470066,0.047697376,-0.053465575,0.08741083,0.10232641,-0.030452931,-0.0074686394,0.041736912,0.004202623,-0.02066165,0.11960431,0.1258249,0.014835506,0.0064631854,-0.07836633,-0.07387938,0.017949937,-0.043692186,-0.013593967,-0.071015395,-0.0112489415,0.038674586,-0.13453075,-0.04212369,0.076327085,0.03633007,0.004766955,-0.09262528,0.05563096,-0.06851817,-0.044027105,-0.04793455,-0.04316462,0.009650941,0.12433369,-0.003527066,0.019367134,0.044052977,-0.14622557,0.0978925,0.0112655945,-0.13801949,0.013355171,-0.016969806,-0.17612106,-0.050009713,0.021856392,0.048077658,-0.03801967,-0.028503733,-0.005139704,-0.08022115,-0.046797365,-0.026554767,0.11645259,0.0049939463,-0.009122644,-0.055516228,0.07121536,0.033561792,0.11513153,-0.035957493,-0.07100316,-0.0074734725,0.026416942,0.026557684,-0.03127626,-0.15779956,-0.03352856,-0.06742371,0.010879353,0.019678678,0.019544723,-0.04344531,0.11550638,-0.021106597,0.0716116,0.070791796,0.08152532,-0.096291736,0.023473516
TCGA-E9-A1NI-01A,0.008923857,0.0027147385,0.13827597,0.042106602,0.022758,-0.00771002,-0.027465884,-0.014315145,0.034739513,-0.038142014,0.006834978,-0.08429012,0.038644854,0.15830252,0.05877626,-0.0054254932,0.061527837,0.0022456262,-0.014420565,-0.045866333,-0.017720899,-0.0024344684,-0.054284852,0.09969641,0.027432017,-0.08523407,-0.08493993,0.07211039,0.002129812,-0.07378784,0.014156047,0.021046048,-0.1261279,-0.10839441,-0.05482477,-0.17313066,-0.08300205,-0.011501362,-0.09170888,0.021439431,-0.05163726,0.05318127,0.10435007,-0.10259516,-0.020581802,-0.02794209,0.039935153,-0.058976825,0.011477708,0.1105235,-0.060257718,0.02012835,0.08962188,0.036699988,-0.076655015,0.01260286,-0.0063620172,0.04030324,-0.09182982,0.012211288,0.07027166,-0.064673,-0.105618805,-0.0009050604,-0.096720256,-0.06070413,0.12919414,0.0032413327,-0.009181676,0.03791202,-0.10492892,0.10132577,-0.103097625,-0.1546389,0.13584395,-0.01818573,-0.0355257,0.12728958,0.042710498,-0.07080332,-0.047995638,0.015701195,-0.06301259,0.007678601,-0.0053198966,-0.03858157,-0.025248995,0.12266789,0.083485186,-0.046062715,0.06385472,0.061374597,-0.0030505003,0.0014719698,0.0224509,0.0024615612,-0.15433554,-0.013713395,-0.0020642013,-0.023801185,-0.02193842,0.06707107,0.057782438,-0.064765625,-0.019884786,-0.026424114,-0.060092922,-0.13012277,0.10611271,0.08625534,-0.029251726,-0.10705133,-0.1320476,0.16118567,0.13381734,-0.010420014,0.01695366,-0.119390056,0.0072346004,-0.041547824,0.08664272,-0.063967705,0.0893545,0.019116739,0.053803448,0.01965502,-0.08422379,0.04501393,-0.019724043,0.13404079,0.11659774,-0.12812792,-0.05723345,-0.005926687,-0.13525124,0.0060416614,-0.021437539,-0.05175593,0.0809464,-0.09455331,0.012552407,-0.15454036,0.042281576,0.09279543,0.029528849,0.015253111,-0.09206338,-0.07848154,-0.054325104,0.07134421,0.028531069,-0.029944092,0.16405311,-0.01186492,-0.022042051,0.01005668,0.03632426,-0.010464008,-0.018161867,-0.11018297,0.03521663,-0.057245716,0.017356467,-0.055069037,0.015900625,0.08938789,-0.0063489955,0.0036069956,0.015070635,0.02967976,-0.019542407,0.09080622,-0.062559605,0.012875369,0.09904979,-0.1028782,-0.061056204,0.062216725,0.11632936,0.11969676,-0.016423982,-0.004041262,-0.02628791,0.029535593,-0.03077096,-0.08157393,-0.11475013,-0.021832714,0.004729888,0.094551,0.09149964,-0.05906238,0.0050768284,0.064450845,-0.022066344,0.036844436,-0.0038533714,0.13138871,-0.068710335,0.025349548
TCGA-E9-A228-01A,0.01726234,-0.10536686,0.18308513,-0.005842704,-0.03787482,0.07773984,-0.005638344,-0.009137294,0.0016187254,0.04549163,-0.04736011,-0.06695038,-0.01759158,0.13189095,0.09690341,0.010970365,0.022526113,0.04373307,0.09536191,-0.11248563,-0.027817868,0.09762344,-0.088589415,0.13622425,-0.11921142,-0.02424933,-0.10352702,-0.0690292,-0.01162911,-0.12545045,-0.07559892,0.022683084,-0.10904211,-0.078062475,-0.023121469,-0.15167388,-0.088811256,-0.035631258,0.0054583163,-0.032611214,-0.0006919471,0.04289795,0.08900709,0.014087255,-0.04566567,-0.05567897,-0.006158601,0.009799986,0.0022964436,0.11387263,0.055344153,-0.073915616,-0.060237996,0.08828103,-0.0406744,0.0307267,0.08426045,-0.03176279,0.04226811,0.014077667,-0.030843215,-0.058819152,0.0048583033,-0.0072448594,-0.045744248,0.009909756,0.12101631,-0.0010751298,-0.07768085,-0.0010554291,-0.13293295,0.08664335,-0.04490644,-0.15438646,0.0715636,-0.012057842,-0.039419405,-0.020728016,0.13480562,-0.01284845,0.017977266,0.017420458,-0.054229137,-0.024389897,-0.02080995,-0.015247374,-0.01563919,0.05511635,0.11432863,0.03399769,0.056132294,-0.085382104,0.023770291,-0.034593254,0.054059457,0.033535067,-0.048491348,0.035968587,0.05847033,0.010139898,0.049344398,0.11455276,0.04187361,-0.19249615,-0.06794343,-0.0444457,0.019239103,-0.0428587,-0.026814902,-0.0018146147,-0.054595742,-0.105668984,-0.19158119,0.11403797,0.17060983,-0.06490052,0.021621084,-0.072190225,-0.08706967,-0.003924387,0.008434381,-0.09007153,0.03741176,0.022021143,0.06621128,0.102977894,-0.070058405,0.014632377,0.010841937,0.13444832,0.16272067,-0.024063258,-0.018537812,-0.028503755,-0.120216526,0.047599036,-0.041529078,0.041848168,-0.06507085,-0.11263918,-0.06870279,-0.17728254,0.0046194145,0.049560916,-0.009027077,-0.050469458,-0.108560026,0.08350811,-0.019338911,-0.028415676,0.03063565,0.029462133,0.031245273,0.017887287,0.06067326,0.053182773,0.08585805,-0.027744308,-0.023166988,-0.047865473,0.007401903,0.01186583,0.10031449,-0.19291238,-0.031335633,-0.023351913,0.023346646,-0.0020909233,0.024631219,-0.014631172,-0.03263449,-0.14933567,0.0075958194,-0.009566954,0.01985733,-0.050841566,-0.022960752,0.094477355,0.10435763,0.1517687,0.02170143,0.008843103,-0.053662043,-0.008297128,0.038546182,-0.07036009,-0.06981822,-0.034740627,-0.043631695,-0.0012620798,0.03344882,-0.054823466,-0.042294208,-0.04468635,0.009437847,0.010682925,0.10489662,0.0860558,0.026948063,-0.023494873
TCGA-A1-A0SE-01A,-0.027568938,-0.00050695246,0.10755187,0.04253682,-0.050138623,0.04762335,0.04957485,-0.04726653,-0.04854905,0.009099178,-0.016014138,-0.0036693625,0.042455345,0.16538353,0.19723195,0.008067332,0.028670464,0.06370442,-0.07401341,-0.13177541,-0.024639444,0.026346095,0.022761017,0.09895005,-0.050790668,-0.057223182,-0.095267065,-0.076675534,0.02248612,-0.07617421,-0.12932856,0.04708455,0.009928289,-0.08653892,-0.07505259,-0.10545039,0.008462062,-0.040115394,-0.036081925,0.0038806053,-0.052635733,0.115287244,0.053323567,-0.10027221,-0.015750483,-0.05375521,0.00069694885,0.0708214,0.090978764,0.15927824,0.16281763,0.11287711,0.11113539,-0.015962973,0.0017409776,0.0128085315,0.041514393,-0.14397979,0.008496246,0.108313896,0.02619854,0.055615086,-0.07868362,0.08466871,0.029077973,0.047668573,0.08452656,0.028949667,-0.10736594,0.022399424,-0.12696186,0.005172586,0.000994779,-0.18987794,0.09680924,0.019433675,-0.0128546925,0.003147292,0.11207048,0.02729634,0.07565894,0.009975971,0.021137018,0.0051570665,0.06297381,-0.09210843,0.043055236,0.043291233,0.028162755,-0.0012535579,0.066388205,-0.102086954,0.075260855,-0.075877875,0.08707142,-0.048911802,-0.055766396,0.013250513,-0.05414623,-0.092066385,-0.015152401,0.050538786,0.08065842,-0.06430789,0.0005654764,0.040115908,-0.021406267,-0.050333757,0.0029565021,-8.6495114e-05,-0.044217695,-0.064800404,-0.10453334,0.088984706,0.06902193,-0.08036241,0.03194484,0.0068912217,-0.014361246,-0.00037851138,0.1357812,-0.06989136,0.10630949,-0.0023522303,0.04813838,-0.016858153,-0.07707452,0.019548422,-0.007102525,0.12861592,0.016236952,-0.077234216,-0.019879494,-0.13005407,-0.12915543,0.08455492,-0.10181814,-0.0035849917,0.0030323227,0.014430583,0.07571604,-0.14838602,-0.09473153,0.044048835,0.061119925,-0.075778745,-0.094440416,-0.042604893,0.02636199,-0.06822731,0.028504984,0.061190404,-0.067974046,-0.025359323,-0.0061224145,0.038898207,-0.03766584,-0.09612085,-0.029512333,-0.07442879,-0.028560644,-0.07893395,0.09202695,-0.107928395,0.06190557,0.060195353,0.10098708,-0.05628349,0.054996848,-0.031587772,-0.030214733,-0.07262989,-0.0329664,0.039927457,0.0762568,0.058563523,-0.13931875,0.090362914,0.008142026,0.104857534,0.0032935115,-0.05761708,-0.0023391307,0.06542293,0.070830755,-0.112786815,-0.06144382,0.020960653,-0.023184026,-0.07322802,0.11342512,-0.045866452,0.035358146,0.0040877797,-0.09822196,-0.006911072,0.09127791,0.010199432,0.03155162,-0.00037280604
TCGA-E2-A1IE-01A,-0.09780559,-0.07700255,0.17945954,0.10671512,-0.13853396,0.0580435,-0.06908899,0.007951642,-0.079379775,0.013290338,-0.060376022,-0.009910736,0.028738547,0.10281937,0.102404535,-0.041630354,0.02315812,0.058813326,-0.07667553,-0.06750146,0.0029087309,-0.0714481,0.055769447,0.056234993,0.06734272,-0.0005459606,-0.13572864,0.06294463,-0.04778343,-0.08299957,-0.065730646,0.002340953,-0.19551435,-0.089234605,-0.08017456,-0.07122177,-0.03638656,-0.020069037,-0.05879983,-0.025420854,-0.04479956,0.06673442,0.051349185,-0.07500435,0.08274664,-0.0026711258,-0.020974314,-0.006937682,-0.015327212,0.08664133,0.09423582,0.07139658,0.026761327,0.1094862,-0.065840386,-0.049243174,0.058424808,0.0045753163,-0.018671514,0.015760425,0.082943335,-0.042598333,-0.0859301,0.06664873,-0.05201965,-0.056773406,0.062719174,0.091083504,-0.048432577,0.020916773,-0.094492875,0.051981315,0.054122243,-0.281835,0.10046235,0.006628719,0.0016852915,0.10674365,0.06620319,-0.034668833,0.036923993,-0.012462667,-0.035093777,-0.036345515,0.020309987,-0.084080845,0.033718236,0.03737091,0.095850825,-0.07846667,-0.00047989108,-0.13748638,0.08726586,-0.011311123,0.034430977,-0.087469645,-0.019551491,-0.06490875,0.051626332,-0.053398393,0.014074588,0.06699032,-0.055081554,-0.09103541,0.057108905,-0.01600112,-0.053647667,-0.035299823,-0.053767156,-0.0009596196,-0.00851466,-0.117435634,-0.06775585,0.094092295,0.16076754,-0.026877964,-0.00177727,-0.010671896,-0.13190168,0.0007724146,0.10596538,-0.15965411,0.06954013,0.08027004,-0.0025181915,-0.014872493,-0.008053441,-0.044919703,-0.04103508,0.07195679,0.063181914,0.025005061,0.011120991,0.018946065,-0.14070399,0.031521436,-0.07797924,0.007178961,-0.10046345,-0.012560331,-0.063188165,-0.13137181,0.048433434,0.043222345,0.08528209,-0.033570994,-0.10961755,0.050787836,0.08952503,-0.045247037,-0.012631995,0.045764726,-0.016809043,-0.0008692892,-0.0060725203,-0.044705823,-0.02263919,-0.12282452,-0.0530156,0.03925316,0.09320217,-0.062435254,0.04247494,-0.15205038,0.04644098,0.054156974,0.12802635,0.017689317,0.02848065,0.0289477,-0.04740209,-0.08691988,0.043585118,0.08642806,0.08475126,-0.08492335,-0.029649358,0.09282534,0.13571873,0.08855214,0.015376427,0.039954893,-0.0033400476,0.03280663,0.07735439,-6.768141e-05,-0.08713589,0.026302142,0.0016920675,0.038902186,0.05980434,-0.0031129017,-0.0018371032,-0.021791857,-0.019072274,0.05925894,0.051912457,0.068759374,0.00043983,0.0167667
TCGA-EW-A1IW-01A,0.051327616,-0.047847454,0.07957569,0.117518105,-0.02617393,0.04861874,0.03945436,0.018469146,-0.0023491243,0.012354932,-0.03871474,0.058372732,0.06927295,0.1721484,0.14326537,-0.08620503,0.031920414,0.10023975,0.015441989,-0.11688263,-0.0051637203,-0.0515224,0.03551583,0.058160014,-0.01249821,-0.09571683,-0.118933395,-0.034617376,0.019628277,-0.02240175,-0.0586643,0.087268576,-0.12224658,-0.049727127,-0.10187855,-0.11044439,0.02987705,-0.054460865,0.01809148,-0.14830638,-0.03744509,0.070857234,0.1372714,-0.07950148,-0.0312884,-0.04360696,0.14233986,0.06762531,0.04726793,0.024403656,0.023344802,0.017073715,0.022084847,0.09319509,-0.03695286,0.009897833,0.09467588,-0.0057559586,-0.09273984,0.102182716,0.047677416,-0.0236337,-0.0821482,0.09624986,-0.08894325,-0.028194897,0.09468792,0.09372822,0.004092898,0.0019166756,-0.040190887,0.01623253,-0.06857397,-0.2813303,0.099417225,-0.0034816987,0.028127527,0.108142585,0.029982222,-0.002631165,-0.019371845,-0.07209863,0.048617087,-0.033093132,-0.105687626,0.022719702,-0.03391303,0.06671102,0.10849519,-0.089416295,-0.004925536,-0.05262687,0.019641547,-0.010503904,0.092487365,-0.18902002,0.049954526,-0.026844108,0.05954676,-0.0565916,-0.00020835827,0.047504358,-0.018222302,-0.07863168,-0.073094085,-0.06124264,-0.10554476,-0.09347109,0.03822328,-0.03589347,-0.011426729,-0.039876692,-0.001163414,0.00010385287,0.07038154,-0.02393482,-0.033178207,-0.08393003,0.054228287,0.014198207,0.11058895,-0.088918425,0.038353715,0.061634447,0.08664585,-0.046575785,0.0035599775,0.018927677,0.046579804,0.15168689,0.050623223,-0.05554113,0.019527957,-0.107205436,-0.08903428,-0.038586006,-0.021881118,-0.07580818,0.011089409,-0.040055923,-0.0866852,-0.06335184,-0.047534186,0.037025116,0.04648526,0.011826775,-0.09962678,-0.004981057,-0.02171865,-0.078683265,0.029879877,0.040906616,-0.048929002,0.03161235,-0.107123055,0.046923645,0.08624803,-0.06896404,-0.02575266,-0.0774742,0.002671072,-0.021670315,0.013820068,-0.10187249,-0.040826604,-0.039711375,0.008964402,0.08323868,-0.051739767,-0.097784884,-0.016067155,-0.0036065343,0.065990716,-0.039186522,0.08096404,0.022330197,-0.09651588,0.096732154,0.09995741,0.117791645,0.016167512,0.0719916,-0.022687908,0.0034082506,0.09061093,-0.06234137,-0.10027779,-0.06689226,-0.013923021,0.12255195,0.04023108,-0.013347244,0.049602363,0.07016321,-0.046877094,0.09728113,0.0725101,0.11616627,-0.05490995,0.032065596
TCGA-D8-A1X6-01A,-0.036434155,-0.01125711,-0.005217388,0.04499209,0.029698165,0.00018888804,-0.017159736,0.061999295,-0.043577097,0.01355295,0.027815174,-0.06588247,-0.02182033,0.14322783,0.08339988,-0.08597709,-0.01995716,0.11108262,0.033623617,-0.11546761,-0.04836171,0.027560288,-0.16816631,0.17026044,-0.05439852,-0.043678254,-0.15371098,0.033654638,0.07628642,-0.05944478,-0.06882878,0.0026464376,-0.012710502,-0.05475124,-0.090230644,-0.091598034,-0.029082743,0.06917237,-0.083969496,0.0027180258,-0.040831313,0.06985638,0.17591098,0.016371524,-0.08398501,-0.008076138,-0.012201253,-0.036337156,0.058484145,0.15316235,0.01949949,0.045995645,0.058368817,0.08217408,-0.034362275,0.007018793,-0.016198866,-0.0022700622,-0.00021577494,0.0671301,0.096168816,0.032363124,-0.099342175,0.03151822,-0.072507806,-0.006362345,0.15866965,-0.03582899,-0.047209077,0.02243856,-0.08482584,0.085644096,-0.059501033,-0.1343028,0.13652876,-0.0034234882,-0.029394101,0.046535056,0.12516119,-0.011735008,-0.06784629,-0.0011839505,0.011925171,0.103669375,-0.05505316,-0.09846139,0.054788027,0.09671934,0.13457942,0.01466865,0.056244772,-0.14280047,0.10236864,0.06999628,0.094263755,-0.036857013,-0.1521772,-0.014915815,0.07125777,-0.09195999,-0.049951375,0.09752143,0.02002111,-0.0068255854,-0.03281154,0.023452455,-0.08672169,-0.054050643,0.044529304,-0.09915992,-0.046931565,-0.119169086,-0.08262208,0.11557367,0.12343897,0.001308699,-0.044877443,-0.030126138,0.0011952029,-0.01483613,0.08932915,-0.05828892,0.007937138,0.021072116,-0.07516454,-0.0068982476,0.059064932,0.050765418,0.004620102,0.11414135,0.118318364,-0.116683275,0.06349982,-0.0013729335,-0.15818363,-0.068799816,-0.025385965,-0.121268526,-0.011618928,-0.03583647,-0.020638706,-0.13270412,-0.12646744,-0.016907282,-0.013278983,0.011991358,-0.08436717,0.0031945906,-0.07988644,-0.051501207,-0.089655034,-0.036227398,0.05969903,0.017513642,0.01942588,0.061008263,0.020432692,-0.07226483,-0.057603225,-0.033134382,-0.06872607,-0.11062227,-0.014018944,-0.10019559,0.035583965,-0.0033021877,0.032075718,-0.016407426,-0.074802116,0.00672978,0.016893957,-0.060555078,-0.06090079,0.052144058,0.062404152,-0.030602338,-0.08134504,0.056915842,0.091735914,0.12985194,-0.029484952,-0.07783654,-0.020698298,-0.012805575,0.017851861,-0.08751846,-0.042620506,-0.078046836,0.024224637,0.06646468,0.016275074,-0.105170496,-0.0064053996,-0.04495793,-0.028760249,-0.0031256243,0.031343784,0.06260425,0.001479998,-0.03868376
TCGA-XX-A899-01A,-0.065705046,-0.018832363,0.13650747,0.100569114,-0.06904055,0.0023199595,0.12875736,-0.030137658,-0.026150472,-0.033748068,0.05199304,-0.043429736,-0.004988643,0.13309039,0.11407202,-0.032609284,0.0061652046,0.06433639,-0.03283384,-0.049670443,-0.051161233,-0.1310947,-0.023729874,-0.022359882,0.05281097,0.0035415578,-0.05294024,0.054419924,-0.018216703,-0.09130681,-0.13088574,0.019872012,-0.05736269,-0.11064583,-0.025842877,-0.07162788,-0.06431442,-0.009985779,0.037558675,0.027854856,-0.018538028,0.10687388,0.17163597,-0.086039945,0.006409229,-0.058885045,0.025946325,0.01503339,0.012326126,0.041809645,0.09662274,0.07796393,0.019235834,0.04820158,-0.055282805,-0.009833826,0.06449634,-0.084385246,-0.019391637,-0.010610673,-0.042799007,-0.039552357,-0.06658395,0.16524456,-0.04687125,-0.065536544,0.039666235,-0.017792415,-0.13028072,-0.0025059846,-0.076094486,0.014853589,-0.052607823,-0.100267515,0.06145512,0.012913326,0.04004688,0.0012991434,0.17667508,-0.071128115,0.05422892,-0.057934087,0.015611853,0.02222952,0.05520009,-0.08442015,0.0027686106,0.061912604,0.13537349,-0.027634298,0.08889706,-0.12957986,0.10105127,-0.020865925,0.07888528,0.023750644,0.008583159,-0.039521903,0.08844444,-0.00960139,0.11745264,0.06666149,0.07141182,-0.13786821,-0.113907665,0.06913059,-0.040333655,-0.039666045,0.008318455,-0.073032916,-0.103833474,-0.15052365,-0.03009144,0.058441848,0.08434344,-0.008532214,-0.056225266,-0.005843437,-0.088643156,-0.03694675,-0.026812138,-0.09456513,-0.059020285,0.0036899687,0.04329483,-0.05094041,-0.073361956,0.03478914,0.03860209,0.036994755,0.06372303,-0.062481873,-0.052231655,0.0014867014,-0.07258413,-0.016951285,-0.027833084,-0.039100945,-0.06388681,-0.031967066,0.02575301,-0.15929498,-0.03127527,0.11368466,0.03550024,-0.002803103,-0.05896989,-0.029062234,-0.06634389,-0.10547399,0.07855283,0.025456816,0.07481107,0.12502824,-0.09455066,-0.018389756,0.008194644,-0.07571841,-0.176986,0.0050006653,-0.011355472,-0.004489893,0.04691785,-0.11132874,-0.003108373,-0.028864693,0.07179862,0.04026933,-0.03559846,-0.046828583,0.064275816,-0.15892756,-0.031410243,-0.02877052,0.008353703,-0.050635073,-0.09278436,0.14109027,0.079577394,0.122002184,0.03889023,0.019421002,-0.075433925,0.11454376,0.07365582,0.013693102,-0.1054631,-0.08520445,-0.042660832,0.059521187,0.12370661,-0.06453735,0.048317958,0.008604696,-0.03603693,0.0040246285,0.07089639,0.09790976,-0.009176149,0.06619727
TCGA-D8-A1JG-01B,-0.10894725,0.022146575,0.12027194,0.08133256,-0.07561913,0.08159633,0.0035667287,-0.011240279,-0.015147506,-0.037681952,-0.00015603441,0.006778105,0.079045795,0.044421263,0.1021889,-0.054480195,-0.053737715,0.10427565,0.008773585,-0.089962155,-0.11613779,-0.035104584,-0.01967551,0.06529394,0.00042505685,-0.11439961,-0.06743177,-0.123675406,-0.033146903,0.06903069,-0.032859597,-0.06459803,-0.08626209,-0.092423156,-0.18512623,-0.16422287,0.010873612,-0.0023437343,0.010778944,-0.008833375,0.06053679,0.060652357,0.087992996,-0.061142594,-0.10471583,-0.059207913,-0.03176471,0.021782905,-0.019576889,0.069509886,0.003598097,-0.0028257228,0.050447717,0.020255104,-0.016864782,-0.032398295,0.020865317,0.0061965208,-0.0011852994,0.011731835,0.09917932,0.060075648,-0.05766666,0.01579002,-0.0076424233,-0.0771087,0.09132952,0.016474184,-0.090991534,0.0032974754,-0.09732403,0.019220544,-0.027118735,-0.11556697,0.1282274,0.050146498,0.025140442,0.07975539,0.023429934,0.04863903,-0.027752474,0.010005644,0.015304417,0.00044437236,0.014257486,-0.12329264,-0.06591905,0.14834689,0.08120309,0.0260989,0.025475558,-0.07291516,0.056350388,0.06413227,0.13772225,0.027370594,-0.03869487,0.052417528,0.016038246,-0.04138126,0.06380289,0.052628692,0.073897265,-0.04193939,-0.16829707,0.034260713,-0.006530943,-0.101499654,0.011418164,0.063591,-0.03996511,-0.06339094,-0.13058865,0.1420054,0.17196868,-0.031440623,0.0758634,0.040181004,-0.02048632,-0.014590485,0.064048566,-0.11813545,0.07807609,-0.036954448,0.10054327,0.023686582,-0.060112238,0.07994586,0.0043869903,0.11727095,0.053978547,-0.07283846,-0.015694259,0.05915484,-0.20744167,0.024094502,-0.08545334,0.00016901626,-0.013365352,0.01446847,0.117689185,-0.18038422,-0.029730424,0.028026387,-0.0066193533,-0.03547527,-0.12262128,0.07179601,-0.033388507,0.034670085,0.053299494,-0.041806806,0.031473156,0.015129529,-0.05475709,0.09023487,-0.009963369,-0.09650966,-0.044003952,-0.086075,-0.050917413,-0.016539799,0.07883178,-0.11101867,-0.041625716,-0.014493099,0.12228332,-0.011584362,-0.054273285,-0.06767331,-0.072723866,-0.03152447,0.07557223,-0.020215834,0.018969124,-0.030271776,-0.018749887,0.097124904,0.04510987,0.07405006,-0.016621804,-0.028888999,-0.14912483,0.00021884672,-0.108628675,0.026648123,-0.12140413,-0.08200245,0.023065267,-0.0023896582,0.046972092,-0.086951084,-0.081832446,0.050525527,-0.028010653,0.05095447,0.1142155,-0.0147598,-0.0035945738,-0.010069784
TCGA-A2-A0SU-01A,-0.019121435,-0.07641881,0.10715698,0.060740836,-0.0698713,-0.009191476,0.046402946,0.0002615291,-0.13475402,-0.026835192,0.04109111,-0.029918853,0.05158735,0.111237615,0.060349483,-0.015346685,0.013782658,0.06401216,-0.022851435,-0.05773048,-0.026372857,0.035523094,-0.046867635,0.045949563,0.04859733,0.019316431,-0.06670629,-0.15728432,-0.0891445,-0.105891004,-0.020699665,-0.05089319,-0.11674281,-0.11035811,-0.14866498,-0.13713974,-0.044890143,-0.00066654343,-0.029900381,-0.00016652135,0.022842797,0.05839771,0.076282874,-0.12133276,-0.115860164,-0.008771362,-0.02161806,0.044069204,-0.0032125963,0.016474994,-0.06941641,-0.005611445,0.05959001,0.0750574,-0.07008849,-0.07390684,0.10460166,-0.01684595,-0.0312607,0.02630098,0.08525529,0.05091094,-0.02140888,0.08162992,-0.10829733,-0.084039316,0.077508375,0.02874118,-0.13785684,-0.02263935,-0.214121,0.08226332,-0.031798717,-0.18045413,0.115459085,0.0526491,0.057545666,-0.031081526,0.059446555,0.00028806733,0.03496242,-0.08208178,0.06721626,-0.019621,-0.09441451,0.0003308576,-0.04072634,0.101805024,0.07359631,-0.014509273,-0.027318485,-0.13045293,0.077297285,0.0037058066,0.124767475,-0.0090919,-0.0072355,-0.014539077,0.016586348,-0.0114491,-0.065787986,0.030347694,0.0048278924,-0.08931748,-0.060031243,-0.05807689,-0.005298035,0.005556346,0.0082181245,0.053683963,-0.014761291,-0.068098605,-0.106761284,0.06563509,0.05014169,-0.07682317,-0.067203715,-0.072140045,0.027825585,-0.04169336,0.10388251,-0.13617331,0.014014631,0.012852396,0.05349884,-0.06529847,-0.12650728,0.003384013,-0.052296586,0.18162455,0.041733924,-0.026945299,-0.061922044,-0.06660789,-0.17786106,-0.030280396,-0.06528802,-0.05746469,0.033296023,0.00937779,0.007519644,-0.1312059,-0.0023378024,0.03202719,-0.047331136,-0.04181367,-0.07307643,0.03705463,0.013132096,-0.07847455,0.13324364,0.06944367,-0.002471568,-0.022146594,0.01717141,0.0054118973,-0.029927723,-0.10540265,-0.14143425,0.06357137,-0.085208,-0.01333899,0.06129647,-0.20068534,0.023061726,0.055891838,0.084232174,-0.00051676395,-0.034999296,0.021814907,-0.0015477162,-0.018721778,-0.022743458,-0.032201763,-0.024833823,-0.017483987,-0.059385948,0.035258994,0.06316757,0.083586596,-0.063150406,0.008564185,-0.030547997,0.077680275,0.006005677,-0.062454,-0.071671166,-0.07284505,-0.06898601,-0.027224291,0.054349482,-0.027221767,-0.102667786,0.102168195,0.065020256,-0.032825373,0.08304342,0.109789826,0.028390868,0.017759843
TCGA-D8-A1Y1-01A,0.0009964501,0.009421324,0.11471101,-0.0074381097,-0.17601293,0.056702796,-0.014329496,0.025713058,-0.07634565,-0.050171733,0.038667362,-0.026998442,0.08221819,0.09430485,0.110688195,-0.10609356,-0.06146775,0.016041944,-0.05544252,-0.09058095,-0.03310879,-0.07613472,-0.0044228905,0.061394323,0.050991576,0.0014369457,-0.11013103,0.04941338,-0.025104951,-0.089690976,-0.11448093,0.010250551,-0.051120535,-0.13693021,-0.12248585,-0.08646324,0.041900404,-0.04098409,-0.030924216,0.0071087037,-0.09795263,0.02387621,0.14600424,-0.011180175,-0.075546734,-0.06766636,-0.0040007583,-0.07819742,0.12477205,0.09223113,0.015023632,0.06278165,0.05603016,0.013990704,0.0012827858,0.014549098,0.060767733,-0.013862975,-0.07542747,0.09619414,0.017575033,-0.01413986,-0.0533513,0.05578696,-0.095531516,-0.05539344,0.12793283,0.114138186,-0.14652841,0.0104324585,-0.11107529,0.042750206,-0.08138632,-0.060817957,0.06022325,-0.020507291,-0.0322334,0.0947986,0.11675326,-0.0140336715,-0.06539283,-0.07871672,0.014331024,-0.0093552135,-0.043235227,-0.047547653,-0.114021026,0.041870154,0.13626213,-0.00546402,0.10652568,-0.07541282,0.09385528,0.008667315,0.12825195,-0.048137326,0.027295489,-0.005436741,0.034346126,-0.07665779,-0.01167985,0.058425725,0.05442798,-0.059432484,-0.09029043,0.023525799,-0.029784331,-0.10535106,-0.048784036,0.024701245,-0.04555742,-0.021482352,-0.13009992,0.13492784,0.062053315,-0.036870785,-0.03794858,-0.06758775,-0.012116648,0.0073652803,0.118343174,-0.06584206,0.12775439,0.015844312,-0.008319144,0.0141900405,-0.016747244,0.017255047,-0.020723771,0.15920116,0.06288782,-0.0290855,-0.023459565,-0.026980238,-0.0928902,-0.0111923795,-0.03086694,-0.052511387,0.020249786,-0.02502628,-0.09692744,-0.110091925,-0.07593574,0.033354394,0.058354955,-0.107770056,-0.0773315,0.06456408,-0.004601947,-0.05024075,0.03619878,-0.003892442,0.06021729,0.01831108,0.028563034,0.045627046,0.08146644,-5.1345447e-05,-0.09910219,-0.14201126,0.019801227,-0.06922997,0.024288144,-0.08315619,-0.04574168,0.021817178,0.085266754,0.028741144,-0.002899578,0.0150938425,-0.031244468,-0.044867266,0.015644718,-0.0151693225,0.08686351,-0.11132873,-0.059392683,0.12559953,0.0912399,0.1745855,0.042388067,0.017981464,-0.12632407,0.06661643,0.052229527,-0.0069293045,-0.14999138,-0.070535384,0.07068427,0.08378065,-0.05222445,-0.062405244,-0.07345403,0.0080007985,-0.039226737,0.003931687,-0.0010529923,0.09069882,-0.03920226,0.094910614
TCGA-E2-A574-01A,-0.00121912,0.032998316,0.09234247,0.058278006,0.056454048,0.05332972,-0.0036015692,0.057459127,-0.078258455,0.016945701,-0.01770295,-0.054748666,0.08180222,0.10329724,0.017182726,-0.04073724,0.07967158,0.10529611,0.10035583,-0.043026775,-0.022495827,-0.031227391,-0.060464043,0.041233327,-0.0345819,-0.044810988,-0.17533834,0.016363941,0.043095928,-0.05925094,-0.014022551,-0.014272829,-0.09857783,-0.10033718,-0.04012134,-0.14492948,0.004074128,-0.06504292,-0.09543077,0.025433183,0.03396421,0.12705438,0.11706764,-0.04852648,-0.030431785,-0.021938318,0.05442967,-0.03357696,-0.040350273,0.11419598,0.046678998,0.08980533,0.055712163,0.015197086,-0.02307128,-0.05498108,0.043815196,-0.00039397922,-0.10231461,-0.021559224,0.052464765,-0.024600452,-0.07581306,0.15458885,-0.043492645,-0.06644749,0.07051603,0.0013585396,-0.10326385,-0.023150269,-0.12975253,0.017417608,-0.0809712,-0.14257947,0.18557744,0.069366954,0.017914321,0.050509878,0.13589826,0.038972784,0.0032576828,-0.16521543,-0.07215556,0.078026086,-0.045559,-0.045469273,-0.0044631306,0.07051225,0.0011728118,-0.032107003,0.10385742,-0.10590398,0.041298673,0.0077862474,0.07710057,-0.0643569,-0.09740773,0.027153397,0.07894516,-0.009496553,-0.081293195,0.0014942826,-0.032452144,-0.093702205,0.030131109,0.0050004357,0.016421089,-0.10630546,0.056455575,0.034203466,0.017380955,-0.07470486,-0.1296268,0.06985977,0.15009525,-0.028247874,-0.033507314,-0.055531424,-0.056067232,-0.026664848,0.087362625,0.017240189,0.044296976,0.04962526,0.022945,0.03718663,-0.024432788,0.13703848,0.0062958603,0.09002063,0.14747384,-0.060191326,-0.054751325,-0.13605423,-0.14555266,0.03742674,0.017589232,0.002155803,0.032606613,-0.00292097,-0.10957231,-0.11260835,-0.097826116,0.017552955,-0.0911451,0.02116811,-0.083523445,0.03279296,-0.028499346,0.03887712,-0.0011263329,0.00033971874,0.11886282,0.06500327,-0.019296344,-0.025492633,0.030699443,-0.059284657,-0.08024583,0.018099172,0.09524835,-0.10939485,0.04491199,-0.17940757,0.024470065,0.0357778,0.03996899,0.02834422,-0.019914752,0.00374247,-0.05468638,-0.06269649,0.0037299842,-0.003951729,0.03589067,-0.044353835,-0.08800738,0.076447494,0.09135,0.05343612,-0.054248482,0.005251314,0.028784424,0.10857468,-0.01999274,-0.013331806,0.0022337418,0.0064199874,0.04774542,0.11136599,0.03960098,-0.09456261,-0.07058206,0.06268037,-0.028111177,0.019849248,0.14607795,0.10493536,-0.06127359,0.00019465787
TCGA-A7-A26H-01A,0.014603912,-0.055228833,0.004754569,-0.037594177,0.025241833,-0.0027057114,0.08022403,-0.035900302,0.031068452,-0.11743432,0.071428284,-0.018316992,-0.014961854,0.1630374,0.12564605,-0.0048495666,0.09208562,0.099675074,-0.0014225856,-0.07959293,-0.06615628,-0.11805379,-0.017948627,0.02689211,-0.016915234,-0.09908639,-0.09935366,-0.09861272,0.08879659,-0.08425546,-0.048676077,0.047975685,-0.10365,-0.15766393,0.025660358,-0.13040781,-0.0730784,-0.08330305,-0.04442957,-0.008850681,-0.027630547,0.06665708,0.08613283,-0.08546367,-0.052506875,-0.02685501,-0.02981478,-0.0017616971,0.07344855,0.09998146,0.0038987545,0.09598771,0.02026087,0.1100769,-0.051200923,0.00058650743,0.15053636,0.091607206,-0.04054058,0.06397525,0.09077381,0.009555279,-0.14085642,0.06360668,-0.08811259,-0.08742148,0.1505899,0.05804003,-0.094165705,-0.084483646,-0.11132595,-0.02221204,-0.03296812,-0.10346648,0.08528605,-0.0068311,0.0011607561,0.0627686,0.049111065,-0.064096265,0.10090143,-0.05753508,0.021997798,-0.04427682,-0.06599535,-0.059512597,-0.10212082,0.0110584255,0.08156932,-0.042388126,0.0019408448,-0.102862835,0.06793501,-0.022337554,0.038018815,-0.0548081,-0.07393343,0.022769865,0.0075235977,-0.10640066,0.021117594,0.031308282,-0.009651003,-0.08017515,-0.07222413,0.022119932,-0.00844027,-0.05552594,0.017291,-0.041780073,-0.03500758,-0.1231959,-0.08933441,0.12067032,0.034691267,-0.088427275,-0.06952801,-0.050570633,-0.05336992,-0.052566703,0.064037144,-0.12949404,0.049738802,0.037860535,0.036955316,0.014996908,0.016309535,0.055741396,0.031111239,0.04922689,0.037775733,0.016400928,-0.03927011,0.11853356,-0.14266051,-0.052330386,-0.032013964,-0.0062463903,-0.03878194,0.030936798,0.006391639,-0.19935088,-0.08700509,0.067087546,0.07372761,-0.034723394,-0.10617228,-0.01830366,-0.04167488,-0.023204042,0.049338665,0.052173715,-0.015951147,0.0570242,-0.009574821,0.075447194,0.034381818,-0.06920226,-0.122140825,-0.07415462,0.0067672976,-0.03977416,0.018472563,-0.12405562,0.10777449,0.07188858,0.096436694,0.07734737,0.004169285,-0.052455164,-0.02323241,-0.11429542,0.012874237,-0.025588237,0.052563675,0.053699363,0.07464364,0.12516697,0.0663374,0.06292619,-0.07272836,-0.0173078,-0.101427004,-0.047558516,0.004884212,-0.062443126,0.011196736,-0.11412219,-0.045087207,0.041309383,0.08201412,0.010980313,-0.08676978,-0.061855905,0.036935765,0.08649584,0.024446506,0.09439912,0.008585994,0.04699242
TCGA-D8-A1X8-01A,-0.0051449696,0.01860881,0.12471002,0.04733156,-0.09469919,0.0023736577,-0.018464625,0.0774011,-0.06850034,-0.01187331,0.033218857,-0.014295117,0.009700403,0.10692696,0.020212637,-0.0033097013,-0.05411213,0.04646667,-0.01107752,-0.1546803,-0.014568134,-0.09972745,-0.12078492,0.08729675,0.017188188,-0.025625505,-0.18605176,-0.011656343,-0.017797617,0.049360823,-0.11495699,-0.0027163506,-0.15030082,-0.13642792,-0.109614864,-0.1360226,-0.04816266,-0.07159348,-0.035169967,-0.06464826,-0.06929268,0.08545228,0.058431275,-0.100529894,0.0036837673,-0.017199809,-0.028922003,0.07867657,0.10771397,0.09992978,-0.012584843,0.01595824,0.017807793,0.05871234,-0.05268241,-0.07344659,0.077065885,-0.03227868,-0.016584376,-0.005970441,0.03683542,-0.0020550615,-0.11866868,0.059907615,-0.049986225,0.0012781104,0.014734335,-0.013817992,0.0072626066,0.04751492,-0.20250571,0.054006375,0.04961195,-0.07512346,0.1071576,-0.01117523,0.004333979,0.049891092,0.13396509,-0.058559373,0.0066610645,-0.0031804058,-0.030517127,0.07452893,-0.05798955,-0.056060106,0.0055717616,0.0019187662,0.1435823,-0.0019156447,0.013683414,-0.124817654,0.14714779,0.0057535917,0.101001754,-0.054158617,-0.014231803,-0.02676222,-0.00533423,-0.00794248,0.030817937,0.059159283,0.015970498,-0.13153931,-0.010466155,0.014470388,-0.05311395,-0.07621898,-0.032077484,-0.0061078905,0.004852766,-0.06744254,-0.04765723,0.103331424,0.039790105,-0.0675193,-0.009558832,-0.050568156,-0.087668724,-0.029811198,0.015732398,-0.09629054,0.0927216,0.07540403,0.042440467,0.04199267,0.005444813,0.02820533,0.07304651,0.0819326,0.05367139,-0.1859527,0.052539192,0.09759848,-0.10495412,-0.015190654,-0.10141863,0.029171344,-0.09202999,-0.07695186,-0.028595004,-0.22951348,-0.003981903,-0.016852625,0.004729582,-0.039445963,-0.08186962,0.04785808,-0.050557535,-0.06782605,-0.044516273,0.06163229,-0.0734747,0.03512719,0.022766972,0.07346718,0.013653939,-0.12124593,0.015574898,0.010961767,-0.052805252,-0.077121705,-0.02691231,-0.08856944,-0.014145351,0.023434935,0.068603694,-0.009992528,-0.038646303,0.0036046936,-0.021056484,-0.055764183,-0.024061585,-0.024052037,0.09440085,-0.09754161,-0.03581808,0.16402937,0.03317663,0.1306536,0.014982991,0.07096112,-0.10609924,0.048840966,0.035828076,-0.02228559,-0.10441152,-0.10092494,-0.06262645,0.00834249,0.090940624,0.017990448,0.014879233,0.030702554,-0.052698847,0.03907443,0.11225034,0.10148405,-0.058029834,0.026412234
TCGA-A2-A25E-01A,-0.10080185,-0.032529365,0.08009565,0.07282268,0.0036630458,0.06409509,0.041367084,0.04646467,-0.07942255,-0.017982896,-0.03561363,0.0029387956,-0.0029289443,0.042663634,0.14076564,-0.107254796,-0.003792854,0.108087376,0.016921205,-0.08931955,0.027573166,-0.0012228474,-0.046379343,0.038659062,0.037185654,0.02290028,-0.1629511,-0.13128401,-0.110704646,0.06422796,-0.07636869,-0.058178414,-0.079433315,-0.11727833,-0.121751636,-0.1229142,0.009370101,-0.048629954,-0.09171981,-0.004085245,-0.026144886,0.03868539,0.030714042,-0.060872555,-0.08076842,-0.0473217,-0.06766682,0.033656105,0.11182861,0.06957309,0.14099494,-0.0013428131,0.11714427,0.023627896,-0.04229478,0.0043870197,-0.029093375,-0.20321432,-0.038292907,0.01303766,-0.040399928,0.0114789,-0.06816017,0.043292534,0.07012917,-0.1256199,0.12405453,0.03384194,-0.0871253,-0.11005474,-0.07512112,-0.015938707,-0.011033457,-0.2313412,0.06509071,-0.035628293,0.052246284,0.04609399,0.1217175,-0.009866591,-0.017714195,0.010767046,-0.01849867,0.011624727,0.020336302,-0.1167091,-0.022015464,0.0682702,0.15869536,-0.024967663,0.04855021,-0.049271908,0.05533875,-0.0077589112,0.13119915,-0.002468954,-0.019255195,-0.006528407,0.048360534,-0.07282561,0.026319167,0.06412396,0.054282054,-0.054388367,-0.028526735,-0.029421862,-0.035420485,0.0003593488,0.01579153,-0.0070090215,0.02837888,-0.04674573,-0.07286654,0.09098491,0.10363372,-0.042522553,0.05082302,0.058490243,-0.017883753,0.009905229,0.044272266,-0.13009326,0.1481318,0.0040701027,0.0075434414,-0.08490961,-0.054469742,0.01891643,0.011740584,0.04993547,0.1554014,-0.002208311,-0.006122074,0.0053957044,-0.055515092,-0.0052695856,0.035448372,-0.07789186,-0.042385217,0.048911605,0.02110851,-0.125325,-0.09524541,0.017456232,0.07548121,-0.06201208,-0.021686532,-0.09294216,-0.041282218,-0.05469919,-0.102378964,0.007344575,-0.020969665,0.06299724,-0.09181087,-0.064776406,0.022121737,-0.049452703,-0.020029759,-0.022959236,-0.06862785,-0.05079755,-0.011264408,-0.1274473,-0.13463482,0.050534565,-0.0075069163,0.026732251,-0.010717418,-0.06280527,0.006333474,-0.026653739,0.00030063879,0.017090943,-0.034597274,-0.017603926,-0.11525978,0.08494127,0.06329509,0.08499188,-0.042790715,-0.103564955,-0.044115093,0.053695925,0.09126616,-0.10339352,-0.14634624,-0.04970627,-0.038414583,-8.396074e-05,0.14139922,-0.060827836,-0.008251857,0.07333612,-0.061028853,0.028546358,0.07150406,0.094745696,-0.08110968,-0.041147254
TCGA-AC-A6IV-01A,-0.0015097499,-0.123219684,0.024981905,-0.06493116,-0.011501714,0.038423277,-0.062754154,-0.021509957,-0.062008172,0.0010156254,-0.037209228,0.05324902,-0.007913669,0.2040563,0.13552132,-0.0019827464,0.024349803,0.0824139,-0.031325053,-0.1329668,-0.07538799,0.016473588,0.06419462,0.0998308,0.0023875746,-0.08446851,-0.12760442,-0.1366641,-0.050693072,-0.06445462,-0.03202843,0.033930924,-0.07569577,-0.08445072,-0.039626658,-0.14072037,0.032219566,-0.058896784,0.027089726,-0.079256825,-0.04753409,0.04627112,0.08083433,-0.11654564,0.01770661,-0.05497252,-0.027939644,0.03916961,0.016957035,0.091652304,0.13000906,0.051976483,0.10396337,0.05381913,-0.072148,0.013682874,0.025597023,-0.0058904644,-0.10049806,0.034576114,-0.00020195791,-0.0026941048,-0.046792697,0.08668521,-0.014692905,0.008266573,0.07039347,0.0059910663,-0.08536984,-0.026294867,-0.12126487,-0.039967492,0.028630722,-0.18498275,0.0045266016,-0.073859386,-0.03180218,-0.028751936,0.07195743,0.04328861,0.019531816,-0.014625418,-0.011805161,-0.019492801,-0.03884042,-0.08679011,-0.004877503,0.054636475,0.1123209,-0.044110578,0.0130822165,-0.17744331,0.06637308,0.07109518,0.034458756,-0.0040423092,-0.02273979,-0.034270823,0.026993182,-0.007626733,-0.06623138,0.08861213,0.03707683,-0.08476745,-0.011161809,-0.045740854,-0.019964263,-0.024043068,0.046489846,0.028205857,-0.060483217,-0.0790451,-0.11824312,0.0952532,0.061815336,0.0059947073,-0.06871092,-0.055977087,-0.08921715,0.05616738,0.13565142,-0.08527135,0.045039743,-0.048566263,0.08672273,0.042322736,-0.026800066,0.13604915,-0.001927648,0.090901226,0.11037269,-0.077594325,0.0361081,0.010888064,-0.20602684,-0.033104315,-0.12507981,-0.013757795,0.03131799,0.05409452,-0.050700337,-0.16629659,-0.0705697,0.07065903,0.0048372555,-0.048309337,-0.1536907,-0.034717776,-0.015632305,-0.02320612,0.014067775,0.049434148,-0.08432041,0.037073433,0.03435925,0.040418968,0.09738666,0.047295716,-0.14473133,-0.0678842,-0.029957637,-0.019939719,0.01805169,-0.0741741,-0.094330855,-0.081487365,0.050696883,0.045408685,-0.08017698,-0.04242455,0.120402545,-0.09853525,0.053971197,-0.047823913,0.13918452,-0.02058224,-0.08754388,0.07352066,0.08314925,0.12016703,0.021606442,-0.0009454494,-0.00070957164,-0.016894625,-0.033261046,-0.043705843,-0.03467815,-0.009683246,-0.02904129,0.0011074385,0.16212581,-0.0020450172,0.010691756,-0.007918142,-0.02091029,0.031650815,0.0767687,0.038406238,0.0013295976,0.0037787731
TCGA-D8-A1Y3-01A,0.050293267,-0.04294911,0.11702913,-0.015676908,0.01032479,0.050222374,0.07396213,0.000235601,-0.015503649,0.010990886,-0.007545051,0.025278248,-0.008426369,0.1765921,0.13124187,-0.061186638,-0.006732506,0.059081625,-0.014829663,-0.13727552,-0.055621076,-0.035936233,-0.11820446,0.13771187,-0.038185053,-0.030447679,-0.13906924,-0.027877687,-0.031014962,-0.03887595,-0.0143898055,0.003576076,-0.09990335,-0.11614016,-0.12577018,-0.12431067,-0.03180492,-0.061524592,-0.056877527,-0.14147216,0.0054166242,-0.030895628,0.10707978,-0.08048894,-0.02251137,0.053345628,-0.020961786,-0.0097903665,4.7186542e-05,0.11790169,0.024914045,0.05086251,-0.04323009,-0.038479473,0.0040762234,-0.050809387,0.058750447,0.09898809,-0.074822046,-0.033838123,-0.060744397,-0.008133973,-0.11545602,0.09724627,-0.017643882,0.042686146,0.17555568,-0.061334066,-0.057480898,-0.064563215,-0.07503702,0.04458233,0.0028714614,-0.14533402,0.11027805,0.07056574,-0.033234026,-0.0053568594,0.12261265,-0.031325147,-0.05045405,-0.074657165,0.031009411,0.10075618,-0.019965407,-0.002340721,-0.039887205,0.045153648,0.109710015,-0.014208609,0.10825896,-0.18447843,-0.021376677,-0.019677294,-0.015239464,-0.008905292,-0.10318297,0.011042437,0.040924363,-0.11049496,-0.0036322637,0.038634177,0.062017623,-0.16065377,-0.11025655,0.0001629738,-0.0546454,-0.091023475,-0.025609605,-0.024743613,-0.03145124,-0.027841624,-0.14999686,-0.02232082,0.15061843,0.028389512,-0.025681285,-0.07357658,-0.13497964,0.036904935,0.11517525,-0.008934209,0.014918172,-0.007787465,-0.0076263933,0.094810426,0.018983481,0.04629767,-0.033993382,0.071491316,0.038077895,-0.11022012,0.0547458,-0.018784612,-0.15975285,-0.042578213,-0.021030555,0.0047294875,-0.024966532,0.003021482,-0.044082377,-0.10682146,-0.0800039,-0.02352674,-0.033120997,-0.0070436066,-0.13318162,-0.07862345,-0.08514327,-0.060114317,-0.068670504,-0.06144539,0.07073878,0.0032712803,-0.036715742,0.013936842,0.06188077,-0.046483167,0.029881982,-0.094461024,0.051194448,-0.035696067,0.10959403,-0.08211606,-0.07331009,0.0439215,0.053377874,0.08581015,-0.03571549,0.023353215,0.022195153,-0.07185984,0.016066821,-0.09711451,0.14243741,-0.08759408,-0.07271699,0.078466244,0.02945833,0.06910058,-0.05650237,-0.06984464,0.009299864,-0.011899484,0.04592001,-0.042218156,-0.101489194,-0.018116126,0.083970994,0.058721494,0.016025899,-0.026002273,0.0015659054,-0.07280902,-0.027742501,0.015606649,0.024757372,0.091313116,-0.010268694,-0.0037200572
TCGA-AQ-A7U7-01A,-0.033251584,0.040414616,0.12370622,0.09971564,-0.0020611992,0.040582456,0.07335182,0.044965547,0.008191488,-0.047579143,-0.030572081,-0.0221999,-0.019810647,0.19486353,0.1820343,0.0032893568,-0.025503198,0.008093177,-0.02991759,-0.06421046,-0.07959836,-0.05453016,-0.036339164,0.09998568,0.09267723,-0.00025181193,-0.10853845,-0.07118719,0.053440277,0.021781584,-0.051720943,0.08692511,-0.075181626,-0.16863507,-0.08428428,-0.07301479,-0.06543014,-0.046950053,-0.04887998,-0.07040469,-0.10269592,0.128925,0.117754385,-0.070594616,0.0050597023,-0.04048081,0.03906622,0.008377509,0.117421485,0.1624043,0.08455709,0.046279203,0.034167487,0.08230433,-0.029974604,-0.020852573,0.08634512,0.008194928,-0.036264606,0.06388278,-0.01734377,0.07801706,-0.09628362,0.042097542,0.019239763,-0.08308586,0.1671353,0.041101534,-0.03131729,0.024305582,-0.085913956,0.019215567,-0.0122141335,-0.11884436,0.0065463684,-0.015748952,-0.0016977648,-0.029145585,0.12778592,-0.062435884,-0.04845758,-0.07448927,-0.0063871457,0.020935595,-0.05378351,0.013049815,-0.046120558,0.14834133,0.065259196,-0.03903328,-0.05965018,-0.049605105,0.038328793,-6.599981e-05,0.03926267,-0.0049325093,-0.11353903,-0.079674415,0.00797,-0.032374848,0.0067643765,0.052280568,0.034316074,-0.0685532,0.09263629,-0.06413103,-0.07469186,-0.01833502,0.012877704,-0.06089169,0.044030253,-0.020750232,-0.038958795,0.14088431,0.024748543,-0.031510375,-0.014690113,-0.05608674,0.008622583,-0.097181015,0.04209042,-0.09416009,-0.03540536,0.035367806,0.06039379,0.0058748284,-0.06236799,0.008911685,-0.039813187,0.19403549,0.032652788,-0.076073326,-0.045150157,-0.10224081,-0.16580287,0.045471285,0.013658253,0.03185892,-0.015044952,-0.0488997,-0.057759322,-0.14320013,0.009279287,0.06306631,0.05461297,-0.05098071,-0.07989043,0.013446886,-0.0010281141,-0.104077265,0.06290658,0.030502485,0.035853777,0.07822315,-0.04683622,0.09667547,-0.059579507,-0.045026977,-0.00089772703,-0.04625084,-0.04682817,-0.0710313,0.08217846,-0.13514772,-0.030287344,0.018747274,0.013209411,-0.0071877507,0.015671235,-0.016328985,0.0012207128,-0.10989581,0.021235462,0.0434082,0.028191842,0.016303146,-0.09867618,0.12077654,0.084102236,0.12105382,0.06751052,0.091059946,0.062424187,0.08880606,-0.018397454,-0.019962499,-0.13395037,-0.008636751,-0.08147793,0.04057128,0.11805147,-0.021892449,-0.050932273,0.038489155,-0.07361004,-0.008282716,0.12557372,0.049315814,-0.12920476,0.010959109
TCGA-BH-A0H3-01A,-0.019498616,-0.09987988,0.15602659,0.025354935,-0.11255779,0.10077679,0.14207384,-0.022651708,-0.03211973,-0.057075087,-0.05603936,0.042938583,-0.008570685,0.11243635,0.17874563,-0.057566844,0.013412354,0.036881987,0.012885488,-0.056192547,0.006410722,-0.09894207,-0.0007046247,0.07591458,0.05632234,-0.08318921,-0.071345955,-0.0204126,-0.011728411,-0.041028894,-0.05947427,0.058115836,-0.049773857,-0.12851682,-0.12374857,-0.034282774,-0.07393927,-0.07096817,-0.012044166,-0.047082495,-0.01697195,0.09512162,0.10633043,-0.17459956,0.0062002926,-0.085267566,-0.015636986,0.07554414,0.12656596,0.1229664,0.04688164,-0.0003863447,0.068427645,0.08195688,0.0045677754,0.014779105,0.088414066,0.024985174,-0.05399231,0.069890894,0.038649622,0.0018336099,-0.08309043,0.11588291,-0.07932575,-0.08828917,0.10345232,0.028546207,-0.061397087,-0.020488188,-0.084512234,-0.031813607,-0.07226705,-0.14532611,0.09788515,-0.049303893,-0.028542181,0.032420717,0.03068297,-0.038590793,-0.000858658,-0.03477489,-0.018953737,0.041604236,-0.045321953,-0.09794623,-0.05248154,0.10341914,0.08793844,0.023903975,-0.010278618,-0.034105543,0.08959855,0.063735396,0.04558253,-0.032313157,-0.015832579,-0.08263769,-0.0066605066,-0.053436894,-0.041121934,-0.018551968,0.0008845992,0.0012557723,-0.0067009064,-0.05151492,-0.10326893,-0.11940056,0.012589814,-0.06128073,-0.09185819,-0.08186451,-0.047809664,0.123363696,0.039264876,-0.10806402,-0.0068245167,0.010436178,0.08847131,-0.019753397,0.09519563,-0.058412503,0.11455427,0.058238406,0.049201235,0.021234086,0.01800213,0.00743981,-0.06421218,0.11790739,0.18928684,-0.019897893,0.014503321,0.038524106,-0.20770565,-0.012980307,-0.051028278,-0.043129556,-0.021105599,0.08532229,0.03801739,-0.084006384,0.0025751314,0.008372828,0.028606245,-0.05689448,-0.09741864,-0.023049127,-0.02692484,-0.056143,0.14500177,-0.0057832333,0.021204814,-0.006732599,-0.015280785,0.024243418,0.02731872,-0.061304342,-0.06216756,-0.066317484,-0.08814971,-0.056227397,0.06605039,-0.1641324,-0.043320145,0.042895112,0.13176233,-0.03867856,-0.022621416,-0.018195368,0.041111473,-0.0467217,-0.018791065,0.008568515,0.07366296,-0.030999642,-0.028388979,0.08801115,0.005480941,0.11576196,0.032637525,0.004971881,-0.12444645,0.02154556,0.038364165,0.026519785,-0.16127042,-0.042042248,-0.068132386,0.005241375,0.03320046,0.021284891,-0.054267872,-0.016575936,0.018555779,0.08587514,0.10441934,0.08211074,-0.07724694,-0.01690945
TCGA-D8-A1J8-01A,0.043756474,-0.040789522,0.07942304,0.09143171,-0.008962546,0.057244174,-0.06792743,0.059395805,-0.025647879,-0.014351128,-0.053206664,0.025215918,-0.06519105,0.108726725,0.12887411,-0.08359675,0.023528848,0.080129914,0.00021995115,-0.14072442,-0.030415695,-0.1164715,-0.05829142,0.13812423,0.02117414,-0.04796072,-0.19301373,-0.016871547,0.018664781,-0.020814527,-0.06666935,-0.080504104,-0.023589078,-0.1735121,-0.06629272,-0.044156015,0.031095069,-0.0010575989,-0.1121228,0.022450842,0.040078517,0.07616808,0.06448928,-0.08782949,-0.021771375,0.00010493935,-0.037477415,-0.0017984498,0.031264078,0.21167688,0.10906727,0.027469851,0.020174814,0.13257809,-0.077171326,0.0837365,0.033467967,0.116738476,-0.09784517,0.03567743,0.046294775,-0.086532585,-0.05946994,-0.022569912,0.033916876,-0.009335073,0.10165449,0.0046461695,-0.07565892,0.026889527,-0.14533,-0.017731467,0.081730746,-0.18331422,0.08922869,-0.0110178385,-0.08878103,0.0054579554,0.06633673,-0.021834455,0.036280394,-0.09921701,-0.00030540343,0.06277231,-0.04003618,0.0072828946,0.016658813,0.0821456,0.04652471,-0.11222011,0.09701662,-0.06192658,0.06847174,0.035411138,0.036956728,-0.06821569,-0.07123284,0.025498386,0.0059101917,-0.024579868,-0.021586612,0.043665722,0.051199216,-0.07183568,-0.035049357,-0.051968284,-0.012865278,-0.05097764,0.016697725,-0.09745095,-0.046533294,-0.16087721,-0.08382139,0.10716692,0.090518974,-0.10489018,0.008210225,-0.052980375,-0.080556594,-0.029924098,0.09514124,-0.04923876,0.028425118,0.10497661,-0.017099518,0.033722542,-0.063964054,0.1140488,0.03466278,0.078479014,-0.010530316,-0.09918624,0.064866096,-0.09024911,-0.11423049,-0.01662809,0.008443433,-0.032337643,-0.031053144,0.0060958737,-0.07985439,-0.1607653,0.0038797813,0.019350626,0.09064438,-0.02897287,0.0009901782,-0.01907199,0.063139684,-0.07924511,-0.0939917,0.06715569,0.09720359,0.07677273,0.0020610087,0.062147275,0.011121187,-0.07914385,-0.030051,0.027686166,-0.040054787,-0.056702845,0.044743873,-0.12647009,0.008142446,-0.01076828,0.09083788,0.029574135,0.05123076,0.01489954,0.016402341,-0.11644134,0.054487396,0.008600723,-0.03385522,-0.0072024614,-0.006609317,0.0474175,0.040019024,0.15630187,0.027740702,-0.073093764,0.048134707,0.079648666,0.06972564,-0.00070815644,-0.11096094,0.0077785747,-0.023595449,0.007853775,0.120554745,0.01561746,-0.024436818,-0.028172225,-0.002785367,0.11229666,0.065865226,0.06310329,-0.072912015,-0.0023627735
TCGA-AR-A2LR-01A,0.0558558,-0.049636688,0.13333778,0.040572654,-0.02602969,-0.0044911937,-0.0075688604,0.07030378,-0.009286847,0.021183323,-0.08157671,0.05554175,0.008602003,0.14512254,0.075318694,-0.02837025,0.09824654,0.08630814,-0.026726093,-0.19942367,-0.015900964,-0.07990944,-0.024726275,0.07531495,-0.035658218,-0.0879621,-0.09782978,-0.018785145,0.02174071,-0.05095224,0.04023913,0.016179433,-0.13714793,-0.18190892,-0.041922506,-0.13675131,-0.10161467,-0.021922337,0.017210534,0.013216179,-0.05109892,0.09694997,0.037044153,0.018625965,-0.04564998,-0.041626286,0.03006554,0.0053516505,0.016398937,0.12453767,0.00562452,0.052834928,0.11057459,0.08728154,-8.8557936e-05,-0.0070917304,0.05467944,0.018452613,-0.08968372,0.0118402485,0.10622423,0.05378028,-0.10990206,0.11204266,-0.041032076,-0.014662057,0.107473254,-0.035558473,-0.039747182,-0.0034286678,-0.08478467,0.07294141,0.038350686,-0.22489493,0.14415929,0.07270782,0.0028242008,-0.0011813662,0.08729164,0.019993637,-0.051206004,-0.03254358,0.0042116186,0.04727899,-0.1406864,-0.12296118,0.05289993,0.11112037,-0.032802638,-0.07779091,-0.052971706,-0.106755815,0.037859295,0.09095413,-0.0043657236,-0.017527444,-0.012811716,-0.039608706,0.0854387,-0.00967877,-0.12050846,0.014471797,-0.059107874,-0.13972798,0.034794573,-0.02635088,-0.04791032,-0.026220972,0.0070386385,0.053157337,-0.013747625,-0.015741032,-0.06184012,0.2021922,0.07335475,-0.06343555,-0.12246585,-0.060299832,0.06720721,-0.047813177,0.06325517,-0.06646569,0.09224897,0.048572462,0.07201786,-0.0058158305,-0.03755493,-0.0029492527,-0.004238386,0.1246756,0.10412844,-0.08950373,-0.0010606097,-0.023882963,-0.1283018,0.015233817,-0.040652066,0.007200376,-0.042184997,-0.054961897,-0.078149274,-0.08068607,-0.029753137,0.029305357,0.109025076,-0.0647571,-0.092512056,-0.0013310665,-0.041558176,-0.044257496,-0.014499593,0.054794367,0.07970818,0.008394808,-0.018683152,0.12454924,0.036199246,-0.06558347,-0.02259059,-0.032874037,-0.0078016636,-0.023563718,0.03327198,-0.047174357,0.05495488,0.0004748757,0.08589104,0.14569782,-0.027726637,-0.03690795,-0.04319776,-0.03802747,0.057802655,0.04857141,0.045509554,-0.011320152,-0.051591225,0.0821071,0.1372456,0.12891588,-0.013449251,0.042635538,-0.02775016,-0.01852827,-0.022353828,-0.019573927,-0.025894197,0.020130062,-0.028982263,0.010486822,0.08012111,-0.05851756,-0.066011235,-0.07492209,-0.032143492,0.09501236,0.07895147,0.017014373,0.0001608288,-0.1159751
TCGA-AO-A0JE-01A,0.033478092,-0.06756545,0.07292599,0.054712903,-0.09804647,0.04323491,0.014135855,-0.026994694,-0.151443,0.007123261,-0.042155713,0.0020273784,-0.06176842,0.12072142,0.09562726,-0.08936883,0.07994409,0.14019579,0.06537408,-0.027617455,-0.03773182,0.022306232,0.002365836,0.0111283045,0.028671242,-0.031756233,-0.13539119,-0.05866402,-0.03389427,-0.056631103,-0.1162092,-0.05135881,0.008676234,-0.06698619,-0.0894712,-0.09178768,-0.0008296109,-0.04161265,0.00020731566,0.032032836,-0.014486454,0.035477266,0.034868732,-0.09320554,-0.03956043,0.04594863,-0.058038898,-0.100536495,0.0328613,0.049633473,0.10099857,0.057649065,0.012051467,0.11316892,-0.06994338,0.020403897,0.08569198,0.00872448,-0.11222754,0.04196998,-0.003379563,-0.011072704,-0.029590549,0.03592518,-0.00759909,-0.11801728,0.12503444,0.041345436,-0.10506488,-0.08778072,-0.111002,0.028852439,-0.068891786,-0.1827817,0.071817994,-0.0069335867,0.03497526,0.014249502,0.10685491,0.06076735,0.03823076,-0.06842095,-0.025851753,-0.0118907,0.05724727,-0.1339948,-0.046281766,0.21075153,0.05258822,-0.0399739,0.015212658,-0.104593344,0.002531017,0.036613688,0.09648283,-0.02532812,-0.07721133,-0.057633244,0.054906547,-0.08088796,0.0055090394,0.043954927,0.05350084,-0.07456459,0.045533013,-0.06564836,0.014169865,-0.065786034,0.072695,-0.019090222,-0.04402414,-0.06160039,-0.119101994,0.02055992,0.061548103,0.0033881168,0.051343452,-0.080050744,-0.01680471,-0.037187725,0.12512398,-0.09825705,0.13314866,0.07064707,0.004189462,-0.00709706,-0.1105738,0.030486982,-0.011955313,0.15280475,0.0053113285,-4.0225514e-05,-0.040033128,-0.011581167,-0.16440433,0.04296253,-0.033247117,-0.035843913,-0.019002208,0.086264744,0.16505516,-0.10449346,-0.003268938,0.0762721,0.06743935,-0.085594706,-0.06733656,-0.0934323,0.01022022,-0.041264087,0.020348696,-0.056679662,-0.0047902204,0.08382804,-0.012623697,0.04732022,0.023659365,-0.039263424,-0.08608205,-0.02776259,0.09490195,-0.038666066,0.10927833,-0.1476739,-0.018876037,0.06728891,0.046402507,-0.026187507,0.016581563,-0.06515292,0.018806957,-0.12928878,0.03840877,-0.043192104,-0.00332471,-0.031120108,-0.048241217,0.093197025,0.08097523,0.09037688,-0.024672732,-0.08838658,-0.07216247,0.06805771,0.12500258,-0.040872883,-0.049147982,0.021042857,-0.06635926,0.107463025,0.11271662,-0.0728072,-0.014797271,0.029523347,-0.008968967,0.049137473,0.045795333,0.08081099,-0.015543767,-0.1036087
TCGA-AC-A5XS-01A,0.01242909,-0.062362764,0.12618472,0.06366673,-0.082199454,0.14331834,-0.06707705,0.082228966,-0.0691659,0.083425395,0.022378774,-0.03335184,0.057089195,0.06930707,0.0980075,-0.08188186,0.060756803,0.10166047,0.051891148,-0.06099206,0.011670412,-0.02945168,-0.011510265,0.049451813,-0.022750268,0.013268085,-0.20299421,0.05486376,0.049152263,-0.009917409,-0.024998296,0.0055140113,-0.15259291,-0.08494292,-0.1813602,-0.1427354,-0.052657507,0.032857113,-0.053961832,-0.04325245,0.041408546,0.11976988,0.023183249,-0.12910864,0.064335376,-0.039167836,-0.01077639,0.10535738,0.12120022,0.20474051,0.011689581,0.05724625,0.0019993214,0.103142425,-0.00813158,-0.013333928,0.06939028,0.095553845,-0.053477436,0.049333643,0.068194024,-0.12806727,-0.08774824,0.016131563,-0.0011757842,0.021077035,0.10299042,0.041788578,-0.09435228,-0.013071094,-0.1179118,0.016008565,-0.025877737,-0.17739119,0.050056472,-0.06391643,-0.07950736,0.011211724,-0.008291831,0.04771416,0.11965048,0.026040975,-0.012411624,0.14353684,-0.05749749,-0.010555463,0.00068388064,0.09143571,0.07278352,0.040914062,0.043411054,-0.036428984,0.0008442358,-0.020036897,0.05658669,-0.081993334,-0.08141759,-0.039150983,0.00097484386,0.032496292,0.070655845,-0.0055516567,-0.055385426,-0.049874965,-0.042257607,-0.057088412,-0.0926484,-0.054160867,0.07961449,-0.049723197,-0.018216647,-0.14056532,-0.08205486,0.022242397,0.067088455,-0.09756534,0.007987462,-0.0589467,0.00082141085,0.017862707,0.0805713,-0.10119327,0.099993676,-0.01410415,-0.014218722,0.030080544,0.017891072,0.10002014,-0.075535804,0.0654975,0.07142187,-0.08776909,0.06485094,-0.0028974134,-0.14633565,-0.036083184,-0.052077435,0.0060469513,-0.03771533,-0.0046623466,-0.012172847,-0.067719094,-0.029549116,0.047808193,0.065834925,0.019595113,-0.10197978,0.018367367,-0.062052827,0.07749878,0.017100772,0.029614098,0.037566688,0.1306356,-0.016450694,0.060258515,0.088252164,-0.1692896,-0.0235879,-0.028281603,-0.0337998,0.020121709,-0.013522166,-0.11525239,-0.09231979,0.04342912,0.05322202,-0.042224642,-0.01740426,-0.022940086,0.0022333518,-0.06929987,-0.05073607,-0.03644857,0.09665816,-0.053657718,0.01626956,0.033217024,0.02277106,0.12518118,0.03426988,0.0039037026,0.035069387,0.05813696,0.01874566,0.0040734457,-0.10117211,-0.10913813,-0.061788205,0.015049083,0.09722977,0.009081539,-0.079900354,0.058725793,0.017106773,0.0366156,0.10689753,0.022222944,0.010120024,0.04837205
TCGA-A7-A4SE-01A,-0.0563795,0.00045715334,-0.04926638,0.1397864,-0.004270909,0.046049386,0.0018180343,-0.0039171684,-0.027984742,0.011348726,-0.003494539,-0.016716052,-0.0052845743,0.12760566,0.013375099,0.018751634,0.02361856,-0.08491494,0.036411528,-0.10261074,-0.01440399,-0.027697293,-0.07521195,0.09619734,-0.19316548,-0.055726137,-0.1461897,-0.04050095,0.057392422,-0.024870291,-0.022244511,0.09255175,-0.09673064,-0.17497747,-0.13734907,0.024373002,-0.01589403,-0.07209399,-3.9012277e-05,-0.08233501,-0.0050845807,0.1096105,0.13683096,-0.090480536,-0.009657137,0.042582724,0.020424578,-0.06923024,0.101885185,0.038871173,0.041804224,0.030131644,-0.025029019,0.096532,-0.01001307,0.05088689,0.0873658,0.04877593,-0.09008021,-0.027668666,-0.05282551,0.057135634,-0.07453338,0.11773563,-0.063529715,-0.10435636,0.22192155,0.044485703,-0.037559938,0.0010692275,-0.108767554,0.04121222,-0.09403059,-0.16587943,0.11772096,-0.00039500158,0.051027898,0.024195785,0.13551702,-0.057758007,0.074267596,-0.037264988,0.030583153,0.010863397,0.0007186255,-0.070906624,0.037299924,0.06412595,0.052820295,-0.09838725,0.057506334,-0.09628035,0.06531197,0.06154592,0.0070945616,-0.06683279,-0.041984178,0.01117135,0.1537841,-0.10221184,-0.04476782,0.013793031,-0.045048255,-0.061347593,0.025525833,0.065746665,-0.028777871,-0.11315209,0.040734693,-0.04881714,-0.07286585,-0.059525967,-0.02527983,0.012219784,0.11059153,-0.06466536,-0.039129704,-0.1250459,-0.04448383,-0.03794366,0.12705141,-0.09270988,0.06502382,0.07393904,0.04553403,-0.03585841,-0.04144915,0.054066412,0.037009902,0.09408129,0.039374348,-0.059659183,-0.0886072,0.0034138567,-0.10311428,0.0036355034,0.07720795,-0.07746362,0.005270932,0.053929072,0.017644744,-0.09362754,-0.025287263,0.01868022,-0.0022466108,0.03366589,-0.18641873,-0.123660535,-0.0057815653,-0.07430991,0.054536678,0.00026679586,0.0017878598,0.021498958,-0.02638711,0.081034884,0.08420695,0.058822434,-0.011982488,-0.023697356,0.097006395,-0.06883246,0.022718871,-0.17976323,-0.06449937,0.10772599,0.06565956,-0.022615375,0.019876877,-0.059777357,-0.027327888,-0.076076925,0.05415317,-0.023148065,0.08792875,-0.096424304,-0.06374013,0.05327054,0.010501167,0.089482516,-0.012383466,-0.07711245,-0.0231207,0.04458067,-0.019011687,-0.07231555,-0.030998316,-0.045418806,-0.0264303,0.07975718,0.010024501,-0.029282914,0.02084487,-0.011526003,-0.036576565,0.04424272,-0.031355362,-0.032360878,-0.05519708,-0.013688141
TCGA-S3-A6ZG-01A,-0.1077248,-0.0032360968,0.062869675,0.029452857,-0.041933652,0.009757725,0.030247645,0.06311562,-0.018794937,-0.035808537,-0.10067539,-0.11559145,-0.010355202,0.12386577,0.0500528,-0.013033761,0.0020862196,0.04027523,0.047128998,-0.07193437,-0.081535645,-0.043004323,-0.1093445,0.1368465,-0.017630091,-0.05920725,-0.20371774,0.0043619554,0.06452525,-0.14935106,-0.04692485,-0.01049921,-0.13267814,-0.14216739,-0.033306573,0.013702849,0.010044995,0.029616235,0.005765853,-0.06381967,-0.035340093,0.058984514,0.08477334,-0.15683383,-0.012973733,-0.048892573,-0.015001791,-0.018521003,-0.033524793,0.0372653,0.040163074,0.06606549,-0.0034008403,0.054068916,-0.008578967,-0.0059311064,0.01823317,0.0027983894,-0.012932621,0.1134317,0.04288045,0.06977719,-0.038458977,0.06253216,-0.05742695,0.007199592,0.1077847,0.02855127,-0.13152817,-0.04905223,-0.12097917,0.04719621,0.022392498,-0.17398009,0.07966763,-0.059256468,-0.054250605,0.14023179,0.10389396,-0.011834546,0.019641738,0.0265916,-0.0753762,0.019000467,-0.049220044,-0.0910539,0.032172732,0.019574683,0.13165566,0.028586777,0.15835536,-0.14575338,0.021884969,0.014983941,0.09095336,0.012113838,-0.06320752,0.07575047,0.097694,-0.056082465,-0.031182224,0.00016818174,0.044431057,-0.053182032,-0.029390631,-0.014569963,0.054290734,-0.08988567,-0.031054208,-0.025549555,-0.048337687,-0.02211207,-0.11305507,0.058617055,0.13390332,0.014505037,-0.09505676,-0.025905764,-0.14980698,-0.023457082,0.14221732,-0.10937389,0.029248103,-0.018219745,-0.03323704,0.039045036,-0.042071544,0.02075518,0.10988436,0.07987737,0.047022983,-0.016373316,0.0050426614,-0.05396978,-0.05096453,0.06261778,-0.06639277,-0.033951487,-0.063499175,-0.021189485,-0.038722645,-0.104697965,-0.05321971,0.012819838,0.022700671,0.042785227,-0.1300195,-0.08647557,-0.049892418,-0.039195254,-0.042870563,0.009781625,0.14539659,0.023730371,-0.011979042,0.018608013,0.13066378,-0.042632874,-0.0122968145,-0.018358538,0.04691562,-0.087550744,-0.04658453,-0.13090773,-0.020030439,-0.016446205,0.10860399,-0.083358526,-0.03418101,-0.025466092,-0.008114592,-0.0158632,-0.03865705,0.06937318,0.0036637373,-0.034972973,-0.18361826,0.043963492,0.17180267,0.11980123,-0.11122455,0.04670547,-0.06474339,-0.0092496,-0.017917078,-0.065624975,-0.08264197,-0.005040697,0.03627176,0.052006777,-0.01924412,-0.056544416,-0.06076814,0.002024285,-0.02759445,-0.0279405,0.09409678,0.026069805,-0.018209942,0.008183327
TCGA-BH-A0DS-01A,-0.005417085,-0.090322115,0.1405432,0.09670421,0.019204335,0.091310285,-0.0947926,-0.021316359,0.058538493,0.025273992,-0.025739718,-0.0350243,0.0168346,0.08299296,0.115024924,-0.07797477,0.1154235,0.076548025,0.014571268,-0.05404371,0.06790414,-0.08101464,-0.094395615,-0.042832535,-0.05590696,-0.08295399,-0.19545847,-0.036625158,0.066561826,-0.014025079,-0.07776991,-0.041992437,-0.13564141,-0.19078724,-0.101548195,-0.12945846,-0.03389386,-0.04744858,-0.018596305,-0.023854787,-0.011444858,0.08436072,0.033116944,-0.032233797,-0.020275248,-0.103695646,0.013706943,0.08268249,-0.012842336,0.08954785,0.12233728,0.051159713,0.0037691193,0.0633584,-0.03453389,0.019130664,0.08451637,-0.018596198,-0.04225254,0.074227855,-0.010917817,0.05263292,-0.09582221,0.02346967,-0.03518865,-0.006251025,0.1473196,-0.024645673,-0.1363402,0.060492203,-0.108703196,-0.011287779,-0.014638265,-0.070361674,0.100629404,0.0023763967,-0.02694199,0.05757787,0.095723204,0.040607918,-0.038399186,0.0033125333,-0.08565808,0.019546213,-0.046167184,-0.049870238,-0.028128553,-0.04208237,0.15691501,0.03759029,0.0626981,0.01019679,0.02357372,-0.035531383,0.03308205,0.003650289,0.015421,0.01713335,0.04773885,-0.0014518081,0.028257946,0.06434057,0.02309414,-0.06354177,-0.08913201,0.021821981,-0.06477641,-0.1330215,0.007701693,-0.03918611,0.0011982975,-0.098473564,-0.06796246,0.09767052,0.21036595,-0.046635766,0.033100896,-0.053112034,-0.05819286,0.07419472,0.08535746,-0.032861788,0.07684523,0.034880623,0.012505617,0.0030161308,-0.029052366,0.09206334,-0.015505546,0.1136957,0.070538536,-0.0016441982,0.03065163,-0.007231341,-0.106094055,-0.00855673,0.016816916,0.09119923,-0.09362579,0.0053835423,-0.011073766,-0.18654458,-0.018703256,-0.042206965,0.059360977,0.046289634,-0.048834823,-0.0860397,-0.038628515,-0.0003238794,-0.0033762516,0.0074980017,0.06405308,0.08018822,-0.032270957,-0.04095336,0.08324836,-0.15257695,-0.038485527,-0.08335755,-0.016555144,-0.016699016,0.15498431,-0.099506356,0.016854962,0.00507789,0.052018736,-0.032888792,-0.02345549,-0.0042246752,0.021704538,-0.023533521,0.030797038,0.07355268,-0.00188828,-0.023047814,-0.006662118,0.134233,0.1354878,0.12931517,-0.005073297,-0.048890106,-0.010698263,0.047047846,0.0954229,-0.034273837,-0.18252811,0.03953858,-0.05798161,0.062142223,0.0032316912,-0.019168846,-0.08317428,0.012484113,-0.00058552955,0.085837245,0.072034664,0.110856384,-0.01358189,-0.012128578
TCGA-A7-A13D-01A,0.0045880103,0.042101476,0.10174158,0.119412,0.013763934,0.013799392,0.02325378,0.0943037,-0.032401286,0.071023814,-0.031438623,-0.08139089,0.0243997,0.17781842,0.06426092,-0.034833845,0.027579315,0.05571703,0.026871204,-0.07925292,0.06473796,0.0105644455,-0.012305025,0.06879221,0.015909765,-0.046468634,-0.12622705,0.020368846,-0.026309015,-0.101829275,0.028633747,-0.051616754,-0.065387584,-0.08292818,-0.07580515,-0.19940148,-0.09778244,-0.014786887,0.07964378,-0.119033575,0.070710234,0.12596269,0.07363073,-0.016120734,-0.03168425,-0.013881276,0.04688604,0.05029908,0.042125832,0.08957546,-0.025852248,0.081044324,-0.0012886894,0.108103864,0.0051309657,-0.004839882,0.06215499,0.0047644055,-0.100609235,0.06280002,0.07159603,-0.032776866,-0.0868503,0.07283975,-0.035407174,-0.041793935,0.15231295,0.038008966,-0.07826137,0.05228804,-0.08435389,0.041187745,-0.027324742,-0.2224025,0.081838995,-0.03021728,-0.007020012,0.012336512,0.13714668,-0.029331468,0.052158013,-0.070222445,-0.02387518,0.062393174,-0.08837244,-0.11305701,0.08948976,0.11629549,0.07754239,0.0069243023,0.06725323,-0.02175979,0.08173164,0.05172852,0.058350798,-0.050084043,-0.016488237,0.026379317,0.01808532,-0.059445154,-0.00074303686,0.029566212,-0.06345951,-0.039680008,-0.021579107,-0.042067043,-0.05029725,-0.040773585,0.071787894,0.021576202,0.010325978,-0.14865737,-0.08595918,0.16293414,0.16537957,-0.07334816,0.07157433,-0.1748095,-0.04789222,-0.018251952,0.0754348,-0.03717274,0.046667513,0.03635697,0.044008695,-0.0039843936,-0.068789154,0.04036652,0.0043871505,0.16429654,0.063130096,-0.03567725,-0.087081134,-0.09022817,-0.0852773,-0.013983141,-0.004906987,-0.018660989,-0.04304913,0.061087728,-0.010256388,-0.07199988,0.032482766,0.0021005627,-0.03217475,0.054740183,-0.100229196,0.03747349,-0.03933235,-0.08416428,0.05428861,-0.019460652,-0.0068402267,0.08047979,-0.07747654,0.026748098,0.059776217,0.007719209,-0.010646345,-0.02496387,-0.01607321,-0.08034433,0.072312474,-0.2067982,-0.0109988805,0.01883524,0.013799805,0.049119815,-0.08998835,-0.06696444,0.007621459,-0.15704797,0.12264568,0.03253395,0.07389451,-0.014657012,-0.03757259,0.11254847,0.006570324,-0.0008999198,-0.09455741,-0.015156991,-0.06046396,-0.0037205801,-0.0067038867,-0.04140735,-0.05835173,-0.014857751,-0.06514486,0.044387147,0.072842486,-0.09457082,-0.069683544,0.051863346,0.0057587163,-0.013660564,0.08701099,0.00586472,-0.047146223,-0.029611947
TCGA-AO-A0JI-01A,-0.019066991,-0.0660148,0.03925703,0.01744447,-0.114422694,0.044464372,-0.04879397,-0.0005780602,0.0021739108,0.041271567,-0.037125446,0.046960842,-0.012687565,0.045996215,0.10339184,-0.13002993,-0.03878502,0.044352632,-0.07815935,-0.10767438,-0.053652182,-0.021143757,-0.031091062,0.057431575,-0.009918824,0.035121787,-0.082635604,-0.052930042,-0.057577882,-0.0090055745,-0.048079498,-0.008426013,-0.12882335,-0.12780164,-0.10069261,-0.12246121,-0.0139844315,-0.018027814,-0.10333758,-0.043307833,-0.025977334,-0.046177182,0.10463592,-0.021460347,-0.043171577,0.0021772292,0.003935884,0.0676943,0.023151625,0.064265884,-0.07809521,0.114325546,0.05447749,0.042491112,0.022411635,-0.018507712,0.1315402,-0.047891844,-0.10807641,0.0604702,0.06659949,-0.020603681,-0.093225844,0.07415719,-0.11207828,-0.028533936,0.13598421,-0.012298558,-0.13623333,0.008870943,-0.13258839,-0.0094597,0.083488084,-0.069880456,0.09783298,0.06318355,0.016241802,0.033599883,0.08993766,-0.07495839,-0.03078696,-0.07065347,-0.03547275,-0.0265127,-0.08448367,-0.06884728,-0.031554215,0.10463967,0.1410293,-0.04411259,0.034063112,-0.0673611,0.13836347,0.12036785,0.07345329,-0.08052989,-0.07689521,-0.037322313,0.03907971,-0.07324421,-0.032967728,0.07674022,-0.039244976,-0.10213536,-0.089802384,-0.001584081,-0.037708618,-0.1234067,0.055619292,0.0665664,-0.08391304,-0.077538244,-0.06722401,0.15733139,0.055224385,-0.048085786,0.025439767,-0.06367708,0.018201351,0.06315536,0.016745076,-0.08784299,0.09254412,-0.04460446,0.043336418,0.06916814,-0.024595134,0.046860617,-0.0076181265,0.07657693,0.07179163,-0.048381425,-0.0131262755,-0.03647709,-0.06167994,0.021866338,-0.11361512,-0.0015532502,-0.031233966,-0.042428724,-0.09077351,-0.16883235,0.03323898,0.009711764,0.008019234,-0.10914555,-0.11977611,-0.0028507814,-0.10182292,-0.010130994,-0.055661537,0.018438347,-0.08039978,-0.0045023286,-0.0878906,0.014311452,0.018949522,-0.04059846,-0.035866205,-0.052534368,-0.04084207,-0.1027405,0.014410861,-0.21477498,0.05473681,0.09624549,0.075735904,0.06474841,0.04488311,-0.086073846,-0.060869247,-0.041524805,0.052047238,-0.01374299,-0.0334971,-0.02956498,-0.04891213,0.11506937,0.051511493,0.09179409,-0.043903284,-0.010576757,-0.074327655,0.09771795,0.13374327,-0.08171244,-0.039655603,-0.048691355,-0.13844302,0.030824954,0.10462764,0.031147067,-0.039057758,-0.052119117,0.022280728,0.016037727,0.050986614,0.09640295,-0.028458007,0.015060451
TCGA-BH-A5J0-01A,-0.04547708,-0.042158313,0.13469543,0.023767415,-0.0039223447,0.05753863,-0.052406278,-0.004697492,-0.029984768,0.04297339,0.02324604,-0.07959879,-0.010413905,0.13342023,0.13681526,-0.079044886,-0.035123494,0.05642537,-0.023296392,-0.020011624,-0.04247086,0.011335217,-0.077563055,0.039913192,-0.05648549,0.0077723423,-0.13428,-0.0839207,0.024951017,-0.084257506,-0.060563378,-0.057831395,-0.07884393,-0.11179871,-0.06692816,-0.10054759,-0.01719998,-0.0016838236,-0.025648354,0.022352504,-0.010649608,0.057432428,0.009420866,-0.111933574,-0.0012416035,0.04115962,-0.0777842,0.034170065,0.075517714,0.063850805,0.08041296,0.022434982,-0.08459321,0.0317975,-0.053603802,0.022130853,0.07790777,0.0271333,-0.027706085,0.13541882,0.122585654,0.010127342,-0.06521838,0.03031477,-0.095550135,0.014795553,0.08628856,0.059274897,-0.043839324,-0.10272768,-0.1279975,0.016835222,-0.047137633,-0.19323309,0.07398197,-0.07140474,-0.08423224,0.02572923,0.1736429,-0.013240472,-0.027987525,-0.0447446,-0.059190184,0.099190086,-0.07116463,-0.0820339,-0.0780789,0.057461802,0.113270245,-0.008368893,0.094689004,-0.048827864,0.02044506,0.044095792,0.06527291,-0.036583718,-0.15219195,-0.051599037,0.08848831,-0.16291781,-0.09339097,0.065042704,-0.05109004,-0.047028244,-0.007101577,0.023064915,-0.026276825,-0.08671165,0.00069663336,-0.07127372,-0.048745487,-0.056901075,-0.08037747,0.027396878,0.04775713,-0.075603925,-0.05992011,-0.0638737,-0.086280875,-0.07126558,0.11696717,-0.18393016,0.041190207,-0.0077027217,0.08893509,0.04663272,0.018621922,0.015449501,0.04785663,0.109291814,0.03067199,-0.13566123,-0.029069418,-0.0043000844,-0.1987439,-0.0757942,-0.029647384,-0.08184844,-0.074823774,0.05439879,-0.082077526,-0.07133344,0.0125915455,-0.094489545,0.019782493,-0.04899235,-0.08812202,-0.0015117482,-0.040930923,0.059467334,-0.026142085,-0.0063918084,0.051808897,0.007121531,0.0011162019,0.06576066,0.11220195,-0.03418169,-0.06552967,-0.04672775,0.063571095,-0.030527042,0.041766226,-0.09090692,-0.044363037,0.038792204,0.072976604,0.02694256,-0.0068126763,0.015306897,0.027277885,-0.15501076,0.028987953,-0.027990226,0.0014843576,-0.10819845,-0.13042004,0.060528327,0.048436247,0.104191706,-0.022214636,-0.013392358,-0.027061436,-0.028238976,0.024717448,-0.03425142,-0.11504078,-0.054834194,-0.010063303,-0.053258304,0.018078975,-0.08054679,-0.06418895,-0.015769957,0.09781204,0.019532474,0.12186439,0.09837023,0.018598903,0.0153749
TCGA-A2-A4S2-01A,-0.10555919,-0.11033035,0.13665573,0.058015764,0.037545502,0.088047355,0.11635224,-0.018927008,0.0058214352,-0.02611425,-0.01104894,0.019121245,-0.047815833,0.13736688,0.12792724,0.093228735,-0.03934818,0.032600533,-0.006950997,-0.07732934,-0.018193882,-0.11653558,-0.03294333,0.1642951,0.04759754,-0.0036150194,-0.13920699,-0.035292774,-0.0948847,-0.098878376,-0.057352394,0.085944764,-0.15523909,-0.12742746,-0.049843714,-0.107349984,-0.050458383,0.015001407,-0.12683092,-0.012936998,-0.016336856,0.04250567,0.08540265,-0.0752284,0.06342008,-0.006526657,-0.0025786997,0.12748238,0.009575096,0.11817442,0.14833213,0.013666987,0.006578215,0.085619,-0.015830085,0.018530259,0.09613688,-0.0013049273,-0.034648526,-0.022771737,0.033654626,-0.08622357,-0.05312685,0.059265994,-0.024049276,-0.014890339,0.10191162,-0.06456182,-0.0725585,0.06536987,-0.12859865,-0.017921226,0.03747601,-0.09780912,0.08215469,-0.009578948,-0.026728366,0.025642872,0.067672186,-0.09461241,0.06288138,-0.12825404,-0.1116281,0.03118181,0.009272229,-0.03355824,-0.008884213,0.02484154,0.19980326,-0.043424908,0.08713097,-0.15385209,0.044900734,-0.004648,0.023477964,-0.085791014,0.028972257,-0.033987984,0.055216927,-0.07890638,0.06361386,-0.01463609,0.07102235,-0.09722065,-0.04766068,0.040466126,0.014179565,-0.0043225754,0.056757208,-0.02261815,-0.010413523,-0.10164261,-0.08284576,-0.019259568,0.074236445,-0.016981719,-0.027272956,0.015162633,-0.13213925,0.023543382,0.058501843,-0.07757183,0.037995342,0.0463362,0.0579461,0.017051723,-0.016985241,0.03178738,0.020776687,0.054990046,0.06372112,-0.04612329,-0.07383232,-0.025263177,-0.06849616,-0.023052042,-0.06948268,-0.021434588,-0.08796436,0.05710243,-0.07603809,-0.043629944,0.0061323238,0.04672257,-0.050857924,-0.0044751153,-0.14698121,-0.042632576,-0.085092634,-0.06388525,0.009982631,0.04549584,0.050228428,0.05759338,-0.048594918,-0.07799579,0.033880513,-0.0351317,-0.036160614,-0.08438396,-0.059846137,-0.015605388,0.03966948,-0.10493772,-0.06278071,0.08233005,0.027165825,0.021031331,-0.037721273,0.035769425,0.081473574,-0.11288038,0.051224813,0.09540843,0.013183629,-0.097977504,-0.01481122,0.10151791,0.021361323,0.13391574,-0.04096035,0.04253616,0.019261515,0.01374809,0.09578281,0.013617654,-0.16252232,0.0035831877,-0.095918424,0.01161659,0.127086,0.011174899,-0.043138582,-0.06666957,0.07177142,0.035161138,0.054788567,0.1090158,-0.022141708,0.06885934
TCGA-EW-A1PA-01A,-0.061202202,-0.0154579235,0.11966408,0.14720193,-0.02692847,-0.040192317,-0.019082794,-0.031736404,-0.0495818,0.06003149,-0.09258981,0.058182787,0.011868926,0.16501762,0.08802705,-0.13787742,0.03485219,0.04746668,0.06149752,-0.07782334,0.023484178,-0.02171713,-0.04091476,0.12423094,0.04422954,0.028415475,-0.1389331,-0.0486968,-0.07375563,-0.07859145,-0.086014986,-0.006222107,-0.06123148,-0.06336488,-0.090136684,-0.097815044,0.039114073,-0.08468148,0.10444943,-0.021919249,0.013102379,-0.0058734585,0.023304475,-0.15398854,-0.081268854,0.00870907,0.005828402,-0.05657851,0.0626474,0.04108492,-0.042898145,-0.0057322457,0.044431567,0.05577603,-0.0649158,0.04846152,-0.00058960175,-0.049120612,-0.012782118,0.0038196591,-0.023095667,0.02686663,-0.13536203,0.035244588,-0.07998262,-0.062310304,0.12314492,0.03103268,-0.11436048,-0.030959962,-0.15581864,0.03975478,0.0015175958,-0.19151348,0.12693833,0.02557618,-0.10683893,0.037493307,0.073652655,-0.06889689,0.066549726,0.0213284,-0.030229218,0.01895354,0.028023161,-0.1189472,-0.0022986373,0.062148083,0.05351626,-0.037059568,0.0043924684,-0.08566271,0.005876035,0.0018641223,0.08053552,-0.15088889,0.03600036,-0.009726523,0.04096734,-0.044165693,-0.019655118,0.05702034,0.049305167,-0.07676447,0.06680662,0.0073254025,-0.09182992,-0.0379332,0.026081042,-0.045591947,-0.049569633,-0.08524422,-0.050418403,0.08871574,0.059737805,-0.08115592,0.054331508,-0.0768011,0.031663068,-0.009166874,0.043595005,-0.14841665,0.10782985,0.06264655,-0.005787946,0.018919745,-0.072329044,0.05125921,0.04195992,0.21552192,0.1009076,-0.1038581,-0.012568948,0.005861397,-0.14911035,-0.08946995,-0.016046185,-0.07286994,-0.024512349,0.030018188,-0.034865055,-0.14097945,-0.06886467,-0.018785039,0.07204221,-0.045492392,-0.10787614,-0.06766261,-0.0053625186,-0.0181562,-0.013604579,0.03796189,0.06899253,-0.003521133,-0.07860313,0.043373425,0.10411285,-0.09934319,0.0010631676,0.027056947,0.028043834,-0.011847824,0.023281675,-0.088282764,-0.023720056,0.07173174,0.07877867,-0.029205363,0.040698864,0.014505307,-0.011700865,-0.085546374,0.093264766,-0.101015545,-0.050159123,-0.067093864,-0.11789861,0.010523065,0.026984297,0.1562453,-0.05620296,-0.026230805,-0.05189346,-0.0043989783,0.00058762036,-0.024794847,-0.09944226,-0.10164071,-0.018552862,0.030466957,0.021966822,-0.10074788,-0.082270265,0.022773618,0.037198164,0.08109371,0.048248563,0.09722256,-0.006240162,-0.026551493
TCGA-AC-A62Y-01A,-0.010282159,0.06054289,0.054005675,0.042965915,-0.05309925,-0.019732453,0.000665078,0.04605051,-0.082677774,0.016325718,0.0033925944,-0.057802167,-0.011017838,0.10009275,0.07491796,0.007719648,0.03231242,0.15682045,-0.018097276,-0.01619019,0.0069497577,-0.060042933,-0.032791846,0.063823335,0.0054643517,0.0061926725,-0.15108903,0.033212222,0.042885225,-0.046186656,-0.029420568,0.06857184,-0.10293265,-0.14279228,-0.057139747,-0.09308565,-0.045717407,-0.01038953,-0.096177995,-0.035931386,0.09694096,0.079828545,0.16800725,-0.11515715,-0.043051574,-0.030470077,0.022521377,-0.047108635,0.09911094,0.03144766,0.06073249,-0.058877036,-0.011928027,0.03356506,0.040839035,-0.11247379,0.080878496,0.05857347,-0.06256382,0.094373696,0.019035414,-0.030607844,-0.06149515,0.0025664284,-0.0343246,0.03257058,0.025769642,0.0035294206,-0.09671072,-0.019532572,-0.07880669,0.021419892,-0.0382378,-0.21575497,0.13987917,-0.017173667,0.033698272,0.06777368,0.0795168,-0.030048681,0.06554336,-0.025631063,0.06602974,0.02787264,0.008646497,-0.08708759,0.040500525,0.09397496,0.03140856,0.008606527,0.14005452,-0.06551835,0.028899984,-0.061123185,0.09823215,-0.112847395,-0.10953701,0.047998443,-0.002255415,-0.08345359,0.08097941,0.020540293,0.11332028,-0.16002303,-0.043008476,-0.031587265,-0.058082115,-0.015280686,0.013377476,-0.07385767,0.020628044,-0.17499614,-0.007235041,0.15059502,0.14289138,-0.05416548,-0.032207806,-0.07066693,-0.04389537,-0.024542144,0.10359746,-0.045589063,-0.010698931,0.014269014,0.0037185955,-0.064195536,-0.023954742,-0.0089871865,0.0029058089,0.01123888,0.09518358,-0.2192599,0.04016743,-0.013505178,-0.19663927,-0.05207869,-0.08878103,-0.040711075,-0.071291886,0.047307536,-0.029760981,-0.07401719,0.032115925,0.06602564,0.07921601,0.09095513,-0.08355245,-0.06329746,-0.07356454,0.029888146,0.026845915,0.004187847,0.059156712,0.12804404,-0.026168915,0.042224646,0.003733245,-0.10174888,-0.05279465,0.059682842,-0.05853086,-0.046623502,0.013850602,-0.21357869,-0.020462355,0.07908619,0.06416224,-0.015786396,-0.013753359,0.006499422,-0.06598003,0.018651355,-0.07291024,-0.010652465,-0.017010132,-0.050127108,0.028868299,0.11511007,0.011504738,0.10064273,0.009551523,0.0042498163,-0.008131197,0.012183684,-0.006929421,-0.022637945,-0.09426227,-0.04336451,-0.04130336,0.025655098,0.051410176,-0.031301584,-0.05085889,0.07816535,-0.04054543,-0.042381354,0.04705725,0.09654289,-0.07244559,0.039067287
TCGA-BH-A208-01A,0.06725568,-0.029361993,0.01702635,0.082244664,0.037171483,0.073754326,-0.07970513,0.007224,-0.09107975,0.06405058,0.091028064,0.0004047716,0.005393142,0.07666365,0.10875057,-0.05316603,0.03017563,0.01081591,0.07098979,-0.027120871,-0.119888924,-0.00048176592,-0.09674735,0.04498014,0.03285664,-0.013048773,-0.073212266,-0.054196898,0.03908421,-0.06483004,-0.06546195,0.052360166,-0.013641745,-0.13131377,-0.11244445,-0.17118089,-0.015110659,-0.04724402,0.024242481,-0.052084018,0.040483624,0.098133996,0.0915004,-0.096427515,-0.09295416,-0.035418406,0.043144055,0.07117936,0.09957123,0.12861066,-0.00398219,0.031216364,0.052172102,0.06714766,-0.0496041,-0.021930387,0.10506674,0.112518385,-0.12423069,0.04805659,0.097742125,0.08656596,-0.008865306,0.021805614,-0.02650242,-0.06176771,0.10808052,0.048735738,-0.054197114,-0.008377423,-0.05865792,0.081477225,0.018104138,-0.122972056,0.017045876,0.014747094,-0.0075173336,-0.0043314453,0.080269925,0.048540376,-0.011773677,-0.034356944,0.02188904,0.021711309,-0.048394553,-0.077468984,-0.0009751886,0.01066922,0.08787963,-0.009328599,0.1459669,-0.10884629,0.019474959,0.15942939,0.10056432,-0.042127732,-0.17607269,-0.009945741,0.010754513,-0.058445036,0.013257105,0.14687134,0.04826246,-0.0042326427,0.026033511,0.0031171131,-0.111891545,-0.07108793,0.051102195,-0.020790687,-0.069702916,-0.074584164,-0.080961965,0.08220489,0.09383779,-0.009050889,-0.024299735,-0.026230782,-0.03757642,0.00862277,0.07361539,-0.1430859,0.04903799,0.012595236,0.09482053,0.05937664,-0.09945358,0.047671374,-0.036093596,0.19360936,0.08508987,0.0096207885,-0.0492443,-0.07673168,-0.15363126,-0.0686766,0.03589384,-0.047072943,0.042858455,0.08305034,-0.032623596,-0.15374282,-0.018023506,0.057221986,0.112463355,0.04779131,-0.10106126,-0.06396362,-0.017336804,-0.087501235,0.02250072,0.10659824,-0.014511635,0.033150695,0.0423582,-0.014656087,0.10451855,-0.08136335,-0.10338496,-0.027085172,-0.022059869,-0.032386634,0.100444764,-0.13380828,0.0010253818,-0.034285225,0.015004346,-0.04416842,-0.03979577,-0.062389288,-0.05648264,0.01465598,0.047285236,0.005591948,0.040504325,-0.036678206,-0.05692144,-0.0013502933,0.07176748,0.121042624,0.047976274,-0.059211254,-0.08230417,0.03986251,0.0583163,-0.081730455,-0.06349657,-0.054840162,-0.0037965418,0.01176847,0.0867461,-0.07009527,-0.12446557,0.039541118,-0.00781494,0.07995381,0.07870953,-0.015476221,-0.012956986,-0.086894244
TCGA-C8-A1HK-01A,0.014196166,-0.063419014,0.09160006,0.056716714,0.10935216,0.043252394,0.008557119,0.019858096,0.048623938,0.02801183,0.030384144,-0.047452517,0.03700003,0.15835208,0.1114414,0.017741486,0.023014706,0.08616296,-0.023988938,-0.051940937,-0.056736056,0.03093903,-0.061376907,0.112640575,-0.11389981,-0.053416234,-0.194444,-0.14832456,0.046334382,-0.15600027,-0.05122205,0.06723661,-0.087822646,-0.075857446,-0.06709672,-0.087696865,0.068553604,-0.015953911,-0.08727362,0.07550493,-0.092957355,0.07696231,0.0663443,-0.017855782,-0.035816476,0.031205537,0.093838684,0.050412748,-0.04438848,0.07944335,0.11168356,-0.031311598,0.024273673,-0.037254117,-0.07033567,-0.01825667,-0.009237743,-0.10672511,-0.00624376,0.06171854,0.06776974,0.09306303,-0.0026456418,0.041195624,-0.022407647,-0.019154109,0.12662837,0.06598258,-0.08644375,-0.0035537658,-0.14068925,0.0050894385,-0.018251462,-0.16209033,0.15606327,-0.09203091,-0.054138288,0.02724752,0.075370036,0.0832067,0.008841343,-0.10482508,0.0055880197,0.078829944,-0.0776114,-0.058403224,0.04232633,0.07631856,0.1068801,-0.061037015,0.054655656,-0.1235007,0.10243242,0.014043124,0.12693922,-0.043442097,-0.07694954,-0.016822882,0.040359605,0.022938635,0.023558434,0.1400524,-0.0071477285,-0.08408784,-0.042621262,0.047481693,0.009593381,-0.006292948,0.08101619,0.050737057,0.024412872,-0.029272828,-0.117473595,0.04494185,0.104486115,-0.026669368,-0.021312686,-0.015288646,-0.009315495,0.00831515,0.18035562,-0.0718933,0.12705138,-0.030886663,0.050352447,0.0063178446,-0.109439425,0.086161025,0.011817487,0.15948859,0.019226111,-0.06116939,-0.06235891,-0.06973965,-0.13056172,0.010939111,0.003942189,-0.055375323,0.03855572,0.075937495,0.04345287,-0.078365676,-0.11113619,-0.045365613,-0.01704165,0.010663241,-0.08157173,-0.032411203,-0.097524755,-0.04983114,0.013896645,-0.021020362,0.07122123,0.07552877,0.027868295,0.016891649,-0.0036481156,0.005145487,-0.07544723,-0.021891065,-0.021942072,0.001409827,0.031278227,-0.061728004,0.0017342987,-0.011057834,0.051165044,0.0037035425,-0.0673705,0.04096369,0.015139742,-0.014132172,-0.0018497835,0.014810517,-0.0046266955,-0.089096926,-0.03615614,0.08815747,0.08962527,0.110988416,-0.04567979,-0.004072323,-0.067994006,0.010292773,-0.02133527,-0.09644996,-0.022970444,0.038063295,-0.04797091,-0.011149589,0.14713795,-0.07857959,-0.075833306,-0.04255923,-0.023177853,0.08026936,0.06673792,0.15352917,-0.0011825208,-0.009880999
TCGA-A2-A0T6-01A,0.021466585,-0.088250786,0.06911148,0.018464677,0.070344485,0.07160931,0.012082359,-0.033503868,-0.04809098,0.0846887,-0.0130697675,-0.10367122,0.013090993,0.14048077,0.07559284,-0.006057006,0.021446517,0.08314521,0.057693165,-0.096625134,0.041968044,0.03292895,-0.011461261,0.012612335,0.0017159034,-0.047181964,-0.09472566,-0.070709914,0.04401781,0.0010887302,-0.085904166,-0.007495072,-0.121645525,-0.0383859,-0.09092714,-0.15286088,-0.007931404,-0.076384135,0.011015767,0.025267424,-0.08094955,0.16626284,0.06968244,-0.124649234,-0.06695513,-0.009752616,0.030182065,0.12581177,-0.0067790626,0.11311468,0.12249317,0.052570228,0.023539625,0.03849418,-0.11241173,0.037416417,0.11907743,0.09659476,-0.03390683,0.012846677,0.067830786,-0.023739345,-0.10788031,0.10725576,-0.027099006,0.05046852,0.11980866,-0.04391998,-0.10547444,-0.024134463,-0.123139076,-0.009126502,0.027499542,-0.26109275,0.12606385,0.026748478,-0.001267934,-0.013992308,0.09053862,0.00494197,-0.00031916436,-0.043574274,-0.07248172,-0.025746657,-0.015132201,-0.053041887,-0.07101282,0.102600716,0.055551775,-0.0934596,0.13484988,-0.1161511,-0.03504115,-0.013672829,0.10857107,-0.10636355,-0.0456755,-0.0038962713,0.009264686,-0.022876654,-0.08005249,0.06505433,0.046278223,-0.10061225,0.027469201,0.04283696,-0.032607157,-0.09255835,-0.08687157,-0.011594561,-0.0824125,-0.12165387,-0.04255786,0.043481436,-0.004013907,-0.019748816,-0.049709156,-0.020071806,-0.0075732437,-0.013522326,0.12986958,-0.08405024,0.099096484,0.040484563,0.08254692,-0.07509688,-0.094164714,0.02308233,-0.003590245,0.09168446,0.06029003,-0.049770266,-0.07628145,0.00859906,-0.18754035,-0.03891501,-0.16204803,-0.012835618,-0.010690746,0.05077311,-0.027884109,-0.044831257,0.010640733,0.03788601,0.027157491,-0.029922336,-0.078552276,-0.044664595,-0.07931967,0.067849465,-0.11867798,-0.013059299,-0.04563161,-0.014786077,0.06291959,-0.010372896,0.045415837,-0.07481492,0.030902503,-0.020419756,-0.11985244,-0.03089295,-0.011502422,-0.07713946,-0.039541498,0.035478782,0.024010884,-0.007889479,0.0533332,0.0913047,0.105781734,-0.051237296,0.051280346,-0.02180453,0.069397844,-0.020028602,-0.049367793,0.053911775,0.029300123,0.1397347,0.014020477,-0.04315512,-0.018452376,0.063351884,0.062219527,-0.0019583537,-0.04465211,-0.013571897,-0.033184476,-0.027021693,0.1259733,0.0019831033,0.0068276934,0.05823733,0.06911534,0.061564278,0.05233167,0.111732915,-0.0380333,-0.006987482
TCGA-AR-A1AK-01A,-0.008766109,-0.104185976,0.11657108,0.1132722,-0.015984382,0.08383227,-0.016295457,0.013378345,-0.09920921,-0.011373998,0.15135272,-0.009015894,-0.016345441,0.13273372,0.13438952,-0.08300885,0.040786367,0.04159056,0.0017221259,-0.054164723,-0.076922186,-0.13242364,0.008170751,0.0016659537,-0.0023545695,-0.03929576,-0.100540884,-0.024897961,0.07758335,-0.057358902,-0.109171666,0.012409865,-0.10066678,-0.052786525,-0.11078165,-0.09698326,-0.045762587,-0.04538672,-0.08027272,0.022574166,0.09592364,0.04525905,0.11462601,-0.10636159,0.0503377,-0.03076296,0.03076667,0.05347728,0.07623279,0.09248767,0.090734296,0.023511242,0.03733588,0.025758272,0.0014301223,0.03897236,0.086625546,0.04286892,-0.082505494,-0.012565718,0.013391001,0.04617182,-0.004694751,0.028572094,-0.017147176,-0.0005072227,0.1341696,0.017412405,-0.09634508,0.05394175,-0.05376631,-0.037710525,-0.03069841,-0.0927514,0.11114814,0.012522875,0.028686857,-0.059090037,0.09689409,-0.01799866,0.0034800242,-0.12430909,0.035239384,0.0862715,-0.06227874,-0.041532654,-0.012632124,0.032887843,0.0065136016,-0.048353232,0.024203729,-0.009532691,0.10081264,0.023508295,0.1353091,-0.1119263,-0.020625742,-0.021311544,-0.08229799,0.00043991642,-0.005918948,-0.005059296,0.10961508,-0.11638049,-0.020306552,0.085882895,-0.10995766,-0.114269815,-0.0015535792,-0.08316645,0.002957815,-0.12061119,-0.16434976,0.11633503,0.12233846,-0.06483502,0.0048719808,-0.06996447,-0.08965305,-0.0004922422,0.094953656,-0.058601413,0.004468826,-0.008586454,0.07805161,0.07305756,-0.16568615,0.049642097,-0.076236434,0.09300226,0.122274585,-0.07004698,-0.015800431,-0.03561889,-0.12712237,-0.03477752,-0.049497314,-0.008021874,0.007723232,0.030051317,0.013933688,-0.1666106,0.042927224,0.13113359,0.04858117,-0.06006471,-0.08328525,0.13063407,0.00918066,-0.03868665,-0.012587601,0.06377385,0.049511224,0.08267848,-0.031257816,0.027261468,0.08433082,-0.09166068,-0.12813121,-0.0456045,-0.033512294,0.038668826,0.010638352,-0.07554906,-0.07544211,0.07118309,0.103822045,0.053517595,0.0036403348,-0.03369466,0.027952727,-0.10956949,-0.009489846,-0.05601191,0.009292703,0.040393587,0.04321756,0.06386807,0.0547849,0.11565266,-0.112091415,0.01386033,-0.044126064,0.055489913,0.007948937,0.012946964,-0.06875558,-0.014911217,-0.0033577061,0.093622826,0.0027393098,-0.051773038,-0.057850838,0.034320652,-0.050813425,-0.052792083,0.052780025,0.105882235,0.051288556,-0.015204571
TCGA-E2-A1IH-01A,-0.07159853,-0.0017229485,0.13743493,0.048555706,0.092101485,0.060194418,0.0532735,-0.0050418153,-0.06495393,0.079804525,0.00375544,-0.029996723,0.03267271,0.10292952,0.14414461,-0.011779192,0.006833073,0.07437242,0.01409672,-0.044152934,-0.084502384,-0.03464745,-0.030970916,0.10003898,0.053712413,0.021833638,-0.081655435,-0.10377395,0.016196815,-0.08324198,-0.00020340315,0.049629793,-0.07710732,-0.16230357,-0.09489342,-0.07390284,-0.056183424,-0.014845697,-0.05275614,-0.064217836,0.017618326,0.12884507,0.11045118,-0.08695097,0.024132587,0.025083926,0.05169637,0.05921164,0.04431145,0.13333179,0.119559474,0.052583694,-0.030050782,0.19133773,0.004256818,-0.03301777,-0.039026335,-0.01012087,-0.037539396,-0.026562005,-0.008518623,-0.06287237,-0.068733886,0.05535326,-0.023943497,-0.055391733,0.07676849,0.1109554,-0.0032756112,0.03487656,-0.09106026,0.010997157,-0.037994962,-0.11829398,0.043745432,-0.0657983,-0.028988654,0.04071541,0.0914097,-0.083275974,0.047378216,-0.033664778,-0.09952531,0.10414121,0.022589691,-0.06801069,-0.006425399,0.119502224,0.15030806,-0.015145158,0.02892814,0.0029791964,0.09262297,0.06343609,0.08721175,-0.019473346,-0.009846436,0.0035775786,0.01131864,-0.039476223,-0.039714225,0.044682685,0.09034423,0.017894616,-0.06696826,-0.038859993,-0.16854523,-0.14557819,-0.006126988,-0.014782557,-0.06252035,-0.11489461,-0.04301235,0.09857281,0.10976488,-0.038039766,-0.009146831,-0.037534706,-0.010411202,-0.014184342,0.094241895,-0.17951281,-0.04603541,0.016179517,0.012803879,-0.0761398,-0.10395409,0.079792745,-0.00078177307,0.108621776,0.09343581,-0.02669844,0.008411336,-0.061303902,-0.18070318,0.04480765,-0.0057718307,-0.029094744,-0.0671632,0.0383598,-0.04411764,-0.024086025,-0.04762594,0.10618542,0.04944241,0.05465453,-0.12799424,0.0319974,0.0059404327,0.0047858693,-0.012765333,0.03505004,0.07991354,0.10060003,0.0008689446,0.009353957,0.09970298,-0.015746122,-0.08143204,-0.04577089,0.007521215,-0.05707686,0.040075123,-0.112298414,-0.05370265,-0.00398825,0.06599564,-0.048176777,-0.04255816,-0.041393165,-0.05744263,-0.059452467,0.06629021,0.028058741,0.07223826,-0.014186167,-0.07282898,0.07078831,0.1806742,0.08624302,0.047468446,-0.017525014,-0.07592693,0.009645281,0.049854998,-0.010241356,-0.101898246,-0.0073634735,-0.06224986,0.11059364,0.10023848,-0.0880595,-0.028787408,0.1166678,-0.0036374165,-0.08739867,0.06345903,0.0012268336,-0.05218389,-0.028127596
TCGA-AR-A0U2-01A,-0.005240136,-0.03958313,0.081709035,0.038257696,0.010370768,0.10252588,0.03127448,-0.016908135,-0.067678384,0.032168522,0.03119378,0.035936438,-0.006444123,0.070738666,0.06797745,-0.014337956,-0.032508902,0.021281457,-0.05089433,-0.051401544,-0.041900385,0.01752569,-0.12666278,-0.00076985307,-0.05161586,-0.07155276,-0.11158559,-0.07576288,0.14375985,-0.066811934,-0.09347521,-0.011656482,-0.17221658,-0.08109851,-0.069987655,-0.16472477,-0.0060613453,-0.006539932,-0.10586157,-0.04628623,0.011629539,0.11938499,0.027281374,-0.17766444,-0.057578295,-0.0006705136,0.06212342,-0.01667769,0.07380862,0.12814315,0.058985222,0.050387677,0.054587953,0.0011949815,-0.070321456,-0.058767606,0.051741276,0.02523533,-0.10036796,0.06249335,0.10093521,0.03361894,-0.028035987,0.033998664,-0.04974255,-0.023515664,0.061226625,-0.034940496,-0.11407556,0.07266208,-0.11737687,0.056282792,0.016362906,-0.13475609,0.12793359,-0.009858142,-0.10380778,0.1638857,0.11770297,-0.03957226,-0.0019468472,-0.0718488,0.048069365,0.044393808,-0.012160595,-0.04164065,0.05238138,0.079565294,0.13343745,-0.061345525,0.077038355,-0.03482985,0.022180505,0.09914966,0.029494373,0.050481487,-0.09323685,-0.0023033256,-0.005008533,0.06533118,0.022891525,0.03519609,-0.08492281,-0.1011209,-0.04791876,0.016377708,-0.076074235,-0.070473276,0.013998141,-0.015524642,-0.00010667249,-0.13529904,-0.050512876,0.101943225,0.10944067,-0.0074756774,-0.06688303,-0.06078833,-0.057890397,-0.026300674,0.08773854,-0.115405425,0.04250812,0.055790212,-0.0144451065,0.10354729,-0.05830127,0.0841102,-0.02380557,0.1396821,0.047113717,-0.13928658,-0.06650332,0.021122077,-0.15595368,-0.011352531,-0.093417816,-0.05680921,-0.08599469,-0.0042855926,-0.079958215,-0.13292983,0.020282008,0.052482504,-0.00963348,0.04148288,-0.124668516,-0.11641676,0.0027152721,-0.021196086,-0.0043795314,0.020071767,0.0033649486,0.058943655,0.06083184,0.041143615,0.016852487,-0.0709484,-0.09075256,-0.07963453,-0.012211296,-0.06500243,-0.00938101,-0.16474822,0.077422336,-0.019842735,0.08613739,0.013600972,-0.03777844,-0.05983853,-0.06102466,-0.04324851,0.033844262,0.010809759,0.11567101,0.014466119,-0.06624923,0.07890566,0.070621654,0.13930331,-0.05236034,-0.045762945,-0.06830425,-0.041046575,-0.008920222,-0.03822418,-0.08575558,-0.028924923,0.031758666,-0.027100036,0.01622811,-0.017153587,-0.111717716,0.02622429,0.06609539,-4.870073e-05,0.03941496,-0.0160546,-0.009661435,-0.020427339
TCGA-D8-A1XG-01A,-0.06717263,0.022027394,0.10533613,0.056199193,-0.03447807,-0.051871706,0.0125236055,-0.06223021,-0.015006557,0.037870925,0.001744959,-0.007359125,0.023914032,0.16356097,0.004816534,0.06421774,0.06872421,0.013393363,0.036779836,-0.0642531,-0.0038329128,-0.025627095,-0.028493695,0.060220942,-0.059774198,-0.06903908,-0.14558657,-0.053332962,-0.011986801,-0.09885106,-0.072578534,0.09751137,-0.06311366,-0.05373764,-0.100005426,-0.022047348,0.041711193,-0.08771536,0.00051822874,-0.046114855,-0.030869188,0.07330923,0.06864827,-0.055928167,0.040086284,-0.008741765,0.069397,-0.13149856,0.197484,0.10078678,0.0856044,0.045633484,0.016477592,0.092911676,-0.014525774,0.01927731,0.081755295,-0.043558598,-0.025562633,-0.0029189114,0.008533145,0.11619149,-0.07922372,0.17500202,0.0025694054,-0.07767939,0.17044292,-0.006151968,-0.07731303,-0.0037991523,-0.14239517,-0.050045263,0.011342523,-0.16429113,0.11077965,0.057438646,-0.06274624,0.052789208,0.127929,0.016194109,0.012084557,-0.06700105,-0.028900817,0.007478734,0.056499597,-0.117445506,0.05029486,0.0964809,0.0421861,-0.11691842,0.046784166,-0.12270179,0.093327194,0.0025429432,0.042232454,-0.11033928,-0.016093558,0.021961004,0.04224539,0.009121431,0.09665504,0.042347733,0.030820062,-0.079043165,0.04654784,0.019458093,-0.08393742,-0.104363054,-0.03846702,0.0023184537,0.06847124,-0.029824514,-0.051626123,0.06193427,0.13168228,-0.0751261,-0.050313782,-0.045162767,-0.035140764,0.009245436,0.07078762,-0.11468192,0.06522157,0.016062481,-0.06688712,0.012983718,0.022596814,0.02910934,0.054701883,0.0886656,0.06493792,-0.06554418,-0.106105946,-0.04849045,-0.082064465,-0.027713727,-0.04413511,-0.10901701,-0.07665022,0.07119641,0.028737167,-0.17223419,-0.06786825,0.04950957,-0.026119232,0.02427262,-0.20149167,-0.025513534,-0.028004076,-0.054560326,0.014315453,0.037850484,-0.026803328,-0.0060765217,0.03326065,0.0032887287,0.06541676,-0.0075182156,-0.04198266,-0.07179475,0.013005388,-0.009061982,-0.01086227,-0.15171318,0.010557043,0.0052837203,0.11316449,0.028726239,-0.013629287,0.03798279,-0.05551374,-0.11998839,0.060666636,-0.033474203,0.08522603,-0.04119523,-0.04547466,0.15913947,0.07467403,0.08162699,-0.10114402,-0.08285249,0.014080404,0.0520714,0.010745997,-0.039781526,-0.13752533,-0.077895425,6.3542343e-06,0.06487779,-0.013809855,-0.010967988,0.0007566974,0.022497158,-0.029385377,0.05207522,0.045185067,0.055694625,-0.062059697,0.04944357
TCGA-AR-A0TX-01A,-0.09057704,-0.11796802,0.087390795,0.005231266,0.006265634,0.028178615,0.003537325,0.024682753,-0.026994966,-0.0478531,0.013331886,-0.04064956,-0.018242434,0.15456101,0.08968693,-0.050399877,-0.005784278,0.049266223,-0.03840003,-0.06954953,-0.033589102,-0.019281188,0.00671246,0.062037427,-0.09981462,-0.042521715,-0.091669954,-0.11225417,0.04410008,-0.08478777,-0.12109211,-0.022146307,-0.11256439,-0.14699347,-0.09729595,-0.100735955,0.0014507471,-0.013675535,-0.00448609,0.0061609223,-0.02877041,0.012297386,0.022429163,-0.061269447,0.004739862,0.00482983,0.022146914,-0.033593196,0.04874362,0.14996545,-0.004315734,0.05767374,0.0051548444,0.09254134,0.031717885,0.019536592,0.057172738,0.015698252,-0.06559183,0.053825915,0.023326883,0.070204176,-0.066340655,0.112702616,-0.026963925,-0.053176973,0.102115765,0.06245029,-0.08045823,-0.035256095,-0.13183847,0.031538114,-0.023546321,-0.12769482,0.12178199,-0.032160908,-0.037887286,-0.009951071,0.08321589,-0.013238481,-0.017360294,0.024205957,-0.03506984,0.08739648,0.007658506,-0.059078593,-0.06281081,0.12237169,0.099441975,-0.06492015,-0.031521168,-0.064477295,0.0197732,0.02278895,-0.013904996,0.101556584,0.0028697508,-0.046989873,0.12213242,-0.014247927,0.011438515,0.0018074808,-0.05425825,-0.06395745,0.113742754,-0.03166891,-0.053074002,-0.055780545,0.020048263,-0.028503079,-0.10529241,-0.10931538,-0.10780662,0.14649479,0.1025649,-0.042198863,-0.030042201,-0.05026401,-0.08278884,0.013930766,0.106965,-0.14024654,0.07051079,0.095546015,0.120825715,-0.019950457,-0.06199552,0.09577132,0.029829951,0.1727995,0.04292517,-0.01986016,0.011823195,8.709493e-05,-0.13599512,-0.01015048,-0.08294664,0.004445429,0.010657386,0.025619833,0.0035116328,-0.20894708,0.007097428,0.09758453,0.0632345,-0.088030934,-0.056869205,-0.021705631,-0.007583487,-0.079513706,-0.024911154,-0.051277187,0.11423111,0.021966035,0.057672925,0.034702092,0.08546087,-0.047385443,-0.07806165,-0.08799675,-0.013675324,-0.08092124,-0.019757109,-0.03666343,-0.04244126,0.049132638,0.05212457,0.033912983,0.03850157,-0.035757408,-0.04029299,-0.20427284,0.09999306,0.048202556,0.04986368,0.04765917,-0.13724184,0.1306574,0.047196653,0.1198415,0.0145301195,0.042562608,-0.0031411506,0.031082053,0.03785396,-0.03813015,-0.15199776,0.06396501,-0.0688801,0.0023050685,0.11574074,-0.041426945,0.008514959,-0.02391031,0.02015301,0.0021798348,0.106247686,-0.03298574,0.03855005,0.01221007
TCGA-D8-A1X5-01A,-0.06193853,-0.02647499,0.12274354,0.048511934,0.057133522,0.09706101,0.020984791,0.09276696,-0.013675462,0.07526394,0.05392198,-0.016010374,-0.0017687298,0.114511274,0.008572997,0.057525385,0.016784128,0.050703738,-0.0029344412,-0.031945955,-0.05329328,-0.14924352,0.011625794,0.12344922,0.010259598,-0.023001648,-0.14895932,-0.012058402,-0.11740924,0.023187026,-0.047341622,-0.020558514,-0.05259529,-0.111858636,-0.19560656,-0.13315937,0.02622516,-0.07326462,-0.084820345,0.019920463,0.018416932,0.09525295,0.058931924,-0.06537357,0.068485305,-0.11301643,0.020178363,0.02557279,0.13122152,0.12756984,0.038710453,0.015129034,0.08444272,0.11279989,-0.034030575,-0.050697047,-0.021706453,0.0060858377,-0.095208324,-0.042308483,-0.03894928,-0.08864454,-0.030365508,0.062418826,-0.005629092,-0.057689145,0.118475676,0.0072920304,-0.05773495,-0.013423205,-0.042519733,-0.007921148,0.0150307445,-0.1259703,0.13167532,0.020500325,-0.056379713,-0.01348471,0.105289124,0.023427103,0.036364336,-0.065440826,-0.04353031,0.056643117,0.059382573,-0.16584998,-0.013945542,0.09857135,0.10622121,-0.030614398,0.0024233263,-0.12995262,0.062149823,0.07589079,0.06339219,-0.047298986,-0.03229733,-0.022122556,0.030798182,-0.013099686,0.013403969,0.09680198,0.0058950586,-0.08593762,-0.07378335,0.085812576,-0.097405344,-0.09025294,0.07326056,0.02867159,-0.05536912,-0.07476303,-0.095917694,0.13779302,0.098324336,-0.10073201,0.082473084,-0.044624597,-0.05334539,-0.012497835,0.06448398,-0.10605567,0.038521625,0.007704617,-0.008118227,-0.039365493,-0.114008054,0.11682849,-0.053275485,0.084815904,0.09132963,-0.14371462,-0.019338124,0.004873695,-0.16204637,-0.07096495,-0.06271348,-0.04548133,0.02364892,0.10749779,-0.036257733,-0.06875749,-0.00058236334,0.04687643,-0.023088321,0.055261213,-0.038743634,0.018512998,-0.033490445,-0.056947276,-0.092835344,0.0032500247,0.100347094,-0.014677621,0.09218451,0.023654206,0.039057232,-0.0738334,-0.018543158,-0.11761536,-0.05455357,-0.022154018,-0.017494295,-0.16626206,-0.05575553,0.009771616,0.08266749,-0.045324054,-0.07539499,0.090558484,-0.033119325,-0.094249554,0.027914329,0.02489676,0.07823907,-0.0871722,0.041715994,0.070520625,0.11297532,0.10740577,0.030878583,0.06859713,-0.008464726,0.05391112,0.037184242,-0.034161564,-0.079571895,-0.0029388682,0.010706048,0.03647204,0.05871552,-0.012742804,0.03434971,0.035984114,0.042925566,0.057385728,0.04094644,0.042306263,0.006594266,-0.008054993
TCGA-BH-A1FN-01A,-0.024374774,0.09579465,0.16866775,0.115388915,0.047134824,0.14399667,0.06247034,0.07066914,0.0006284353,0.021017184,0.009502917,0.049189113,0.019687168,0.13094716,0.041076533,0.005080541,0.051957533,0.12755786,0.06525487,-0.06323019,0.008056206,-0.055410534,-0.09999733,-0.0040928833,-0.058344714,-0.0651085,-0.115781136,-0.007834559,0.025406832,-0.09078366,0.042871557,-0.021729782,-0.10633773,-0.12926653,-0.09531226,-0.12072867,-0.056351617,0.02577683,0.048330814,-0.10127046,0.05114213,0.11955095,0.104113676,-0.12466091,-0.08207267,0.0059472816,0.029742066,0.079673745,0.051214486,0.123854555,0.013321827,0.062939055,-0.028647114,0.050233614,-0.045705214,-0.0115867695,0.098369874,-0.008371,-0.075049676,0.030446952,0.008062743,-0.028317787,-0.059782058,0.048790384,-0.07565757,0.020577256,0.14349842,0.06614484,-0.001760496,-0.027322927,-0.07093012,0.011437977,0.00209587,-0.10183098,0.12241616,-0.030514514,-0.013692414,0.026499953,0.084034845,0.015171135,-0.011172218,0.0107537685,-0.017710516,-0.002623362,-0.027583286,-0.07713575,-0.09338582,0.11213144,0.11793203,-0.06482299,0.11958798,-0.11832302,-0.04347231,0.16032986,0.060294356,0.012887496,-0.12038733,0.00081593945,0.04100205,-0.043109816,0.02496385,0.011204224,0.021318655,-0.05483592,-0.03206771,0.04331925,0.07256039,-0.1544263,0.116689734,-0.020119114,0.036083546,-0.08743884,-0.13049668,0.021497447,0.087909944,-0.123322755,0.08978048,-0.09486471,-0.028932177,-0.07624077,0.11592491,-0.04153459,0.03537629,0.041194376,-0.0037538444,-0.03191008,-0.20125967,0.05670805,-0.02036057,0.1195612,0.046789028,-0.04349117,-0.02245927,-0.058405854,-0.16816553,-0.070146225,0.0061678314,0.019582868,-0.08073821,0.02984459,0.00416759,-0.066132605,0.03288164,0.036971215,-0.029379895,-0.019738689,-0.0378935,-0.059585813,-0.061135203,0.0135717215,0.03579078,-0.07438397,0.06834972,0.028008852,0.006428985,0.034250453,0.019804584,-0.08229188,0.013793618,0.0071709114,-0.018534973,-0.03582694,0.09350225,-0.09259841,-0.018085133,0.0591946,-0.00017707744,0.025204683,0.0048070597,-0.042946633,-0.05301275,-0.12732337,0.053860147,0.03694963,0.06383987,-0.08952961,-0.05602883,0.087793425,0.07862822,0.100188345,-0.010748602,-0.056644063,-0.094049715,-0.009483459,0.020456458,0.018504195,-0.09636915,-0.06474655,0.005770284,-0.032825947,0.041058213,-0.1194343,-0.055514928,0.064602435,-0.01590515,0.03212009,0.039101705,0.027391464,-0.09125407,-0.10660772
TCGA-D8-A1JB-01A,-0.008903611,-0.052009318,0.13140132,-0.105842374,-0.10193363,0.1086455,-0.03946475,-0.040284812,-0.00817901,-0.0013569297,-0.03534721,-0.033476938,0.030939672,0.15631032,0.09822733,0.023986144,0.037724722,0.079606295,-0.008021901,-0.15826327,-0.016906708,0.038450133,-0.046230678,0.02580167,-0.06663644,0.03588449,-0.11519519,-0.024996456,0.028492384,-0.13091008,-0.1275596,0.039291114,-0.03302492,-0.13958162,-0.019432144,-0.119474724,-0.020070365,-0.056002088,0.0283681,0.042634867,-0.033604145,-0.016286457,0.10238349,-0.032826543,-0.061766267,-0.006215079,0.01430471,-0.037695464,0.100573145,0.048044126,0.1589545,-0.015358422,0.09793538,-0.01670803,-0.055894293,0.027637675,0.053253956,-0.07539278,-0.02967188,0.12953717,0.021890474,0.08502335,-0.051568206,0.0682942,-0.041611884,-0.051367495,0.17135593,0.052587993,-0.10858035,0.01852387,-0.084891796,-0.0078320345,-0.012477327,-0.078188844,0.00097294495,0.042406008,-0.039521098,0.18283431,0.039290246,0.069457136,0.063807175,-0.0051216846,-0.082904145,0.045754634,0.004211783,-0.07189497,-0.020828675,0.021731231,0.065846995,0.04403464,0.093080424,-0.04250425,0.0836423,-0.032903694,0.06807463,0.021878421,0.022044193,0.014780417,-0.02085433,0.033116423,0.022232655,0.15270397,-0.013402604,-0.05109155,-0.027590027,0.039496865,-0.0861901,-0.034660645,-0.028041752,-0.045738153,-0.030087551,-0.09731433,-0.117505245,0.16646402,0.060768116,0.03913993,-0.08866475,-0.037305724,-0.03430918,0.031537548,0.13965786,-0.0850215,0.035033353,-0.04141858,0.075869076,-0.07538875,-0.09865991,0.06540684,-0.016364112,0.15870076,0.122344434,-0.008349738,0.03934703,-0.06471663,-0.115590736,0.07888253,-0.02018894,0.10167675,-0.075574145,0.03859228,-0.07254179,-0.1035929,-0.060739897,0.03898735,0.10656994,-0.053950682,-0.10770295,-0.023516309,0.026833586,-0.10183083,0.042037603,0.008024601,-0.12315923,0.04415616,-0.05099905,0.050737493,0.0022636491,-0.07205031,-0.03049005,-0.09614519,0.12198819,-0.031010153,0.029474799,-0.07369137,0.03803641,0.03915766,0.03127069,-0.011263719,-0.04369467,-0.07742259,-0.05889786,-0.017315358,-0.03861242,0.011730037,0.032122735,0.069044344,-0.047573138,0.09635582,0.05018887,0.14781237,0.0042623305,0.059409544,-0.030895816,0.060237695,-0.008277869,-0.05938864,-0.11581855,0.04420542,-0.099048905,0.022252211,0.0986319,-0.011660371,-0.04886284,-0.02597226,-0.019854482,0.05867914,0.035774987,0.12341725,-0.0675444,-0.023914896
TCGA-5L-AAT0-01A,-0.024024712,-0.07897182,0.16351995,0.03834545,0.08008667,0.065118,0.038615968,-0.029151341,-0.050014544,0.06276532,-0.025979362,-0.0055168774,0.057182487,0.11611199,0.07743125,-0.045268174,0.0146311885,0.10567346,0.034700483,-0.09741694,-0.07393042,-0.064075924,-0.08093949,0.04680422,-0.073811404,-0.04550564,-0.16598774,-0.07485408,0.014594825,-0.019469904,-0.043356266,0.030108983,-0.07234049,-0.12809291,-0.07888991,-0.1431939,-0.028867384,-0.036998298,-0.05869199,-0.057894215,-0.03725027,-0.00619739,0.095234506,-0.0314631,-0.02125896,-0.0355823,0.023743913,0.030482324,0.047175266,0.048290305,0.0019736828,0.07126827,-0.051536616,0.14335719,0.09658807,0.04142736,0.0919431,0.02699164,0.04565963,-0.008935521,0.14043991,-0.03249212,-0.033569906,0.10323609,-0.03931113,0.028508838,0.11807451,-0.022898627,-0.04321819,-0.027376859,-0.07142995,0.012412956,-0.06609553,-0.19018273,0.14910914,0.061913054,0.066943325,0.028342063,0.09782068,-0.031870116,0.0878887,-0.07990873,-0.0805011,-0.0026813773,-0.01678537,-0.07192066,0.03659189,0.057527285,0.15953623,-0.081329934,0.049036063,0.01717852,-0.0014777826,0.05060735,0.030559758,0.011051081,-0.052579306,0.028862398,0.074555375,0.0995989,0.0831943,0.075102635,0.0891381,-0.08307344,-0.12469135,-0.065275736,-0.069437,-0.04497583,-0.0604182,0.05592274,-0.054457545,-0.0140910605,-0.030189572,0.15160234,0.1431297,-0.015482123,-0.03360603,-0.0662024,0.030784305,0.005713645,0.08824247,-0.09946673,0.09228221,-0.044468902,-0.027033266,-0.024464559,-0.07285479,0.01474154,0.054560892,0.06822451,0.113251574,-0.027363526,-0.05179467,-0.017552769,-0.12331002,0.0162469,-0.07932455,-0.044744328,-0.040380552,0.041711755,-0.05234018,-0.15028198,-0.056844782,0.090345815,-0.007005313,-0.07691647,-0.107561156,-0.031445466,-0.05061986,-0.05595446,0.025287736,0.04627345,-0.07874166,-0.019555604,0.031337224,0.032364633,0.019642645,-0.099950135,0.03293759,-0.04458797,-0.054826077,-0.045719713,-0.039534077,-0.11776611,0.0018607813,0.009395591,0.08454241,0.006737853,-0.00086672854,-0.023244776,-0.0095324125,-0.00014176412,0.04032698,-0.068798505,0.04653602,-0.05141877,-0.03259185,0.089411326,0.1515422,0.07857261,-0.019256746,-0.13805783,-0.028621178,0.012518261,0.06474032,-0.104519546,-0.11859706,-0.0880403,-0.02412505,0.015787153,0.06358669,-0.045737796,-0.02189801,-0.051260173,-0.011722213,0.16854659,0.10811172,0.03369695,-0.046268746,-0.06643574
TCGA-D8-A1XU-01A,-0.035881974,-0.08792008,0.09696606,0.024642186,-0.07229914,0.07524696,-0.056370433,-0.043726686,-0.04824511,-0.0056291055,-0.0052333083,-0.06474995,-0.066062756,0.20535967,0.12457267,-0.01728288,0.047310073,0.0056988914,0.03386483,-0.12507917,-0.046176437,-0.08741089,-0.014652588,0.029134504,-0.027464783,-0.050026566,-0.15834348,-0.042534202,0.02599511,-0.018068174,-0.09505803,-0.008057875,-0.20671235,-0.10354088,-0.10302523,-0.07953643,-0.04393439,-0.07226459,0.012708896,-0.033840857,-0.025892833,0.036229253,0.044024203,-0.037871536,-0.04254426,0.024537692,0.06219298,0.06614133,0.04535519,0.0689845,0.012844593,-0.035127036,0.08935106,0.07276364,-0.13219354,0.03104682,0.055567883,-0.03396993,-0.110803984,0.0068511283,-0.0008077404,0.06435794,-0.083973646,-0.013799643,-0.042139392,0.0021916872,0.15068673,-0.015850894,-0.08390819,-0.015024979,-0.16023001,-0.01647242,0.0074163037,-0.14530322,0.15346141,-0.0020950534,-0.017020669,0.0072222105,0.07076732,-0.042586386,0.009235701,-0.06301183,-0.009858527,0.044359524,-0.06367138,0.033607204,0.0152883,0.030608391,0.05652487,-0.058913648,0.052417804,-0.07118393,0.09502634,-0.05985902,0.035272673,-0.031564757,-0.0380653,0.043496072,-0.00948145,-0.0133252395,-0.101202056,0.06715297,0.0811828,-0.047359355,0.0470048,0.020635795,-0.108642496,-0.20246783,-0.0043356274,-0.06671388,0.033235695,-0.17145789,-0.14210166,0.11608439,0.20431182,0.025638236,-0.05337504,-0.03016681,-0.055962317,-0.06480086,0.10031165,-0.061928492,0.032109454,0.05303408,0.050047833,-0.053044654,-0.06376991,0.05002252,0.020374637,0.081338644,0.14053497,-0.02148165,0.038480777,-0.04678195,-0.12945348,-0.017994896,-0.026625324,0.035947517,0.035711788,0.0024375988,-0.11837171,-0.15532574,-0.058128092,0.030507758,0.027635496,0.01955859,-0.0600652,0.016667286,-0.108704254,-0.080848575,-0.0028957685,0.028830657,0.012338272,-0.03903013,-0.054089874,0.020318314,0.024332885,-0.05523333,-0.10115128,-0.04195222,0.01699241,-0.014441924,-0.01972764,-0.17640537,-0.010813915,-0.0023220421,0.011517658,-0.036722556,-0.070029125,-0.025880335,0.011349098,-0.042663015,-0.0523785,-0.023047559,0.09558447,0.022593804,0.038386382,0.081661895,0.061878182,0.137567,-0.05655884,-0.070577964,0.046842165,-0.037786346,0.037081357,-0.06375682,-0.12005775,0.01487545,-0.028084332,0.038176134,0.05217409,0.02592475,0.03773405,-0.01228492,0.05155099,-0.016491143,0.03228765,0.0587872,0.0018187347,-0.084130555
TCGA-A1-A0SH-01A,-0.09073161,-0.06979163,0.09361264,0.04572716,-0.013229746,-0.011976325,-0.045899354,-0.004305694,-0.008076813,0.015022229,0.05165293,-0.018475328,0.05786267,0.10581599,0.08472802,-0.043669876,-0.0014525328,0.030910209,0.08744256,-0.11598848,-0.04518454,-0.038520947,-0.090281576,0.074184276,0.025401741,0.017702037,-0.073413685,-0.015797721,0.067122445,0.0037470988,-0.11127643,0.026903855,-0.09657263,-0.1403028,-0.06374081,-0.12970346,-0.045151867,-0.012659457,-0.08879667,-0.045507107,-0.06680004,0.09305985,0.10943484,-0.10640061,-0.07672137,-0.0340376,-0.0032932824,0.048246723,0.05984461,0.11961183,0.122361995,0.038551122,-0.045284867,0.02058999,0.078426756,0.021709949,0.09540703,-0.06777017,0.008067077,0.033437107,0.03503649,-0.023001298,-0.08920737,0.080603875,-0.09992737,0.00942857,0.09074277,-0.026078645,-0.016114438,0.019357841,-0.1941362,0.010618779,0.047266465,-0.24511778,0.080555536,0.041378725,0.049164787,0.06619276,0.060658395,-0.008468356,0.037122894,-0.093588136,-0.08648852,0.029836096,-0.0555676,-0.10482203,0.03794819,0.028966455,0.084307194,0.051358152,-0.03123644,-0.08739096,0.10453954,-0.008374081,0.040204234,-0.019150823,-0.047763105,-0.0368879,0.023380276,-0.06332705,0.0009791427,0.08614661,0.01893601,-0.08463781,-0.07777781,-0.03289534,-0.066118605,-0.09659415,0.012830914,-0.016700678,-0.016097536,-0.1558551,-0.043295614,0.07546286,0.073266864,-0.014046893,-0.009872345,0.037009977,-0.119676545,-0.004058216,0.13347745,0.013835825,0.06712733,0.14255123,0.063953325,-0.017491056,-0.046864867,0.07309625,0.050758593,0.097169496,0.0075510074,-0.07459387,-0.034241945,0.009773527,-0.051411293,0.027577942,-0.096204825,0.04242392,-0.008754408,0.02277868,-0.012045894,-0.16296065,-0.04182941,0.104479745,0.052115053,0.0021981024,-0.16405109,0.06193934,-0.06267685,-0.058494315,0.00986187,0.0899015,-0.067533225,0.06477099,-0.03691164,0.08273123,0.09410761,-0.020964613,0.0038488265,-0.06278998,-0.04736077,-0.009155604,0.04791022,-0.17058668,-0.03935521,0.11911157,0.014817477,-0.0092188055,-0.062707186,-0.09583017,0.017121872,0.0024237887,0.02989208,0.0061696973,0.094572335,-0.021203712,-0.048067823,0.020174706,0.05447256,0.09721563,-0.071099475,-0.00630731,-0.06500218,0.06771304,0.12117086,-0.077496596,-0.14746723,-0.071012,-0.04513519,0.005789579,0.11150533,-0.006173835,-0.0036169544,-0.043221455,-0.024681991,0.09075322,0.04947744,0.017629433,-0.064243086,-0.093397275
TCGA-BH-A204-01A,-0.031470675,-0.024505004,0.078057215,0.048662554,-0.033861503,0.029698834,-0.025444526,-0.07133936,-0.044397,0.07519129,0.016017415,-0.01825703,0.03237896,0.10327535,0.047301043,-0.037066113,0.009861821,0.11372083,0.07002724,-0.12495138,-0.037132397,-0.00056560535,-0.033387836,0.044150386,-0.03411865,-0.04804574,-0.15000163,-0.051942125,-0.029314956,-0.040763523,-0.0141255995,0.09948596,-0.025864486,-0.087937005,-0.047587615,-0.033181593,-0.087643325,-0.09684722,-0.06725453,-0.02967254,-0.046036474,0.07888205,0.08577897,-0.06317017,-0.025113171,0.030723767,0.039457783,-0.033999275,0.08613889,0.10162346,0.054652512,0.032887213,-0.09087985,-0.0004324795,-0.055005755,0.03318221,0.05280475,0.1082982,-0.09639829,-0.0016940838,0.061852746,-0.0061329836,-0.094964534,0.15531091,-0.010300801,-0.05132676,0.09087478,-0.014795262,-0.045098238,-0.03776104,-0.11043593,0.022647006,0.01660458,-0.19694126,0.087059855,0.020591153,-0.068612956,0.051616192,0.08618261,-0.0033085486,-0.04081544,0.031327862,-0.0015139125,0.04439049,-0.01314057,-0.14241418,-0.062333807,0.0860915,0.033396233,-0.086808465,0.08973789,-0.08715419,-0.009161522,0.06215031,0.12801677,-0.12953061,-0.03286724,-0.049408372,0.07377184,-0.07818649,-0.01900262,0.056741662,0.087312914,-0.15792395,-0.054118503,-0.0055333795,-0.033613928,-0.14817657,-0.008353673,-0.08844363,-0.050654035,-0.15708536,-0.044890136,0.031848352,0.17330515,-0.018239036,-0.05480519,-0.11856547,-0.076719135,0.0132876225,0.12732013,-0.07568336,0.022001263,0.01377905,0.021646393,-0.009042941,-0.0013021724,-0.017355166,0.0048308508,0.024403363,0.1171351,-0.027849633,0.039963976,-0.013204678,-0.18186735,-0.049644347,-0.11139386,0.03916145,-0.05661981,0.0399653,-0.061865557,-0.12441513,0.020424666,0.123983346,0.054946024,-0.03244126,-0.1732456,-0.10356185,-0.024160303,0.01125154,-0.06798826,0.03295915,-0.0007502447,-0.0007731696,0.020518947,-0.0732751,0.05051371,-0.018959275,-0.0061644535,0.013035232,0.012829304,-0.054126084,0.06600741,-0.11434704,-0.06569868,0.0065932455,0.040928297,0.103960134,0.04653456,-0.04415739,-0.020508137,-0.071672514,-0.0012349507,-0.0026524044,0.036320448,-0.038191386,-0.04811542,0.11723432,0.029379752,0.21459037,-0.11521426,-0.104277894,-0.03722193,0.07232034,0.003432012,-0.024277315,-0.06699926,-0.034413368,0.017256446,0.0481671,0.019547392,0.010511278,-0.04248955,0.025357366,0.049776047,0.04152631,-0.012054708,0.13730526,-0.00717637,-0.040603895
TCGA-B6-A0WV-01A,-0.014222745,-0.029381448,0.044643354,0.004954874,-0.027935632,0.048326567,0.041351415,-0.018855626,0.020826971,0.033171512,-0.05381355,-0.036833774,-0.0027251907,0.1264291,0.032642122,-0.077799514,0.030790556,0.039526507,0.011138557,-0.006403617,-0.04953445,-0.035240196,-0.098490305,0.08723397,-0.049229488,-0.023247542,-0.124525614,-0.08944689,-0.12821129,-0.04541372,0.015653294,-0.010427945,-0.08625905,-0.12598415,-0.09705478,-0.14018762,0.004224583,0.002606836,-0.06926428,0.019505324,0.023487888,0.102376625,0.0495663,-0.01835266,-0.07969999,-0.036140162,-0.060587298,0.03227621,0.024739293,0.054979503,0.026969723,-0.03126546,-0.04134014,0.09104013,-0.07396341,0.03426111,0.050139237,0.0122933695,-0.15854874,0.041882128,0.117763594,0.030788528,-0.023162207,0.07124987,-0.07041671,-0.11385188,0.11261636,0.040218625,-0.05290802,-0.017872993,-0.10059371,-0.012746642,-0.013843482,-0.14625971,0.11590124,-0.009877615,0.0069362554,0.05561484,0.08567336,0.025461353,-0.060686443,-0.099806964,0.0371693,0.097256735,0.021868149,-0.17436464,0.049128324,0.17601554,0.12663026,-0.0022257718,0.024151662,-0.08982485,0.10760946,0.046203017,0.05839486,-0.06432962,-0.017099964,-0.0081914915,0.050458387,-0.10196554,-0.036871556,0.08551069,0.009292127,-0.09262226,-0.0730486,-0.005144538,0.088103406,-0.12158608,-0.05981368,0.076276265,-0.11481683,-0.087974675,-0.09814192,0.1033898,0.15549155,0.0026825813,0.016270228,-0.14287122,-0.07550791,-0.003914832,0.11953215,-0.08294626,-0.06339301,-0.037592698,0.1082586,-0.04421528,-0.083295375,0.09240532,0.07275172,0.040745046,0.026532356,-0.07161187,-0.07489576,0.00035219477,-0.18135945,0.09626432,-0.023642719,-0.058025133,0.023589173,0.006052661,-0.072376445,-0.08465412,0.037459,0.031457707,-0.07422019,-0.06670896,-0.014319666,-0.027994292,-0.025760997,-0.06397878,0.00013791093,-0.0009880018,-0.006733629,0.07791737,-0.0066598332,-0.012903525,0.07219124,-0.024800533,-0.09336897,-0.018244574,-0.04187918,-0.09868063,0.044409674,-0.10271096,-0.031359006,-0.031850643,-0.008537668,-0.04855398,-0.045374095,0.014193625,0.022934424,-0.01978938,0.097773865,0.06481598,0.036444128,-0.0619771,-0.12267642,0.12142729,0.008776923,0.02930386,-0.06626377,-0.062084965,-0.10900093,0.06191231,0.03874364,-0.045267906,-0.0114447,0.011362002,-0.04989242,0.057395928,0.07835526,-0.070433445,-0.09275193,0.07453578,0.082289234,0.027491963,0.13265227,0.106782645,0.026433442,-0.0434307
TCGA-E2-A573-01A,-0.026908629,-0.022913944,0.08992197,-0.01692941,-0.014953888,0.01769696,0.003461169,-0.027675727,-0.086209916,-0.009798505,0.04072903,-0.014701731,0.0094569195,0.054695472,0.00022274512,0.019147564,0.041362613,0.044849925,-0.040044565,-0.09758125,-0.00445782,-0.05470383,-0.03948758,0.10298995,-0.022644645,-0.08504912,-0.10570069,-0.06263181,0.04855084,-0.072134815,-0.032701872,0.0060753995,-0.06035772,-0.13808809,-0.105298094,-0.0949403,-0.08125344,0.04985359,-0.035323817,-0.0036440105,-0.026370224,-0.020524802,0.056381244,-0.14670773,-0.09252427,-0.023003796,0.013811168,0.070819065,0.15004608,0.11549066,-0.03713932,-0.0067499974,-0.0294209,0.10202752,0.024756212,0.03063218,0.115675285,0.0013948336,-0.0430949,0.07657701,0.051293906,0.11756839,0.0013947218,0.11219285,-0.070317246,-0.044459116,0.10841003,0.00937659,-0.07196644,0.029832046,-0.08666606,0.031011194,-0.00601646,-0.090873875,0.028996088,-0.04191149,-0.08375826,0.07736097,0.066494666,-0.04169181,-0.019571623,-0.025822433,-0.014088855,0.046834525,-0.0009984033,-0.091194965,0.010953999,0.08112462,0.11426148,-0.08283823,0.051653303,-0.14163007,0.007972308,0.07870269,0.062229335,-0.04535212,-0.006185697,0.011426516,0.08341508,0.013686168,0.08050156,0.021341555,-0.055590663,-0.030557116,0.0127019165,-0.063592486,-0.095821336,-0.01806218,-0.04032709,-0.036005303,-0.021657279,-0.014877593,-0.051587183,0.07722809,0.14858212,-0.023830067,0.038299788,0.06076914,0.01991061,0.04366906,0.12702836,-0.16458187,0.03451695,0.010874176,0.012915417,-0.12296444,-0.0059480555,0.11215877,0.03359349,0.13148259,0.16068083,-0.008513951,-0.0069399816,-0.085792646,-0.17538111,0.00929824,-0.032204196,-0.10045797,-0.052540075,0.11965359,-0.05996013,-0.143032,-0.06427357,-0.027124371,-0.034741502,0.061894152,-0.15471914,0.011957151,-0.033479575,-0.009625516,-0.018204512,0.052237865,-0.016788874,0.013341925,-0.05904487,0.035836365,0.09788712,-0.11738013,-0.1273973,-0.002540409,0.0469223,-0.054527923,-0.0073338053,-0.0879534,-0.02236746,0.033120636,0.07945723,0.099790975,-0.081031285,0.008116582,-0.02879985,-0.046515815,0.023613097,-0.066282235,0.1250199,-0.00802419,-0.024635024,0.13657533,0.18746987,0.106229655,-0.16396406,-0.033391353,-0.14661571,0.03262152,-0.0046118367,-0.0022233422,-0.099490896,-0.037136212,-0.0073523866,0.04329026,0.029688397,-0.030986331,-0.12232272,0.012170441,0.04928738,0.077697895,0.059366826,0.01703544,0.0031778004,-0.00092333404
TCGA-BH-A8G0-01A,-0.076743685,-0.059083845,0.06840549,0.04761672,0.0065444293,0.0017429445,0.09000578,-0.059967726,-0.09367145,0.009229266,0.050083086,0.012351034,-0.070522115,0.1381985,0.12193668,-0.049084127,-0.009785776,0.08368249,-0.045594007,-0.021951877,-0.042814583,-0.09764075,-0.08468388,0.12123613,-0.032820698,-0.10823954,-0.12509035,-0.0065110703,0.010317744,0.011643831,-0.14662208,-0.028830403,-0.09576378,-0.110014886,-0.12404641,-0.15047081,-0.004367667,-0.09211549,-0.0340618,-0.018377308,-0.067942984,0.10496644,0.04227467,-0.032894418,0.053462666,-0.060880892,0.029434988,0.0015012168,0.0028395792,0.0150953075,0.10858813,0.039709773,0.05655689,0.046904504,0.009708063,-0.011957757,0.091356315,0.014530407,-0.056115843,0.022215346,0.017406126,0.021940917,-0.032526597,0.07719162,0.03564353,-0.013505585,0.079326995,0.031562366,-0.09112324,-0.002132402,-0.13475738,-0.048440255,-0.004972842,-0.16962354,0.13997754,-0.041401427,0.077645764,0.07625929,0.10910688,-0.048547067,-0.0086414665,-0.06388124,0.02389161,0.06854498,-0.06744277,-0.05645516,-0.08325687,0.079769656,0.103550464,0.0050574136,0.03785387,-0.14643389,-0.009774802,-0.047506455,0.20442958,-0.07318331,-0.015568858,0.011450426,-0.038183045,-0.11046235,-0.1239815,0.023647577,0.014266344,-0.105497785,-0.059727322,-0.024111377,-0.020296194,-0.0045205043,-0.03554124,-0.13250501,-0.0641173,-0.16799985,-0.06951212,0.07105181,0.15513833,-0.02498368,0.03629205,-0.038189113,-0.07594563,-0.07636687,0.10643019,-0.110967726,0.027101817,0.097909756,0.13315731,-0.01246813,-0.03170998,-0.0009896224,0.01312442,0.035585463,-0.009167277,0.01846102,-0.06198804,-0.017971884,-0.12918246,-0.014799521,-0.0701514,0.0019402929,-0.020459527,0.056255452,0.0037810232,-0.07884473,-0.010649597,0.04846404,0.033922855,-0.008603263,-0.15145785,0.03742781,-0.037602965,-0.07946921,-0.027278302,-0.021403058,-0.018972814,0.09738212,-0.009539602,0.0004763462,0.019606277,-0.0373172,-0.153315,-0.059564028,-0.011804506,0.0211137,0.019617856,-0.16892666,-0.011771743,0.030926881,0.06870529,-0.014235096,0.0022344072,-0.0034267425,-0.0401276,-0.039086595,0.087176956,-0.022760546,-0.0059931073,0.03024713,-0.011093796,0.12803043,0.0766278,0.1314064,-0.009665864,-0.08148123,0.0063892966,0.12675057,0.043095604,-0.033053897,-0.099879205,-0.00934486,-0.015371702,0.049400996,0.06431422,0.012459526,-0.08957106,-0.029610135,-0.006439769,-0.008231761,0.03858395,0.08565732,-0.037450247,0.039834116
TCGA-E2-A1LK-01A,-0.035308454,0.05083244,0.16713282,0.013203599,-0.0028383755,0.11666566,0.008419709,0.024554651,-0.08143531,-0.039112248,0.023316504,-0.012010174,0.093153015,0.19756964,-0.038052067,-0.023300726,0.071433164,-0.052442983,-0.063115,-0.029831197,-0.08399628,-0.035734307,-0.082247734,0.081507884,-0.009045713,0.010910712,-0.14949918,0.0032232257,0.00044760728,-0.11739428,0.07453078,-0.0013769936,-0.04476855,-0.14975235,-0.042887233,-0.08974293,-0.0402987,-0.047711074,-0.091238126,-0.06672997,0.00095243857,0.09767945,0.07936978,-0.051004138,0.018895224,0.023207603,0.024799226,0.015575569,0.07259011,0.14554815,-0.053546052,0.05888624,0.02727641,0.087870225,-0.06295408,-0.033444475,0.07473479,-0.008043378,-0.021585282,0.10202981,0.024342094,0.030131547,-0.081759244,0.057272643,-0.013065673,-0.05327505,0.16685835,-0.006696749,-0.08794451,-0.09049489,-0.013955339,0.029167445,0.0068995086,-0.08241914,0.04277885,-0.038043756,-0.0488505,0.079460904,0.082206264,0.029156215,-0.02166042,-0.024225311,-0.014038837,0.027843807,-0.024228165,-0.049301516,0.02424447,0.11680405,0.13119273,-0.013118337,0.019623328,-0.12769003,0.116339,0.13442673,0.009021608,-0.027981455,-0.019424813,-0.09673155,0.13682477,-0.124406934,-0.003110628,0.040981617,-0.0042663165,-0.078446575,-0.046537694,0.030219791,-0.011126926,-0.07865516,-0.009742062,0.060441732,-0.018043341,-0.06827529,-0.074657746,0.061653197,0.12614292,-0.008278521,0.06663963,-0.06274159,-0.13142596,0.079499245,0.094651945,-0.01891907,0.018002022,0.012270883,0.048611835,0.005779706,-0.05832276,0.051437125,0.03385526,0.10783633,0.03588915,-0.12306422,-0.098936185,-0.040890247,-0.1116948,0.008749483,-0.0068216138,-0.08935203,-0.025739495,0.023014842,-0.045304295,-0.11680884,-0.039242454,0.047482762,-0.060357235,0.009061572,-0.0149238845,0.012622179,-0.053172015,-0.00904679,-0.04168374,-0.04579191,0.0988841,0.0186653,-0.08162659,0.013387481,-0.029161215,-0.025983596,-0.071525946,-0.01951606,0.04884635,-0.08267636,0.03169043,-0.06542781,-0.059024494,0.111409076,0.092163324,0.1511498,-0.08259748,-0.05892455,-0.06258438,-0.10923519,0.0032655837,0.08767946,0.067303486,-0.050459538,0.018461924,0.024304647,0.05208553,0.118924506,-0.090841554,0.017468672,-0.095277525,0.026995225,-0.08072245,-0.060678054,-0.043000024,-0.11482337,-0.054181382,0.027036086,0.09036827,-0.08581256,-0.15099822,0.05129309,0.018303702,-0.018171635,0.038364906,0.110336035,-0.16393897,0.03320503
TCGA-D8-A1JK-01A,0.012567271,-0.004012632,0.098342046,0.06577018,0.02775254,0.057951853,0.004600363,0.106755905,0.013235508,0.0024543754,0.0077828676,0.020879336,0.017682387,0.16091773,0.12115981,-0.050493795,-0.03681657,-0.03495904,0.04737842,-0.057714045,-0.025657047,0.021247648,-0.014510319,0.0023587754,-0.032224715,-0.028260645,-0.17063001,-0.12366087,-0.021788143,-0.10325743,-0.05918886,-0.034325063,0.009012739,-0.08097178,-0.066669345,-0.118444465,0.008624524,-0.00026534233,-0.046122115,-0.010524747,0.08458262,0.012612931,0.16300549,-0.059948906,-0.105829716,-0.008020125,0.07699557,0.0118780155,0.065212116,0.18415281,0.11040018,0.05739175,0.10905441,0.019201992,-0.065264516,0.030197421,-0.0019503166,0.064142205,-0.025372142,0.10803152,0.010066786,-0.040199015,-0.0867356,0.07722573,-0.03893116,-0.027184913,0.09442031,-0.03886204,-0.104246765,0.023822537,-0.08884979,0.077267945,-0.013193142,-0.16127108,0.12306318,0.038049214,0.008924002,0.031056806,0.11938318,0.10247755,0.12521198,0.030564997,0.018891243,-0.018175129,0.04409591,-0.035449576,0.019366639,0.09212309,0.10126406,-0.055627,0.091135986,-0.04857773,0.06286537,0.037895944,-0.015293653,-0.045257986,-0.05734627,0.024268689,0.10471573,-0.1065207,0.0076534636,0.10352914,0.010428207,-0.089673996,-0.031931628,0.010255153,-0.016430516,-0.10024738,0.09281323,-0.033260334,-0.056106266,-0.07610344,-0.0822488,0.07857613,0.086800545,-0.06076147,-0.03026872,-0.07241096,-0.05608536,-0.024775311,0.10372729,-0.019424984,0.046818614,-0.009266203,0.019228177,0.045130633,-0.09508463,0.07351449,-0.013225103,0.08625088,0.102654636,-0.12261633,0.024868717,0.03757365,-0.29478332,-0.022469359,0.019374443,-0.08148842,-0.0003954682,-0.028078882,0.048180364,-0.105750315,-0.100563355,0.002307709,0.017092591,-0.017639259,-0.06580934,-0.06045776,0.07309002,0.004251257,0.031223862,0.03231807,0.05170093,0.12467256,-0.084626704,-0.03924111,0.029720088,-0.017982852,-0.02536011,0.00874911,0.027814839,-0.0095404275,0.079105094,-0.03521156,-0.03282644,0.08730866,0.07900052,-0.007206663,-0.039488897,-0.04218501,0.05789218,-0.062722325,0.02328941,0.09019733,0.035985082,0.0109042525,-0.021011377,0.03648076,0.10467722,0.14449629,2.6304502e-05,0.00040986447,-0.07016088,0.17086653,-0.025840063,-0.010516476,0.066567585,-0.12802126,-0.08157189,0.029557915,0.086179234,-0.049918685,-0.025733402,0.021429665,-0.011763236,-0.010498106,-0.061110217,0.06255041,-0.053852048,-0.029714782
TCGA-EW-A1OX-01A,-0.034512166,0.010513742,0.06132017,0.055498727,-0.049184952,0.019886376,-0.0067612627,-0.041040707,-0.052624688,0.027383395,-0.06617302,-0.057587985,-0.04726952,0.15521565,0.10972842,-0.06265628,0.009482253,0.058858894,-0.00034624297,-0.05201067,-0.058511633,-0.0798555,-0.052294463,0.044377152,-0.05533287,0.0073252018,-0.10006865,-0.027882826,-0.028324729,-0.099477425,-0.048278287,-0.012954785,-0.07019117,-0.08845426,-0.013209881,-0.13807873,0.008240366,-0.08083994,-0.14829034,0.036253016,0.006971873,0.017564012,0.044871338,-0.13183372,-0.07079928,-0.0082213115,-0.0066076205,0.037030146,0.027261574,0.065359265,-0.020157173,0.08358351,0.09871096,0.0018597812,-0.055864424,-0.093767665,0.008644232,-0.0358324,-0.08894654,0.1118008,0.05206774,-0.0322084,-0.17462572,0.03740525,0.06782518,-0.06636964,0.16991776,-0.046067506,-0.06775831,0.045837563,-0.07534233,0.11533509,0.0061248993,-0.14785485,0.09320363,-0.057304494,-0.013572846,-0.0012932788,0.15606208,-0.054009818,0.013312243,-0.043199107,-0.06578074,0.020932157,0.10185695,-0.05291143,-0.04848737,-0.051309004,0.13162474,-0.00012426205,0.10555244,-0.072280854,0.014020623,-0.0018229313,0.060135566,0.013788138,-0.015376046,-0.02604841,-0.08160207,-0.04853241,0.0013746067,0.06449181,-0.019952433,-0.07868101,-0.1301431,0.05801721,-0.011894345,-0.07757262,0.05685298,-0.019298308,-0.057812028,-0.13420312,-0.13850531,0.10613549,0.15070675,-0.054754574,0.03140085,-0.043937683,-0.015143076,0.0367511,0.10138572,-0.22577815,-0.00118296,-0.075522155,0.020343026,0.035026316,-0.088729225,0.066270865,-0.08097932,0.14853472,0.1596513,-0.012239657,-0.006327602,-0.042413518,-0.07380448,0.008099211,-0.027111504,-0.018413642,-0.07979712,-0.032640714,0.049917374,-0.047812592,0.006855416,0.07120252,-0.025437916,-0.016938066,-0.124070324,0.02756698,-0.026895568,0.043937072,0.06299511,0.08305139,0.049252417,0.008214335,-0.14243864,-0.0032932365,0.015936287,-0.15306959,-0.07815339,-0.0792626,-0.055130232,-0.15450509,0.04510009,-0.104172714,0.052349165,0.026859952,0.06799662,-0.046986055,0.05022399,-0.024331652,-0.10084823,-0.02508842,0.013583129,-0.0074397237,0.06592375,-0.054408055,-0.088048466,0.07869374,0.043704513,0.09600052,0.0041706646,-0.05100581,-0.0081298975,-0.0053568804,-0.026347255,-0.039110485,-0.0091872215,-0.007992892,0.012785313,0.03449971,0.073505946,-0.03145094,-0.0975491,-0.07705748,0.037850793,0.0089633735,0.059427723,0.012381302,0.047084734,-0.035001814
TCGA-PE-A5DE-01A,-0.0851072,0.017049821,0.04247324,0.112519555,-0.094559625,-0.023149133,0.010328312,0.030271009,-0.036713567,-0.002787423,0.028200636,0.023944082,0.023824051,0.16135134,0.13663872,-0.0279688,-0.045492493,0.06713455,0.025786808,0.014270089,0.030024346,-0.03558431,-0.097066045,0.012525632,-0.018640796,-0.0014829857,-0.090732954,-0.11629177,0.008499288,-0.050441165,-0.07463685,-0.024976637,-0.09372846,-0.13842608,-0.04244253,-0.10607204,-0.015081695,-0.008319751,0.010982126,-0.07650741,-0.057417355,-0.0037572365,0.14276668,-0.06253774,-0.029921522,-0.055362172,0.031857856,0.034429707,0.098267995,-0.035835017,0.09923623,0.01856312,0.14123122,0.036227923,0.016761241,-0.0022942557,0.018214874,-0.1153919,-0.06843216,-0.0134404125,-0.017268289,0.06162936,-0.07786176,0.095386766,-0.11261354,-0.034346085,0.110487565,0.15171479,-0.11614757,-0.02113935,-0.15381444,-0.040696926,-0.0196434,-0.19249925,0.053162545,-0.009278538,0.005946824,0.044574406,0.062345747,-0.043919686,-0.02121862,-0.02798492,0.06362248,0.0065589636,-0.034790408,-0.09909099,6.322184e-05,0.12878622,0.05769284,0.03280588,0.015393151,-0.12518072,0.067820914,0.033289265,0.1497394,-0.053522255,-0.048251122,-0.03361596,0.039594516,-0.08332175,-0.067912765,0.12817532,0.022889383,-0.0695358,0.007132583,-0.03424859,-0.13129565,-0.1587448,0.03407405,-0.09324115,0.017566815,-0.09462409,-0.04012843,0.12759641,0.06405628,-0.05213861,0.0012936831,0.013044704,-0.023110272,-0.04612141,0.12669478,-0.14993128,0.07442404,-0.007003881,0.0048343753,0.04423144,-0.08804666,-0.0020537372,-0.009630826,0.014063128,0.12676637,-0.048721325,-0.07912583,0.044653144,-0.1957799,-0.05041716,-0.08281636,0.01643793,0.006670235,0.051774025,-0.047105476,-0.065510765,-0.03296245,0.039369196,0.059643462,-0.028799945,-0.104824446,-0.0052112984,0.016488368,-0.028359285,0.0037749936,0.012462004,0.07629464,0.063677095,-0.03939815,0.0448097,0.08534936,-0.09638503,-0.06578817,0.024817722,-0.09084139,-0.06809963,-0.082485855,-0.109495275,-0.038326304,0.047847275,0.03924709,-0.019176336,0.0026750301,-0.019642351,-0.018392079,-0.011973886,-0.06144505,0.010909342,-0.09329177,-0.08789,-0.095212296,0.07810774,0.08514209,0.10462704,-0.08666375,0.018947024,-0.10484822,0.14663659,0.0194969,-0.063524395,-0.073700555,-0.0407901,0.007928361,0.07041169,0.029891104,-0.0067392276,-0.025072033,0.07456739,-0.038942464,0.0057252366,0.058777235,0.060434368,-0.01392367,0.023665085
TCGA-AR-A5QN-01A,-0.05180951,0.014778875,0.092646435,0.061387762,-0.046217207,0.07045734,-0.029878147,-0.008229989,-0.09794772,-0.008439585,-0.008181139,-0.065114714,0.008916571,0.07323701,0.17086467,0.01206097,0.16181456,0.066371314,-0.078947656,-0.092254095,-0.07860417,-0.05692334,-0.017166052,0.035071917,0.058081537,-0.07139775,-0.05100408,-0.022865906,-0.015021215,-0.04129196,-0.044354565,0.027797937,0.014085283,-0.1910982,-0.014328342,-0.09336941,0.0154662505,-0.03894358,0.024087071,-0.07111005,-0.0073158415,0.07329254,0.13870117,-0.03450556,-0.052094888,-0.0756405,0.05249237,0.044226274,0.08789347,0.08949034,0.004661014,0.02984426,-0.012770898,0.1349538,-0.04535236,0.0018489665,0.065796494,0.017528784,0.019788656,0.03906005,0.06413178,-0.019716635,-0.07123133,0.04945028,-0.018940983,-0.035619453,0.16967475,-0.05352111,-0.0039694533,0.036756065,-0.17421767,0.025887253,-0.10198191,-0.1843924,0.0884112,0.06887712,0.04213607,0.05855906,0.18293671,-0.07098203,0.014127897,-0.114432864,-0.031202273,-0.0335702,-0.013324183,-0.06742396,0.03626679,0.07758064,0.11816149,-0.13812733,0.027224386,-0.052340534,0.14597698,0.062162142,0.029570173,-0.06731636,-0.003439268,0.021487767,0.14658548,-0.023795845,0.042341337,0.06501764,0.0409705,-0.050467324,-0.07661884,-0.04334286,-0.05148594,0.015834933,0.016719783,-0.03729363,0.045427904,-0.063147366,0.018195769,0.15598936,0.047019586,-0.06935388,0.011334128,-0.033475667,0.005188547,0.0047873924,0.09485104,-0.091560945,0.029997118,0.087082036,0.11995794,-0.04665886,-0.02862678,0.10021769,0.041544974,0.08437428,0.06505678,-0.017445093,-0.030851513,-0.0338586,-0.08943779,0.027395666,-0.018480057,-0.013507869,0.009247067,0.0053222403,-0.07506935,-0.169418,-0.025317783,0.01135349,0.17606282,0.03992757,-0.034258313,-0.09930185,-0.03683833,-0.051334266,-0.053802054,-0.014202121,-0.03140553,0.0041092415,0.04617447,-0.00052154495,0.049450193,-0.071573555,0.032326214,-0.003925388,-0.05754696,-0.010112215,0.039255593,-0.13253082,-0.023181034,0.024723481,0.09020572,0.02657664,0.055733293,0.035918232,-0.034865838,-0.083724946,0.047282238,0.05956185,0.027311785,0.009343091,-0.04534777,0.028051596,0.006069881,0.16090095,0.046905022,0.0052141175,-0.013510869,0.05300744,0.08478304,-0.035234515,-0.14468,-0.05642893,-0.033649247,0.040832642,0.13323836,0.010367642,-0.046687853,0.011728318,-0.004579519,0.10976948,0.046178147,0.118020594,-0.057891224,-0.11908764
TCGA-AC-A3YI-01A,-0.03358961,-0.11722201,0.043248028,0.0041302866,-0.004167938,0.042691328,0.044957813,-0.002387466,-0.05350937,0.030692926,0.031101389,-0.008189696,-0.09800313,0.13421892,0.027988832,0.074142456,0.03504982,0.06563118,0.06332424,-0.12574677,0.0016264055,-0.09846755,-0.10626189,0.07748604,-0.052256003,0.012904963,-0.16825648,-0.039833456,0.002636163,-0.06479894,-0.101445824,0.021538187,-0.029437406,-0.059676956,-0.07821957,-0.082226574,0.05456825,-0.039229766,-0.07029609,-0.011935157,0.0071412334,0.0376918,0.085726865,-0.15295467,-0.029848365,-0.031263266,0.0860509,-0.046996593,0.09606472,0.09755262,0.024243321,0.037566736,0.029329626,0.031713244,0.017341787,-0.07306576,0.100061186,0.056531563,-0.022769347,0.043713666,-0.015603261,0.064136155,-0.026510604,0.13525364,-0.05552584,-0.007892214,0.13281487,0.012596834,-0.062172286,-0.028398471,-0.13427275,-0.024615629,0.014731376,-0.1617334,0.12850434,-0.0822515,-0.024167577,-0.0074262503,-0.0077564465,-0.10247757,0.056393463,-0.103019014,-0.011657714,0.09176736,-0.06574306,0.021922126,-0.096990675,0.09110561,0.16713537,0.046091545,0.09956827,-0.08100568,-0.017596152,0.061032243,0.12328378,0.018244645,-0.10210065,-0.003461084,-0.020372318,-0.045935057,-0.016497284,0.058327634,0.089755006,-0.07559203,-0.05393296,-0.046769436,-0.026478695,0.016217474,-0.024545105,-0.038330387,-0.11924446,-0.08936222,-0.07931455,0.1029697,0.045286566,0.013251487,-0.026452329,0.023412751,0.007748972,-0.0062504597,0.119763575,-0.1683371,0.04410894,0.06529,0.082563646,0.003916295,-0.01235942,0.033979915,-0.018247046,0.052692857,0.15091945,-0.046871863,-0.01433194,-0.048309244,-0.25186345,-0.060270138,-0.04155333,-0.037596364,0.006609379,0.054270197,-0.009028098,-0.08829643,-0.050994776,0.058524113,-0.04084586,0.028795555,-0.09565277,0.014396479,-0.03378547,0.009397075,0.014549834,0.035912808,-0.0075271805,0.1000431,0.00028514958,0.07544864,0.096996814,-0.09497691,-0.025496792,0.0393711,-0.047990512,0.009085067,-0.049982518,-0.14230703,-0.09004619,0.031077605,0.048902027,-0.051745586,0.0008799172,-0.14344908,-0.08777877,-0.07800274,0.042376027,0.038440503,0.03874459,-0.05665465,0.0028511886,-0.026767991,-0.015642576,0.1767367,0.049211424,-0.031563267,-0.07465565,0.0773624,0.050749786,-0.044351023,-0.117607415,-0.023344485,-0.034421016,-0.021075176,0.057605173,0.011829518,-0.10002334,-0.026070213,0.05027807,0.033410437,0.08087162,0.05886559,-0.043632653,-0.025062013
TCGA-A2-A0YI-01A,0.017110225,-0.008215346,0.1337485,0.02892753,-0.008095985,0.09072647,0.05074808,-0.0678249,0.00045160123,0.0024613475,-0.020167822,0.053870227,0.026769923,0.14970955,0.0143760685,0.07145404,0.032598987,0.14561582,-0.023822432,-0.09074895,-0.017985443,-0.056448746,-0.062183723,0.036810003,-0.024874965,-0.03522931,-0.14106597,-0.024228362,-0.08703422,-0.050950676,-0.064581886,-0.037550278,-0.023963874,-0.058204472,-0.12131573,-0.081096545,0.029603334,-0.08931108,-0.033423923,-0.005336161,-0.05042586,0.079037465,0.08090026,-0.07284404,0.026870582,-0.037078217,-0.0675695,0.016344182,0.044072922,0.10022178,0.01541296,0.10869417,0.086343326,0.07618369,-0.010605398,-0.012732588,0.09811206,0.06384879,0.011823461,-0.13055155,0.09116908,0.058937773,-0.10756823,0.12370592,0.083799005,-0.05175526,0.1365064,-0.017819617,-0.028950486,0.0119931,-0.08147663,0.0068625035,-0.046341144,-0.17270423,0.021091275,-0.03530434,0.008745619,0.007998465,0.042134468,-0.035992607,0.036332004,-0.050250556,-0.1333357,0.02679661,0.028988317,-0.14432883,-0.084435865,0.111126095,0.17942937,-0.011773151,0.111526676,-0.116872974,-0.017111974,0.04887843,0.08425807,-0.02043141,-0.043863844,-0.034696184,0.026055226,-0.08563021,0.013333648,0.029103901,0.10317109,-0.17373848,-0.13272297,-0.03254728,-0.051365767,0.06317117,-0.040596038,0.019749045,-0.022088574,-0.076918185,-0.065479755,0.12295894,0.037573658,-0.06601777,-0.0009093705,-0.0021432645,-0.06156987,-0.08579734,0.054235037,-0.108897455,0.1145474,0.03443479,0.036933783,0.019753072,-0.0202518,0.036212392,0.01488505,0.088967696,0.17286243,-0.005910266,-0.009513565,-0.040655628,-0.13540724,0.008029074,-0.015068223,-0.016417395,-0.0011881603,-0.0016101063,0.031393044,-0.09583195,0.014263386,0.033682562,0.0013099753,-0.0447906,-0.11896595,-0.075910255,-0.022857489,-0.039916065,0.045048676,-0.03299721,0.038764868,-0.018231733,-0.043676652,0.068164095,-0.030714242,-0.117013894,0.08212458,-0.002752444,-0.043216042,-0.10774076,-0.053257454,-0.122747324,-0.060378183,0.023598038,0.10029513,-0.013241791,-0.0302621,0.046258893,0.023657441,-0.061053164,0.0048213257,0.020650826,0.04879435,-0.003458824,-0.13105069,0.027148798,0.03131259,0.12469932,0.023830853,-0.05900879,0.042802118,0.010721759,0.0011093505,-0.113098025,-0.09633382,-0.022698393,-0.020658102,-0.010522382,0.11893856,-0.036272258,-0.076476194,0.052098535,-0.06984502,0.13313937,0.11072321,0.100481324,-0.09567512,-0.005088617
TCGA-A7-A26I-01A,0.024943816,-0.07607486,0.121548876,0.0281897,-0.00025454888,0.15097493,-0.006530468,0.106209286,-0.044488292,0.0716732,-0.017040204,0.011016366,0.013808245,0.10671927,0.06016243,-0.005503557,0.046559256,0.03503553,-0.022967886,-0.12960841,-0.02538078,-0.039634388,-0.114744775,0.12957141,0.006659152,0.01740645,-0.10595964,0.0051657762,0.06091153,-0.10969847,-0.101156116,-0.014880091,-0.025968872,-0.059387416,0.016713494,-0.13819362,0.003026422,-0.042091485,-0.029125508,-0.101388276,-0.023852699,0.015007186,0.1447021,-0.07442193,-0.07301391,0.03646804,0.022541642,0.03572437,-0.001144134,0.123309724,-0.05141733,0.008236867,0.039276775,0.06418119,-0.038951922,0.026851876,0.13390155,0.09180106,-0.049689632,0.10201708,-0.0055175833,0.06994713,-0.08627564,0.11636992,-0.03775057,0.003528092,0.13600285,-0.01690628,-0.17297299,-0.019155813,-0.02995335,0.00851432,0.030178566,-0.18175177,0.11027983,-0.024042124,-0.055912714,-0.019086543,0.13742629,0.014169328,0.030342612,-0.02736269,-0.033602294,-0.015535411,-0.006535793,-0.049044646,0.054986533,0.11423066,0.2022834,-0.022163255,0.014476443,-0.11905764,-0.009423776,0.108889304,0.018079786,-0.033208486,-0.039307136,-0.02079116,0.08049527,-0.06904839,-0.0018472773,0.056102663,0.017405245,-0.10141666,0.03958423,-0.029559398,0.052186467,0.08218102,0.00057391997,-0.027758986,0.037538752,-0.11623609,-0.13126412,0.122741304,0.10032743,-0.021615803,-0.06738168,-0.005335336,-0.031961344,0.05610828,0.14554986,-0.05144034,0.086907856,0.037171483,-6.679627e-05,-0.02786018,-0.011427359,0.077621184,-0.052797068,0.13348609,0.05290736,-0.12182425,-0.09609233,-0.063093476,-0.15846841,-0.04682442,-0.04337514,-0.056950454,0.015922878,0.02520915,-0.028831871,-0.17289566,-0.091776565,-0.026528127,0.029054178,0.11103369,-0.11362269,0.002327557,-0.05210906,-0.035650056,-0.061514553,-0.0096243145,-0.028892005,0.004259823,-0.016750237,0.034733284,0.07149335,-0.08184315,-0.027037326,-0.011351334,0.0013142712,-0.0093737235,0.08721063,-0.066793025,0.016455201,0.03532048,0.07020497,-0.014224767,-0.030188853,-0.05815358,0.036192324,-0.12137966,0.0054215486,0.017161442,0.08733576,0.02609282,0.012207179,0.0060145087,-0.033312313,0.1382376,-0.048780937,-0.008617458,-0.05751613,0.0718611,0.008209917,-0.11829388,-0.046911422,0.015604639,-0.08508234,0.01279103,0.033811055,-0.11115119,-0.057696264,0.028808573,-0.012109611,0.044624142,0.0869276,0.05439126,-0.048404526,0.027072733
TCGA-B6-A40C-01A,-0.086984016,-0.05100412,0.11774879,0.05722858,-0.04726681,0.004981604,0.00037023722,-0.03519861,-0.09652992,-0.026930781,0.0323357,0.110617846,0.086163014,0.15479447,0.063437685,-0.09279465,0.027840054,0.05895156,0.019845325,-0.0017361593,-0.021399636,-0.03168586,-0.09565357,0.08501605,0.05348405,-0.06946638,-0.14993359,-0.041864797,-0.03286029,-0.04296897,-0.1346706,0.05237328,0.01542086,-0.16599993,-0.05085858,-0.04269723,0.039744366,-0.029686682,0.03954638,-0.024837742,0.0029050496,0.07876587,0.07013946,-0.13718805,-0.00855254,-0.049029782,0.061209567,-0.07019786,0.09615058,0.08693761,0.117241,0.1236473,0.0027860173,0.035230745,0.058343705,-0.008469566,0.03694835,0.0093930345,0.0011886994,0.028736455,0.019596657,-0.018349098,-0.059364416,0.052037098,0.019030835,-0.094837144,0.03857046,0.04561465,-0.052605454,0.06432901,-0.14445373,-0.0040232823,-0.033617057,-0.15817748,0.1102927,0.03185808,0.05819706,0.070353925,0.11811547,0.00764026,0.022616966,-0.1360356,-0.03286871,-0.0388338,0.04626347,-0.11547275,-0.019617222,0.012912288,0.08782339,-0.024820706,0.08025807,-0.064998746,0.029245745,-0.003771649,0.09210113,-0.0016006205,-0.07026469,-0.040650886,0.0281535,-0.10467899,-0.052334655,0.093296,0.0053401846,-0.030758006,-0.08670929,-0.055589214,0.0684282,-0.14953695,0.03081989,-0.0490248,-0.093573995,-0.14180045,-0.010249825,0.16581012,-0.038141567,-0.040309995,-0.070776574,-0.047707804,-0.0971967,-0.022469787,0.00077582547,-0.15075436,0.059678707,0.005974479,-0.05216325,-0.01200577,-0.040895328,0.035335958,0.022190893,0.12824932,0.0283314,-0.08056678,-0.085393436,0.0005489793,-0.101735026,-0.0007926095,-0.11513986,-0.057361457,-0.03430211,0.038724348,-0.051398914,-0.20497362,-0.031386554,0.07315052,-0.035641894,-0.065681204,-0.062425904,-0.020518508,-0.022811787,-0.04117121,0.03902918,0.012051342,-0.008063082,-0.016495088,-0.014508695,0.0021953902,-0.004494561,0.027269088,0.010125441,-0.07387094,-0.03248517,-0.02999367,0.034659155,-0.13074963,0.010066338,0.028326362,0.17421198,0.053986512,0.06320858,-0.06324032,0.0047326004,-0.0435707,0.06530754,0.021670869,0.089833364,-0.08045876,-0.16200127,0.061706137,0.05337985,0.0984753,0.00354346,-0.045651272,-0.07598006,0.06562621,0.051145714,-0.04231887,-0.111598484,-0.10460193,0.04130035,-0.03389684,0.105704725,0.0005568129,0.000113559734,0.050503198,-0.0057936255,0.035486277,0.010988434,0.13966982,0.00545547,0.019852178
TCGA-AC-A7VC-01A,0.08361044,-0.020816324,0.039823286,0.096850134,0.0031303545,0.016702399,0.02481939,-0.03357321,-0.056046534,0.031806204,0.036855612,-0.10088903,-0.014825076,0.19002934,0.079435,0.011349194,0.072867714,0.12824945,-0.022427497,-0.065083265,-0.0061066435,-0.06621572,-0.08073264,0.018176313,-0.008928779,-0.0029322905,-0.14806163,-0.055403203,0.035813354,-0.04241377,-0.0015796762,0.029898718,-0.14578058,-0.09929193,-0.024824928,-0.04471978,-0.03887838,0.025433166,-0.014147099,-0.09299745,0.028615087,0.05785199,0.12379816,-0.10136693,-0.0098882625,0.029697007,0.08667553,0.021440271,-0.03067955,0.047120795,0.06420625,0.12411326,0.0072137234,0.0516929,-0.014754256,-0.06027416,0.16785452,0.06217766,0.08076079,0.0060297805,0.08779604,-0.027308032,-0.12532592,0.08693555,-0.08470341,-0.043636166,0.17038634,0.08165486,-0.14333549,0.028003586,-0.16719536,0.0014011683,-0.021945283,-0.129731,0.044824407,0.032126773,-0.05097624,0.06537759,0.034402788,0.022071969,0.015855705,-0.0072899526,0.0035513067,-0.003352319,0.0009403664,0.04711275,-0.0011411501,0.107735515,0.13233435,-0.061508,0.021160334,0.04944427,0.06059904,0.06064062,0.090655655,-0.0016368548,-0.033907153,-0.01072337,0.029315265,-0.0304917,-0.014063719,0.0154215675,0.0030153242,0.051471032,-0.008917684,-0.059593152,-0.114359654,-0.111577906,0.018736627,0.006054452,-0.016020618,-0.07289923,-0.05196736,0.008454488,0.09462003,-0.024497993,-0.035932645,-0.02356369,0.0021989665,-0.07158513,0.08244694,-0.17009751,0.015868258,0.054594442,0.08011368,-0.059588242,-0.032686602,0.017920615,0.011457607,0.22858948,0.102471985,-0.07322015,-0.070894025,-0.08021447,-0.19857745,0.031112954,-0.12307057,-0.020413144,-0.047921605,-0.026361985,-0.0047454676,-0.17849605,-0.019899203,0.014557112,0.049555354,0.06008844,-0.16567558,0.012128181,-0.04667707,0.02854025,0.026054142,-0.01216456,0.0017826024,0.038018163,-0.022377068,0.06825316,0.0664397,-0.14860947,-0.021897465,-0.029900992,-0.02465985,0.04396224,0.11419208,-0.136526,-0.008477036,0.038796198,0.119212806,0.026950028,-0.05522772,0.037964534,-0.024148865,-0.14329554,0.057441894,0.06887808,0.035698336,0.017461296,-0.029936237,0.066222906,0.09707608,0.026619932,-0.008201536,-0.02234414,0.023241514,0.058239907,0.00021871278,-0.01672482,-0.069648765,-0.048102792,-0.083781876,0.036941327,0.029063195,-0.043540046,-0.073792696,0.007905765,0.05406549,0.04815897,0.055089317,0.016753202,0.020407785,-0.038096327
TCGA-D8-A1Y2-01A,-0.009288214,-0.032757614,0.05768755,-0.003868727,-0.029329192,0.005532614,0.01991473,-0.01713882,0.01020022,0.025364235,0.057353813,-0.06726279,-0.009491837,0.1009242,0.14936872,-0.007594566,0.10063085,0.050106604,-0.054154843,-0.13592574,-0.024598313,-0.08653886,-0.04853515,0.038161464,-0.06841861,-0.04176257,-0.16246563,-0.077737376,-0.029729556,-0.123607114,-0.060347565,-0.006467447,-0.057705685,-0.1370461,-0.027987204,-0.14425156,-0.067956686,-0.037689857,-0.07923895,0.023612281,-0.0019293828,0.11427594,0.08126431,-0.0495728,-0.019906338,0.035806697,0.004850276,-0.046754427,-0.011433778,0.082647234,0.1558668,0.027676165,0.09039729,0.005814427,-0.14166252,0.03558384,0.0036092582,0.017902127,0.0009009792,0.07247419,0.06740928,0.040466115,-0.14375906,0.19161464,-0.015369413,-0.020364096,0.17928639,-0.027387807,-0.1001758,-0.02640653,-0.15536849,0.015214207,0.024906373,-0.0695556,0.029428542,-0.02628549,-0.027908973,-0.048528045,0.18313976,0.0044293655,0.07139565,0.020192124,-0.11388747,0.07147686,-0.06165185,-0.039166063,0.020546908,0.072771214,0.13813525,-0.051208198,0.15744068,-0.08344067,0.07019797,0.029799461,0.11566033,-0.083708435,-0.02225752,0.0142289335,0.008256011,-0.0064124446,-0.05999638,-0.0018977753,0.041842595,-0.073593505,0.015208043,-0.07432378,-0.040134605,-0.07592011,-0.021879043,-0.043105844,0.01538213,-0.043078445,-0.07098449,0.06917066,0.07029436,-0.055008467,-0.10767065,-0.005143553,-0.06311628,0.0056578782,0.030441636,-0.14215724,-0.06819347,0.0762372,0.010680342,0.03685899,-0.047545236,0.041411623,-0.026581468,0.14580777,0.07175836,-0.08378043,-0.07063118,0.05186559,-0.13667138,-0.023239864,-0.0343497,0.01680984,0.00085769943,0.064178236,-0.02804182,-0.17535411,0.070255995,-0.003222316,-0.022324348,-0.0041715563,-0.10249447,-0.021937933,-0.06322472,-0.14493185,-0.04790175,0.019480519,0.0336704,0.068284206,0.019198429,-0.003540504,0.05659699,-0.11273579,-0.047340654,-0.024273956,0.0010642371,0.025136434,0.007537128,-0.083411805,-0.07610791,0.019025683,0.063261874,-0.0035534408,0.036331546,-0.014015656,0.06292177,-0.09434482,-0.023248745,-0.035587087,-0.024211148,-0.06840582,-0.050779004,0.047112714,0.114569694,0.16054173,-0.033326723,-0.08164173,0.009006655,0.012598087,0.03850356,0.023456244,-0.06781633,-0.0050341627,-0.13748574,0.029887784,0.054321777,-0.020678742,-0.0025496907,-0.008924661,-0.09470174,0.0021766964,0.08374594,0.042827357,0.01039789,0.049693413
TCGA-AC-A3OD-01A,-0.053114396,-0.02850033,0.107162185,0.03632479,0.036787104,0.03630569,0.043250423,0.060615413,-0.011058632,0.0008269708,-0.013152601,-0.0869045,0.0007581996,0.09617118,0.069632344,-0.1003618,0.066384144,0.06228126,0.0022450155,-0.11245301,-0.0214287,-0.0025523482,-0.07445272,0.0329834,0.049173884,-0.022635607,-0.11577774,-0.12910663,0.024130847,-0.018673213,-0.05928236,0.0031814328,-0.04912549,-0.11146502,-0.051199097,-0.09392994,-0.020667877,0.009321603,-0.1313085,0.04209513,0.0154750645,0.0991566,0.102661476,-0.11570066,-0.030304138,0.006546383,-0.02384435,-0.03310505,0.075159274,0.13048835,0.09124915,0.045126233,0.010396449,0.112658076,-0.03193521,0.013379763,0.10270174,0.09169588,-0.020504337,-0.0048771338,0.0033287401,0.017807996,-0.0763244,0.052598663,-0.043433424,-0.014548252,0.14093246,0.05742181,-0.058249686,-0.0052335355,-0.038466234,-0.0014204716,0.038730536,-0.20413566,0.03511129,-0.07425303,-0.04097525,-0.018782364,0.06561952,0.02728996,-0.0005240508,0.012192238,-0.030250065,0.020980852,-0.09401781,-0.11257546,-0.062931,0.08235473,0.08554774,-0.04440622,0.041909926,-0.137452,0.10106097,0.032106493,0.082674466,-0.03349246,-0.13612781,0.018335465,0.020876383,-0.105340816,0.055681795,0.019087475,-0.040157724,-0.105464734,-0.13131966,0.06731915,0.019176964,-0.01234492,0.06706745,0.04410208,-0.117619425,-0.13884176,-0.06980926,0.03960519,0.095500715,0.005589344,-0.014619308,-0.048987206,0.009429266,-0.015251421,0.00255984,-0.08293488,0.103489004,0.016440963,0.008406897,-0.08183592,-0.083186835,-0.007941597,0.019245328,0.17813347,0.057250332,-0.051589068,-0.0619767,0.012263087,-0.117560096,-0.056521676,-0.052161716,-0.024933964,-0.06788911,0.005998521,0.04190869,-0.08037609,-0.10275578,0.0504779,0.023050738,0.008592105,-0.11217049,0.019341951,-0.005712528,-0.13122314,-0.018512573,-0.01548529,0.04986848,0.09604185,-0.03907101,0.0452682,0.004467711,-0.11555089,-0.051452477,-0.025810197,-0.048206825,-0.036733814,0.020854516,-0.22174147,0.029086791,0.04606632,0.06872369,-0.09025783,0.029070776,0.08372064,-0.009051535,-0.15915318,-0.027763411,0.075907625,-0.036933545,-0.02567989,-0.023279984,0.092185035,0.10465959,0.105783865,0.009127333,-0.05693901,-0.034534402,0.12971024,-0.034788944,-0.11597731,-0.054216463,-0.021245345,-0.03920796,-0.03949645,0.15648584,-0.068807036,0.026266085,-0.033752,-0.00038124828,0.016319323,0.08807218,0.06594533,-0.104401775,0.026961239
TCGA-GM-A2DA-01A,-0.018918961,-0.024269657,0.12080433,0.009534706,-0.043098968,0.081519894,-0.052742507,-0.0056500807,-0.07030536,0.06398328,-0.045280002,0.03069447,0.011273907,0.18965165,0.015866548,-0.017857468,0.044371396,0.072784625,0.0641048,-0.15617648,-0.09156345,0.0037386909,-0.0861958,0.082434,-0.0633131,-0.029916588,-0.1884955,-0.07366075,-0.026654413,-0.029069362,-0.10622791,0.029203868,-0.011192813,-0.11878866,-0.118776195,-0.122110486,0.11131381,-0.011992372,0.03681644,-0.04902921,-0.04830214,0.1012972,0.060996383,0.015154936,0.038684476,0.065332286,0.033355962,0.014702636,0.05751483,0.08453673,0.062262278,0.019339187,-0.001023919,0.07473818,-0.006101351,0.036713284,0.12143109,0.041477658,-0.0065658716,0.00809388,0.049929295,-0.020095056,-0.017325103,0.056238472,0.001674266,-0.088016294,0.17624222,-0.0050323075,-0.12504236,0.021036547,-0.19724303,-0.009466919,-0.07121534,-0.15100917,0.036962353,-0.009673866,-0.02949085,-0.022041678,0.095130935,0.088798285,0.06414302,-0.025682965,0.026542177,0.004396147,-0.012170381,-0.027045082,0.05198397,0.09329802,0.14379697,-0.057814546,0.042372387,-0.057887126,0.05549847,-0.01269389,0.12820047,-0.06618001,-0.083220035,0.05751286,0.017560564,0.011988307,0.044927817,0.084071204,0.12292144,-0.102766804,-0.011918767,-0.03183387,-0.0010061312,-0.10346222,-0.02158617,-0.02204578,0.008166554,-0.01964611,-0.03577654,0.11145898,0.04350036,-0.022461612,0.0028291603,-0.1050331,-0.04697009,0.004861224,0.123460904,-0.15286332,0.022539774,-0.071556255,0.06532746,0.026786238,0.012143138,0.035100233,0.007143213,0.06514959,0.058458496,0.000468012,-0.028038546,-0.0392374,-0.09210567,-0.011769933,-0.06290065,-0.060581945,-0.015027084,-0.044890773,-0.038346183,-0.11468958,-0.020047802,-0.042769153,-0.042790126,-0.033103626,-0.05543571,-0.06479548,-0.021460637,-0.07246695,0.030512244,-0.008412012,-0.035911676,0.08618895,0.02058417,0.021878062,-0.00064601924,-0.09344673,0.007782399,-0.09223836,-0.0594027,-0.0976564,0.018886415,-0.12063611,-0.02243779,0.13104402,0.19237773,0.0010335728,-0.06444698,0.032694053,-0.053385176,-0.030641342,0.069125235,0.004249349,-0.02694759,-0.06253528,-0.05281616,0.07295418,0.024399944,0.1513995,-0.01858625,-0.012978723,-0.0041329768,0.009819494,0.016297415,-0.11963594,-0.20580882,0.022951702,0.0014740844,0.034530554,0.0072026225,0.045412038,0.011339842,0.040610135,-0.042925186,0.021330835,0.08789375,0.17660746,-0.026076298,-0.019305041
TCGA-AC-A2BM-01A,0.0057281656,-0.0045212223,0.15634839,0.045296673,0.0032665306,0.08391775,-0.0024604334,0.018644791,-0.039631356,-0.02980289,0.039664183,0.03240062,0.006563122,0.091453254,0.077481434,-0.0035610143,0.12930799,0.1031472,0.013035273,-0.03493042,-0.06777282,-0.067998186,-0.051129762,-0.03142755,-0.03174902,-0.123227105,-0.09044641,-0.0756522,0.09901576,-0.13492313,-0.026818337,-0.046327714,-0.080007784,-0.1421349,-0.11746512,-0.16547248,-0.010023836,-0.017447617,-0.13840283,-0.0068616187,-0.029393703,0.14863513,0.06547878,-0.121534646,-0.022474041,-0.08181842,0.107657395,-0.019588495,0.07920103,0.0809993,0.096333146,0.021204144,0.086635,0.042685837,-0.1019396,0.04780337,-0.0069656847,-0.08409655,0.0066778627,0.091569014,0.13621351,0.026887298,-0.033148363,0.09887461,-0.078764126,-0.027720617,0.089949,0.076307125,-0.087590955,-0.03148726,-0.06737527,0.040106647,0.020994725,-0.17420088,0.08231307,-0.07787507,-0.062164154,0.05174111,0.08457585,0.044373445,0.06129204,-0.010095282,0.039015777,0.030112691,-0.0168192,-0.056446962,-0.024362033,0.025428195,0.05599301,-0.053963237,-0.07950924,-0.04418469,0.114869505,0.04609283,0.11547123,-0.07991487,-0.12681532,-0.008699294,0.03878999,-0.05442525,-0.04977,0.10955224,-0.044113353,0.010180328,0.025987683,0.015518144,-0.054099757,-0.11264133,0.061045326,-0.026250524,-0.029941477,-0.0024319023,-0.091291,0.045503158,0.10403728,-0.08623377,-0.03341124,-0.025402356,-0.006612936,-0.056590844,0.0494094,-0.06665039,0.056734618,0.04706429,0.027320243,0.005840487,-0.1421635,0.028313026,-0.008014318,0.10974647,0.12056875,-0.10810005,-0.07160731,-0.03866544,-0.17224665,-0.049963254,-0.07324642,-0.04572745,0.036315817,-0.023993336,-0.033243805,-0.087283425,0.046404447,-0.04488906,-0.05066718,-0.03957935,-0.091381654,-0.03943627,0.0001705686,-0.04985904,0.023111008,0.02368016,0.10450467,0.0011920775,0.07063412,0.017821549,0.02921794,-0.09005203,-0.13193795,-0.046985332,0.111108676,-0.060133137,0.11716582,-0.09554928,0.010376862,0.093366474,0.12958707,0.017769247,-0.050753847,0.016094679,-0.057487343,-0.023420466,0.0262608,0.014640382,-0.074073374,-0.09424865,-0.03561218,-0.036867682,0.09253947,0.14172432,0.015220679,-0.017674344,-0.025876079,0.0005271507,-0.034307644,-0.033389773,-0.025506217,-0.068503104,-0.016733462,-0.049668517,0.0012330228,-0.07318959,-0.008290356,0.0867949,-0.03323697,0.08456933,0.07630839,0.055530205,-0.031811506,0.022579575
TCGA-GI-A2C8-01A,-0.056198042,-0.06921942,0.13228194,0.14947093,-0.044930197,0.07953558,0.013269682,0.043860786,-0.048217423,0.016456349,-0.03667674,-0.04078745,-0.04894545,0.13367832,0.050646592,0.044736736,0.06880948,0.037030976,-0.015269058,-0.09087424,-0.04983366,-0.10245507,-0.06186404,0.036192533,0.017868603,-0.028560331,-0.1818231,0.047971804,-0.053436898,-0.08550022,-0.041002538,-0.05043668,-0.15368666,-0.07107977,-0.06724039,-0.033854205,-0.029304206,-0.024615139,0.087559916,-0.055465117,-0.033066113,0.10783648,0.10708018,-0.13737637,0.0035336833,-0.042903464,0.059547883,0.15191472,0.018122092,0.121386796,0.024125189,0.093110345,0.059875313,0.07535825,-0.05901464,-0.00605004,0.07904469,-0.02068858,-0.07858291,-0.014973234,-0.03947862,0.008323623,-0.029930754,0.088423274,-0.0005968196,-0.022934023,0.11600695,-0.047310885,-0.13214722,0.046021752,-0.05791917,-0.047871,0.020702777,-0.111391045,0.089333475,0.03091443,-0.038047653,-0.0072039035,0.12636296,0.055979703,0.06572192,-0.0015216978,-0.060451422,0.075824626,-0.047129408,-0.018645551,0.06392483,0.033806294,0.09095198,0.028579257,0.09511245,-0.075465135,0.07768392,0.02084385,0.033938244,-0.052939434,-0.046097126,-0.03051342,0.041054714,0.056177527,-0.04283485,0.1116652,0.12210825,-0.10544124,-0.010580253,0.01086016,0.050399926,-0.16445893,0.010099197,0.003981715,-0.048459698,-0.09464168,-0.16718048,0.04842231,0.18237022,-0.025936076,0.036574017,-0.02311547,-0.033314805,0.00892366,0.114944406,-0.037509043,0.046209592,-0.014243691,0.02532727,0.077981904,-0.13101183,0.10332823,-0.0047181887,0.08844205,0.13502774,-0.02292297,-0.06342002,-0.0044612046,-0.19900778,-0.017610265,0.0020188892,-0.014298104,0.0149302,0.010278826,-0.029407792,-0.06303148,-0.073436126,0.0061164605,0.010851537,-0.01556898,-0.07733542,0.07742224,0.04853069,0.03459343,0.008086738,-0.046446767,0.04543159,-0.02862272,-0.11301229,-0.022890072,0.065013096,-0.11562749,-0.035291865,-2.2513143e-06,-0.050360348,-0.045219462,0.12115949,-0.1775581,-0.0899855,-0.0010492865,0.05848829,-0.021360068,-0.060073547,0.008540878,0.06340857,-0.10913478,-0.03002225,0.046337698,0.014262561,-0.06133149,0.04686811,-0.008301109,0.1240599,0.08794782,-0.041480843,0.042399913,-0.032464147,0.055032592,0.100249365,-0.011841684,-0.042492077,-0.055977117,0.0072884806,-0.012565516,0.07110918,-0.014111986,-0.043057732,0.0021205796,-0.096709795,-0.037026625,0.05693833,0.055383936,-0.05591584,-0.041942388
TCGA-D8-A1XL-01A,-0.009053231,0.041998792,0.06542664,-0.0016833778,0.04371232,0.030109363,0.02264735,0.02168698,-0.06290027,0.013354403,0.009222542,-0.032264028,0.037370086,0.16645996,0.1415218,-0.028972657,0.030819435,0.047249954,0.018255731,-0.1035406,-0.08752484,-0.027353251,-0.0882286,0.036246713,-0.027600085,-0.050200034,-0.13695915,-0.0830728,-0.014361313,-0.020460987,-0.10918236,-0.0571489,-0.055288717,-0.16625106,-0.027908567,-0.101045616,-0.005679057,-0.09065726,-0.103656255,-0.027842546,-0.09814232,0.15774548,0.15051585,-0.07425207,0.0037496965,-0.01755931,0.040338755,0.06032005,0.069876954,0.1095904,0.023771424,0.08441736,0.034518912,-0.037612107,-0.046247225,0.01919258,0.10766769,-0.043530654,0.012285987,0.05074005,-0.002501938,0.0053056283,-0.11329459,0.12720668,-0.1075029,-0.026647348,0.088846326,0.056439392,-0.05380602,-0.024829237,-0.070630215,-0.028514845,0.055680867,-0.12511274,0.04904495,-0.05300812,-0.0039836923,0.011483996,0.10251417,0.05144286,0.005804777,0.0055941814,-0.024847463,-0.010780925,-0.06588603,-0.02580959,0.011366331,0.07570273,0.06795982,0.03918061,0.036850095,-0.06879756,0.14819743,-0.0026216942,0.09872108,0.0079662055,-0.1640051,-0.030563042,0.087139286,-0.042086102,0.008093166,0.15608932,0.09927724,-0.08054641,-0.08508366,-0.018786715,-0.07219199,-0.12564552,-0.054634962,-0.009462,-0.0022900526,-0.044095278,0.003936331,0.017305385,0.13483413,0.031266402,0.02807336,0.01045905,-0.10506207,-0.013379041,0.061541043,-0.018401572,0.03127621,0.006787083,0.06831751,0.03312383,-0.08894439,0.034272455,-0.010034202,0.104539,0.10085975,-0.16050142,-0.0412713,0.039407305,-0.13567492,-0.065897316,-0.046308134,-0.017187985,-0.07097127,0.065883026,0.023714382,-0.15039647,-0.008853567,0.06671444,-0.019552963,-0.008100629,-0.08487088,0.048925366,-0.0587215,-0.03982584,0.021370055,-0.021107934,0.064744614,0.037995726,-0.04542754,-0.013632106,-0.01957132,-0.13914154,-0.10264934,-0.062247675,-0.027963405,-0.03424028,0.063726015,-0.13102524,-0.039350014,0.06584803,0.10285414,0.06347196,-0.05435039,-0.034089867,0.05051847,-0.031446423,0.006684607,-0.028350651,-0.021826139,-0.10958722,-0.058608864,0.061203174,0.09069789,0.11875416,-0.1214149,-0.04491564,-0.04778899,0.051887386,-0.076478325,-0.099718064,-0.06052472,-0.0727155,-0.0019761103,-0.018211097,0.10806023,-0.081006765,-0.07766941,0.0063188877,-0.02133657,-0.040752545,0.101479165,0.06295106,-0.10158634,0.048389286
TCGA-LL-A6FR-01A,-0.03706056,-0.03360923,0.09925316,-0.02915782,0.09154004,0.0096711265,0.14381309,0.08086383,0.006894997,0.06862202,-0.08346923,-0.027043045,-0.014099711,0.115531616,0.03536732,-0.090548776,-0.0087958565,0.062527046,0.005254696,-0.100446455,0.0046126163,0.030340044,-0.05188944,0.11122998,-0.01352815,-0.016946275,-0.12074775,-0.05614855,-0.012840223,-0.03773572,-0.09474488,0.060597114,-0.0062709297,-0.09549194,-0.15880126,-0.055269826,-0.082780264,-0.03933391,-0.036886185,0.010066235,0.009349819,0.06541706,0.1856989,-0.09290827,-0.024577256,-0.030272456,0.044385552,0.07093974,-0.011743058,0.05901398,-0.017455483,0.06675756,-0.027333852,0.0329872,0.057732567,-0.07140367,0.055404156,0.10247381,-0.014642343,0.020253368,0.059338834,0.012463403,-0.07852526,0.12239955,-0.08781016,-0.06833636,0.100226454,-0.044979546,-0.06908873,-0.036408372,-0.045344435,0.055742692,-0.023865063,-0.14902723,0.1761331,0.0038192961,-0.043190304,-0.0018694189,0.19528829,0.006315471,0.0066836346,-0.034653403,-0.019111138,0.04913,-0.04834843,-0.11478976,-0.043852594,0.08723431,0.095089346,-0.0537473,0.05448157,-0.049853284,0.015508993,0.06891403,0.0047401153,0.049813617,-0.063649714,-0.025771126,0.07910453,-0.07126468,0.0010094132,-0.033060778,0.00073008204,-0.13105674,-0.038844306,0.07042325,-0.075607255,-0.09415056,0.004055632,0.10610076,-0.09031551,-0.030763257,-0.05739605,0.025303852,0.1681226,-0.04232346,0.04796494,-0.048989233,-0.010606237,-0.06280446,0.033983458,-0.04979234,0.10805042,0.013302671,0.02027931,-0.030800834,-0.033325724,0.015648298,0.082396165,0.1277082,0.0005560693,-0.07379362,-0.05690004,-0.06470885,-0.12326292,-0.03185422,0.024360899,-0.067301825,-0.0020628374,0.036930084,-0.030542416,-0.12441218,0.0014577268,0.052597456,-0.08860146,0.03940076,-0.09162459,-0.053539544,-0.056559183,-0.12899354,-0.021354783,-0.009969912,0.048710506,0.049001653,0.044176985,0.05667247,0.053939402,-0.07887414,-0.024261242,0.04177437,0.075882696,-0.042851295,0.010969094,-0.21180731,-0.0026580258,0.0449827,0.056934353,-0.024162058,-0.042310834,-0.03057571,-0.046774745,-0.13544524,-0.013253478,-0.022454627,0.0660114,0.049513314,-0.08534745,0.14074983,0.1355392,0.10998568,-0.040494554,0.004393373,-0.073833324,-0.029618155,0.017772416,-0.09870041,-0.029115401,0.056721248,-0.030494358,0.06463566,0.039521076,-0.1443205,0.003730593,0.043393973,0.060213067,-0.029978013,0.14733706,0.068993315,-0.0019939644,-0.04857267
TCGA-GM-A2DK-01A,0.00067079876,-0.078078814,0.15449877,0.060380947,-0.005404981,-0.026247421,0.04827574,-0.025674675,-0.041412972,0.016416125,-0.036440004,0.010122217,-0.044894863,0.13351457,0.14803673,0.0017975323,0.012391456,0.08226669,-0.062451065,-0.12764272,-0.034976605,-0.03788049,-0.04336733,0.10948124,-0.099903814,0.0125718685,-0.10595757,-0.06683752,-0.03446251,-0.07619785,-0.056156043,0.08664056,-0.054399054,-0.15645574,-0.11973619,-0.1562976,-0.03574044,-0.032670647,-0.113132976,-0.004717959,-0.021491801,0.11552997,0.014205376,0.0014192198,-0.05925322,-0.02881653,-0.0013979163,0.066945314,0.057440016,0.10755804,0.043892823,-0.019696169,0.030148825,0.016374154,-0.009233112,0.026513336,0.017686348,0.034690645,-0.0104338,0.0808718,0.07678891,0.04519385,-0.038072612,0.07935262,-0.015408794,0.023744758,0.09969327,-0.014995836,-0.07679322,-0.0036700391,-0.05962333,-0.049669296,0.009388542,-0.17211805,0.09255513,0.010677603,-0.05659179,0.03026293,-0.009195671,-0.026396027,-0.01937604,-0.032647673,0.019859165,0.02560168,-0.040009394,-0.06876168,-0.027478829,0.039588265,0.11179695,-0.031379927,0.063894354,-0.057766676,0.06310934,-0.035302576,0.072776854,-0.08136085,-0.03382549,0.031585142,-0.015780918,-0.14899485,-0.03739061,0.013920209,0.022031734,-0.04584453,-0.05362596,-0.076499596,-0.088245146,-0.08912941,0.00522209,-0.12123752,-0.023720002,-0.14290687,-0.08060848,0.05173799,0.13468827,-0.06511133,-0.008772475,0.012550814,-0.013993029,0.007590788,0.06593472,-0.022764966,0.053656768,0.03930786,0.12346638,-0.012723451,-0.025574498,0.072400846,0.047365118,0.044429358,0.09639903,-0.061368067,0.07492351,-0.048353616,-0.13695987,-0.07266698,-0.054775268,-0.08184138,-0.03723077,-0.011503312,-0.11196946,-0.1534801,-0.05692396,0.11119499,0.070407376,-0.019776745,-0.12456803,-0.046285085,0.03840771,-0.06532398,-0.050083816,0.12353964,-0.020675004,0.11158618,-0.047510546,-0.03364205,0.06733525,-0.08256051,-0.0621789,-0.06302099,0.050100137,-0.04173223,0.083287396,-0.05756544,-0.045121245,0.069541775,0.1033368,0.057260938,0.013425438,-0.093732424,-0.020101478,-0.018323708,0.003154546,-0.08088993,0.053154387,0.06367425,-0.10665375,0.16871268,0.0832246,0.18103482,-0.107349776,0.010478054,-0.058164135,0.016110685,0.019437324,-0.028706897,-0.12404058,0.014739229,-0.069726795,0.00023861795,0.0104685025,-0.064851105,-0.06934937,-0.0771292,0.012998794,0.008688194,0.032850616,0.16012362,0.036780916,-0.060977984
TCGA-A2-A0CR-01A,-0.002713819,-0.06873562,0.022077003,0.039652385,0.009354996,0.09191003,0.0766485,-0.024482632,-0.009107111,0.03295516,-0.010946248,0.0066012763,-0.015007034,0.013811639,0.11844786,0.038841404,0.0505523,0.06635797,0.05249552,-0.07532854,-0.064559214,-0.0994188,0.007584322,0.013632164,0.039570004,-0.06895151,-0.07735472,-0.10337579,0.018236443,-0.08838551,-0.05368717,0.01040303,-0.14354928,-0.13002592,-0.009729642,-0.10300003,-0.07182603,-0.12498414,-0.03743381,-0.03871179,-0.047290668,0.10534096,0.044519946,-0.095819026,-0.056908768,0.0014280803,0.0055325907,0.060142066,-0.020605963,0.12631169,0.038072016,-0.021762703,0.027179677,0.075253904,-0.10802264,-0.04549318,0.14923777,0.01071516,-0.07839785,-0.002661546,-0.047456816,-0.00362665,-0.06940521,0.08409476,-0.053527836,-0.036952578,0.11095238,-0.09616071,-0.05432598,0.026775384,-0.15960075,-0.005417473,-0.0018700212,-0.088747516,0.047718775,0.013631768,-0.020010944,-0.045656003,-0.0095087215,0.019827368,0.039297916,-0.014890964,-0.012492867,0.06137386,-0.04903421,-0.06919076,-0.08446956,0.11741174,0.17006406,-0.005076558,0.077571854,-0.0703402,0.047354303,0.029815828,0.051320434,0.041480787,-0.0012884806,-0.012749823,0.0320436,0.048904598,0.0413192,0.05952283,0.06394283,-0.06149042,-0.0018539202,-0.08764918,-0.05662051,-0.06432492,0.0451257,0.028169129,0.013334208,-0.1320417,-0.021583512,0.13425595,0.045362446,-0.031817995,-0.0847695,-0.029726975,-0.0512126,-0.047170892,0.035983596,-0.03319957,0.0070596407,0.0045308373,0.061256245,-0.06443994,-0.036820475,0.13198952,-0.09836165,0.1690242,0.12148554,-0.023593351,0.027900953,0.07060465,-0.24159864,-0.042338952,-0.035054248,0.009424471,-0.021290788,0.050355095,0.0011669124,-0.093142115,-0.0691736,0.05000215,0.044358615,0.0955367,-0.09877651,0.015215601,0.027366525,-0.035858035,-0.041983563,0.052978188,0.016470589,0.009816987,-0.07885582,-0.06353747,0.0773831,-0.07843255,-0.09666696,-0.10687079,-0.11393766,-0.06717985,0.1636295,-0.2071924,-0.06498141,-0.029937992,0.07647642,-0.0680408,-0.030743193,-0.040565144,-0.0685429,-0.014162529,0.0012404744,0.024746718,0.09028724,-0.022082187,-0.10733979,0.051632676,0.01875192,0.08561607,0.09104822,-0.05694885,0.038688336,0.032288857,0.076247424,-0.033406883,-0.10315978,0.036069673,-0.035049997,-0.030620113,0.1084477,0.03577267,-0.12465669,-0.026853489,-0.012802083,0.06543222,0.15278609,0.039882153,-0.0028013324,0.035157137
TCGA-AR-A1AJ-01A,-0.014437572,0.064803675,0.10793416,0.06486452,0.10678773,0.01204749,-0.009620004,-0.0057669487,-0.0058650845,0.11767127,-0.006698198,-0.022554252,-0.033911917,0.18624519,0.103509314,0.008390725,0.05361187,0.11641163,-0.0035745162,-0.101175606,-0.015954576,-0.03730327,-0.013215819,0.10129888,0.021874353,-0.11957028,-0.17690863,-0.061236925,0.055544656,-0.073052585,-0.0124138305,0.024272706,-0.06911374,-0.08623704,-0.050192244,-0.12993427,-0.012501766,0.020565381,-0.02403076,-0.06153382,-0.022645842,0.15996392,0.06098179,-0.100140885,-0.011880407,0.030882783,0.043109994,0.0072558373,0.012777575,0.10768518,0.056879994,0.008716675,0.0019742693,0.049125664,-0.058825202,0.0025484052,0.04648965,0.043169,-0.0416277,-0.010066273,0.012251063,0.0077643245,-0.0628474,0.0035930749,-0.051076114,0.009172758,0.11444713,-0.0015427464,-0.06940526,-0.046292435,-0.10680509,-0.05690084,0.0051452713,-0.17801872,0.11341764,-0.06799594,-0.0015716564,0.047029957,0.100649685,-0.030609734,-0.018918544,-0.0044581327,0.02978353,0.042480383,-0.0359323,-0.045116518,-0.021122193,0.14159137,0.1463702,-0.02028327,0.10589297,-0.06259014,0.018310862,-0.0028809102,0.06566208,0.03301167,-0.155209,0.02402544,0.014649905,0.012989276,-0.050362203,0.14950994,0.056215152,-0.08813493,0.007269894,-0.04487676,-0.06798628,-0.07385243,0.034236055,0.01911442,-0.018710902,-0.13651705,-0.07576696,0.06258627,0.18756334,-0.02595228,0.032532934,-0.036105704,-0.1297282,-0.14429045,0.04133696,-0.039984133,0.01734154,0.0015501179,0.0059396583,0.03223864,-0.033082888,0.034163877,0.015927786,0.0045618326,0.043420438,-0.06615617,-0.07852466,0.060124166,-0.22024757,-0.024486877,0.00430622,-0.043210167,-0.0011203097,0.107381314,-0.0093692625,-0.08119398,-0.06659303,0.033713054,0.011183245,0.10443038,0.0041224714,-0.097730115,0.030194635,-0.057107944,0.057309173,0.0033497897,-0.011483573,0.119875275,0.0006412165,0.11382031,0.043731846,-0.08795272,-0.15409654,0.018536039,0.040407892,-0.032667235,0.10530337,-0.13582411,0.015290279,-0.057163104,0.028298816,0.0077529033,-0.019673416,-0.078740016,-0.035477214,-0.044387408,0.050765604,0.039596807,0.027943654,-0.028503163,-0.054326117,0.11610671,0.06549155,0.12092851,-0.03702894,-0.05341527,-0.0628911,-0.008671156,-0.0663945,-0.038817074,-0.12813903,0.0030239343,-0.056976832,0.0033571487,0.020577535,-0.029015513,-0.10309788,-0.011135988,0.08899171,0.0746642,0.036443125,0.050196107,-0.10383844,-0.0389005
TCGA-B6-A0WY-01A,-0.03609439,0.04152293,0.08359436,-0.023026412,-0.032356277,-0.014165715,-0.03598413,0.033556186,-0.055690262,0.01869324,0.07847571,-0.056351703,0.02572946,0.08588628,0.022004992,-0.00887451,-0.0055729174,0.056754857,-0.016144183,-0.112212464,-0.038806032,-0.016337765,-0.028775051,0.20192476,-0.05606129,0.00331325,-0.14693786,-0.024706801,-0.027269874,-0.07119702,-0.048519026,0.015341323,-0.17233808,-0.08015837,-0.076218456,-0.13635892,-0.048592344,0.056333188,-0.16215834,-0.030032422,0.058609582,0.06453128,0.090720095,-0.053242646,-0.047796108,0.042759843,0.028995456,0.033496335,0.054645352,0.07088401,0.051865466,0.04440188,-0.03445208,0.08283714,-0.0026199857,-0.00669156,0.07643183,-0.0057466603,-0.06795083,0.024148265,0.013423923,-0.053115737,-0.058208097,0.13930525,-0.09670676,-0.07434911,0.09750615,0.024762833,-0.05296238,0.0011546068,-0.14627387,0.052853286,-0.011551254,-0.124331184,0.02549076,-0.0041419743,-0.012030713,0.13154118,0.1455661,-0.039552834,-0.024424687,-0.019653449,-0.10402417,0.014122506,0.0644307,-0.13629064,0.000596295,0.052116867,0.10144697,-0.05261891,0.064265475,-0.10062834,0.07681058,0.043884106,0.07342732,-0.05781434,-0.060816657,-0.024417192,0.11428526,0.014584959,0.060374677,0.04196915,0.02994458,-0.09542257,-0.044901446,0.023592249,-0.084658496,-0.09209652,0.061256155,0.050562374,0.009993684,-0.118417956,-0.08848069,0.043855246,0.16308075,0.034347683,-0.071926974,-0.054155257,-0.08904741,-0.05397316,0.084604576,-0.14104053,0.08580678,0.13977763,0.032357857,0.008554242,-0.02971405,0.09561599,-0.0295872,0.10002488,0.08192323,-0.04364985,-0.049320307,-0.0439602,-0.17034061,0.036686387,-0.019505544,0.023902813,-0.027452787,0.015992528,-0.08273402,-0.18177746,-0.0071200463,0.088819236,-0.010280304,-0.008820617,-0.11966412,0.023393756,0.031423755,-0.045234036,-0.03941896,0.0054673506,-0.017656121,0.06449984,0.025193397,-0.041135997,0.09621042,-0.060054235,-0.0614146,-0.027451923,0.06933644,-0.007578767,0.019827588,-0.09903425,0.0036788203,0.08577234,0.005010082,0.052444432,-0.09214129,-0.05909272,-0.06645344,-0.052117806,0.06101659,0.025072306,0.08172775,-0.13569354,-0.08346783,0.031095123,0.09380404,0.11801774,-0.10124315,-0.005656517,-0.028723272,0.056434188,0.00029872422,0.0108389575,-0.076461814,-0.0347641,-0.044253524,0.03199542,0.03178559,-0.07331142,-0.07901026,0.090877324,-0.03608206,0.02802294,0.011682128,0.09975096,0.0046588304,0.052063085
TCGA-A7-A26J-01A,0.048491497,-0.0699767,0.08236337,0.01380523,0.04890023,0.027727162,0.081467554,-0.014176776,0.014523647,0.093574494,-0.019853823,0.05281736,-0.053420752,0.1952312,-0.0048276135,-0.12283893,0.053773243,0.10023865,0.04827146,-0.03898529,0.015099516,0.00041682436,-0.061003596,0.092383154,0.017152213,-0.038181953,-0.0678218,-0.08672733,-0.022264488,-0.009562721,-0.10755833,-4.8088874e-05,-0.074859045,-0.11576155,-0.040529825,-0.16113363,0.012127897,-0.041499272,-0.06738925,-0.03197685,0.08816281,0.042282816,-0.018445486,-0.048974108,-0.008870682,-0.0028289102,0.013753872,0.041581985,0.023160124,0.0855166,-0.0057690255,0.013980157,0.021891491,0.07698451,-0.04660721,0.0023597693,0.10830566,0.017046697,-0.0542249,0.09494666,-0.061782043,0.03162777,-0.14382629,-0.00999284,0.04030675,-0.038221102,0.16539913,-0.02118412,-0.096060716,-0.14066418,-0.12737526,0.08174515,0.08595076,-0.17372975,0.11250049,-0.03602499,0.03279512,-0.03454465,0.115867704,0.02447985,-0.08944798,-0.051857803,-0.03858807,-0.039382108,-0.07952907,-0.07873691,0.026285121,0.04530452,0.101071276,-0.087541275,-0.00039695777,-0.11979526,0.03846982,0.047515612,0.040951792,0.011327579,-0.042174987,-0.1098623,-0.026889088,-0.13533597,0.013975652,-0.012092434,-0.05349929,-0.13228688,0.020372275,0.024345284,-0.0038347584,-0.10279519,-0.0005700443,-0.05612194,-0.022181565,-0.07077687,-0.13817346,0.08202352,0.08313202,-0.04458895,0.039874565,-0.041403763,0.03945699,-0.024120184,0.0627218,-0.112382054,0.086322755,0.002675017,0.03276657,-0.030455727,-0.0454478,0.009217874,0.08479584,0.035408944,0.047988847,-0.07836738,-0.007534541,-0.0056754444,-0.09008261,-0.05849255,0.0073221065,-0.014878084,-0.09709377,-0.14139776,-0.054044742,-0.14104468,-0.014407825,0.01429798,-0.06079385,-0.0054652644,-0.07326083,-0.03689579,-0.026377184,-0.12281167,0.03642388,-8.765192e-05,-0.026759177,0.088221356,0.017340954,0.021715956,0.03382079,-0.105577484,-0.024559155,0.031179085,-0.04301086,-0.06496106,0.047754176,-0.20634726,-0.02263588,0.095557556,0.046537295,0.044129066,0.0111144865,-0.061308503,-0.028952075,0.010250915,-0.014115547,-0.008882012,0.024754042,-0.07388372,-0.01749145,0.08847207,-0.03764804,0.1760836,-0.03912713,0.0022608049,-0.04547126,-0.08253952,0.076689325,-0.056264516,-0.054740187,-0.013648385,-0.123574,0.09190647,0.05942521,0.020234173,-0.026890209,-0.0870026,-0.030061334,0.06517329,0.14261973,0.09472223,-0.06967008,-0.107806906
TCGA-AR-A0TP-01A,-0.049467687,-0.113045156,0.06345233,0.08532096,0.13453557,0.06599134,0.061984066,0.054528255,-0.09609462,0.010021089,-0.041777577,-0.0015878007,0.007693775,0.11082436,0.038333107,0.0015515325,0.065012306,0.013988565,0.05112167,-0.07732356,0.007076515,-0.029187083,-0.11348826,0.121142395,-0.048653163,0.034394633,-0.060435303,-0.021798119,0.01601398,-0.024757216,-0.15030627,0.035271082,-0.08457512,-0.10146673,-0.06095271,-0.12476774,-0.02821547,-0.0066612754,-0.0876689,-0.09015584,0.055221472,0.109468095,0.13606142,0.01152904,-0.022337807,0.009879166,-0.017481124,0.014911988,0.011461903,0.1055377,0.093504705,0.07525461,-0.004818218,0.0756793,-0.030626431,0.021874405,0.053506427,0.0701967,-0.06968767,-0.0023583064,0.020514052,-0.01792992,-0.051960588,0.15822119,-0.0189448,-0.06197763,0.16461815,-0.058082305,-0.0886269,-0.018901242,-0.122186884,0.06960361,0.03907104,-0.14909294,0.081697695,-0.042368982,-0.09821109,0.053410318,0.046860546,0.03803835,0.07278551,0.02266094,-0.015490278,0.09120918,-0.08686485,-0.06569254,-0.06367783,0.06946563,0.07638106,-0.02615024,-0.025313398,-0.0689673,0.02460593,0.11147673,0.06372082,-0.08543317,-0.054032538,0.0055731395,0.07667374,-0.054698177,-0.07126172,0.05141503,0.035851207,-0.11934676,-0.07892164,0.043006327,-0.014221753,-0.057045702,-0.00627731,0.076348215,-0.058919095,-0.08979152,-0.111469015,0.1230427,0.08273525,-0.021356512,-0.006366809,-0.013991408,0.040076353,0.013786636,0.16761646,0.010990119,0.04726861,0.08783293,-0.03950216,0.07704331,-0.074992925,0.08199371,0.093493834,0.14633551,0.04753998,0.028449323,0.0075629344,-0.07916299,-0.13523772,0.004416143,0.0072072707,0.013019831,-0.018745378,-0.043281674,0.045679122,-0.16131273,0.012251828,0.038158245,-0.023457777,0.005979829,-0.084204234,-0.057430416,-0.048665166,-0.16125847,-0.08056193,0.062008087,-0.01715483,0.02675214,-0.00933148,0.08826149,-0.072196566,-0.026848232,0.043836668,0.026779741,0.022207402,-0.006925461,0.02599322,-0.24532647,-0.018538538,0.07404226,0.058303263,-0.00051147613,-0.052806437,-0.077894896,-0.04200679,-0.09441933,-0.010251781,-0.003260024,0.014410281,0.033919167,-0.03693419,0.12396625,0.08837673,0.110473186,-0.02280637,-0.024059609,-0.009501633,0.017058222,0.089088894,-0.025214532,-0.05691831,-0.010645613,-0.029898183,0.016606964,0.11133934,-0.055059142,-0.037401367,0.018398896,-0.07471432,-0.051497735,0.047677726,0.0389138,-0.11039183,0.020904005
TCGA-C8-A27A-01A,0.017396567,0.03614841,0.08281307,0.14036867,0.054158416,-0.03573691,-0.02538243,0.0036070035,-0.041021533,-0.00392084,0.02807283,-0.13186565,0.033081055,0.16020165,0.04684419,-0.1469732,0.07431813,0.08438926,0.00079625833,-0.09529307,-0.04211255,-0.012685963,-0.06629047,0.05822302,-0.014861286,0.024004743,-0.11458748,-0.025942259,0.094669156,-0.15687193,0.013017908,-0.023510791,-0.0074650887,-0.11183564,-0.07527362,-0.061473493,-0.03718935,0.011983804,-0.07470559,0.020974256,0.0053796456,0.06611271,0.15295862,-0.071224615,-0.022813635,0.000983827,-0.02997447,-0.099694006,0.06778551,0.12340087,0.05332212,-0.031637423,0.05318327,-0.0092383465,-0.08917596,0.012962627,0.03305836,-0.042601924,-0.04305607,0.007383313,0.005785872,0.026157733,-0.088720135,-0.038493395,-0.036428656,-0.122843854,0.08173727,-0.06258697,-0.16254209,-0.003566821,-0.070428744,0.042282175,-0.082002394,-0.18037573,0.06327958,0.09317084,0.005053641,0.04146429,0.114012495,-0.023393191,0.04485536,-0.10335754,-0.013955845,0.11710754,-0.00538704,-0.12177311,0.030471297,0.15828197,0.035423312,-0.03225234,0.07295392,-0.016588187,0.072338805,0.038783677,0.010734342,-0.12537555,-0.05666039,0.04534049,0.05058076,-0.10156711,0.012955554,-0.0056429706,0.07411308,-0.065535486,0.008901647,-0.03883796,-0.06956829,-0.039313693,0.040573664,-0.0033621646,-0.036211226,-0.10229699,-0.115729466,0.09903134,0.043340348,0.033684764,-0.058553983,0.0058856863,-0.07288806,0.013657454,0.07458745,-0.07456818,0.034020208,0.02524851,-0.05974381,-0.037721414,-0.034234986,0.056765288,-0.0115670655,0.19340596,0.1544247,-0.099776864,-0.0050285193,-0.0795098,-0.08386698,0.02781306,0.0029541326,-0.1351136,-0.03239257,0.00609688,0.011712184,-0.21025297,-0.01206244,0.028355421,0.046786003,-0.0037316028,-0.034293283,-0.03110267,-0.08021034,0.017439349,-0.0846052,-0.0011751188,0.07848239,0.041860424,-0.02393222,0.101082206,0.05165152,0.047704484,-0.08185249,-0.02756648,-0.037786476,-0.0149051305,-0.03116801,-0.17043076,0.020665387,0.10437812,0.028939895,0.09126309,0.0051171267,-0.022900097,-0.0023188316,-0.066409945,-0.03268522,0.0109349275,0.022036402,-0.0070548966,-0.06317329,0.03282831,0.10254387,0.10366322,-0.053447213,0.017815592,-0.050353803,0.080240585,0.121290766,0.009833392,-0.03241543,-0.043635603,0.008754191,0.11515256,0.003110564,-0.024238605,-0.041516777,-0.0031317219,0.027962776,-0.03697837,0.019751972,0.14106272,-0.079515815,0.038260113
TCGA-D8-A27F-01A,-0.03603547,-0.06414868,0.08681347,-0.032895144,-0.008592362,-0.008527869,-0.001327276,-9.998042e-05,-0.050741106,0.048370276,-0.02058469,-0.016664747,-0.021275345,0.15042965,0.072036505,-0.031607904,0.016990744,0.02161841,-0.08832575,-0.069186315,-0.027622612,-0.12681593,-0.1292248,0.1259025,-0.018853469,-0.0102842,-0.10813374,-0.03693952,-0.018922318,-0.09120507,-0.067196414,0.06472113,-0.06454652,-0.11395939,-0.076577954,-0.122628845,-0.010252819,-0.046253994,-0.078013696,-0.028060008,-0.039787807,0.062328707,0.06573646,-0.15596735,0.007863351,-0.0037563858,0.096124284,0.024224522,0.076646924,0.110425726,0.009274808,-0.020201966,-0.008507368,-0.019271595,-0.045725286,-0.049227726,0.1260164,0.026195023,-0.023376895,0.025855854,0.07463136,0.059005298,-0.11151006,0.09045407,-0.11093862,-0.053825587,0.1018626,0.021249106,-0.03275576,0.016811281,-0.092492245,0.021243688,0.095219724,-0.18801183,0.10960338,-0.038091753,-0.0012933686,-0.02321667,0.034309074,-0.078378655,-0.012596471,-0.021251423,-0.07332991,0.024401125,-0.042842515,-0.06614125,0.061519723,0.11328127,0.10892505,-0.06414679,0.03725577,-0.099428356,0.078247994,0.053489808,0.08782876,-0.05241789,-0.05430507,0.0067138607,0.093551666,-0.004583559,0.007589814,0.06915087,0.057447076,-0.11283063,-0.010356585,0.024348294,-0.0815485,-0.06192004,-0.057348225,0.00614688,-0.028105292,-0.07668991,-0.0076347487,0.1102709,0.06940284,0.034205806,-0.13804612,0.0004810063,-0.031306095,0.012174464,-0.004959987,-0.17863838,0.032379545,-0.020307004,0.017067125,-0.08054206,-0.082587756,0.04330881,0.05969743,0.13111176,0.16263789,-0.15068607,-0.03344207,0.02505292,-0.18770358,-0.027222477,-0.059817694,-0.0071937325,0.00922285,0.00856252,-0.1121462,-0.13068622,-0.0752883,0.07479774,-0.0465582,0.067818075,-0.10480042,0.026241375,-0.058364373,-0.07393695,-0.026541524,0.060207568,0.0685598,0.016482152,-0.07333938,-0.045916684,0.076893225,-0.10462784,-0.01605267,0.021810105,-0.077776596,-0.029764147,-0.0032469458,-0.070982136,-0.05588977,0.048855357,0.018620912,0.03721206,-0.038229376,-0.03126549,0.022783287,-0.024290383,-0.0329703,-0.011481232,0.11895978,-0.07860954,-0.060295302,-0.0035220275,0.06410547,0.15820736,-0.11390447,-0.0056751356,-0.09078725,0.044730246,0.010817631,-0.007219613,-0.030088136,-0.052688073,-0.059940845,0.02654027,0.14394546,-0.0375378,-0.038439684,0.028974935,0.028412871,0.041996274,0.09693575,0.10338107,0.009449683,-0.07796415
TCGA-D8-A1XW-01A,0.022899846,0.031640008,0.1735508,0.036809303,-0.010400474,0.0056732073,-0.0049464516,0.08183336,-0.04054047,0.0463797,0.001132788,-0.044798836,0.06404144,0.1418326,0.059931006,-0.042644583,0.038792904,0.012782116,0.06316274,-0.1028934,-0.070313334,-0.19900054,-0.02305255,0.061116364,-0.015919108,0.009143896,-0.23852868,-0.010700902,-0.07030998,-0.057022072,-0.048648722,0.032252524,-0.14356522,-0.06898894,0.041867625,-0.13927892,-0.042036716,0.036369372,-0.025487842,-0.07182408,-0.051883996,0.10794589,0.09951726,0.052585635,-0.020243064,0.01497318,-0.01225086,0.0048350845,0.0018816172,0.028667111,-0.046037845,0.0621186,0.08471321,0.10761721,0.016082203,-0.037972845,0.089439064,-0.003296341,-0.11163745,0.027662316,0.015757635,-0.121581,-0.026758267,0.11409345,-0.023195518,-0.03849031,0.09469779,0.03918501,-0.047954958,-0.029436983,-0.14250228,-0.014498046,-0.06694879,-0.18929155,0.018295508,-0.06936702,-0.019279271,0.05457912,0.078631245,0.021951532,-0.009382062,-0.04389927,-0.046754867,-0.0006592453,-0.03307835,-0.07393808,0.018952968,0.11571665,0.10921483,-0.02872415,-0.021414788,-0.006999764,0.07781709,0.017044917,0.101977535,-0.011822002,0.025029914,0.017156392,0.08767136,-0.054726504,-0.03657874,0.06985595,0.0823493,-0.076221,-0.012695418,-0.07358143,-0.05398363,-0.08865759,0.058770604,0.10000787,0.032081522,-0.10402122,-0.05468629,0.12209922,0.1216561,0.02657453,-0.0526038,-0.13795803,-0.1248002,-0.025385838,0.14828904,-0.055839732,0.12632288,0.07583117,0.041887753,-0.032035157,-0.049823884,0.06871918,-0.040546294,0.09456262,0.092827246,-0.0397267,-0.07752984,0.016057128,-0.09485847,0.011413527,-0.032748453,-0.05897949,-0.016783156,0.009389785,0.016421426,-0.1439649,0.016318904,0.03768022,0.066408224,0.08126579,-0.010647086,-0.0043398445,-0.11199681,-0.09469768,0.050694633,0.09810995,0.061605126,0.037956025,-0.005205296,0.047318988,0.02769126,0.029863631,-0.09113189,-0.07806518,0.006140876,-0.0621091,-0.01307511,-0.09417904,-0.020519448,-0.0045229876,0.10485948,0.043751206,-0.06362336,-0.1007846,-0.045981992,-0.02914024,0.033420824,0.026840527,0.073371805,-0.09520874,-0.027287489,0.07933347,0.035148177,0.13756421,-0.003229245,0.0248336,-0.049610104,-0.012732938,0.045489028,-0.05806162,-0.095699534,-0.024111183,-0.06884535,0.040249858,0.032424845,-0.03773295,-0.05873631,0.03354854,0.016834667,-0.080721356,0.09765375,0.10282578,0.047530208,-0.0585177
TCGA-OL-A5D8-01A,-0.019100903,-0.03749636,0.11201272,0.088262215,-0.05958381,0.036602575,-0.022891238,-0.019932797,-0.09916014,-0.042889398,-0.033831924,0.051944245,-0.08889942,0.09301449,0.16973001,-0.024412062,0.028351853,0.15550077,-0.013368137,-0.108352005,-0.04214852,0.029095022,-0.1165757,0.02703666,0.0046481527,-0.016005006,-0.14180782,-0.008328565,0.034422036,-0.19629395,-0.07612189,0.01178772,-0.02118418,-0.15401933,-0.029003033,-0.093805164,-0.10811979,-0.027657935,-0.010924231,-0.05751154,-0.07974378,0.10638167,0.10248751,-0.054676753,-0.047612213,0.058059353,0.02198439,-0.04404283,0.07791139,0.06978769,0.08493244,-0.0009903036,-0.0349122,-0.08066774,0.018792694,0.073797464,0.123305924,0.013683183,0.0009107479,0.063754074,0.019752022,0.023700166,-0.030889371,0.07439964,-0.040012233,0.06178201,0.10744801,-0.02212285,-0.123139545,-0.023417432,-0.06526786,0.0029558784,-0.0044758706,-0.2406523,0.096761994,0.027818054,-0.008131714,0.029512085,0.09308858,0.003020323,0.03567443,-0.010639888,0.052321795,0.08617216,0.09433368,-0.038775567,-0.036921665,0.06952803,0.07155928,-0.019059213,0.048190244,-0.060029574,0.012096792,0.0008684132,-0.002013384,-0.05293161,-0.056015953,0.035143368,0.028243186,0.023904897,0.037480514,-0.002539058,0.0764148,-0.14607,-0.13250802,-0.07494516,-0.02077487,0.020746233,-0.032267246,0.0020935575,-0.02218682,-0.07333147,-0.05379171,0.04919789,0.10464355,0.00449103,-0.016458202,-0.07811934,-0.031277783,0.0223417,0.10392227,-0.10212735,0.050487187,0.069660984,0.042900298,0.021453682,-0.0061132917,0.016326562,0.027739728,0.061081134,0.06938301,-0.0016834306,-0.039123632,-0.015158341,-0.10445311,-0.01202476,-0.02819599,0.060020924,-0.06471252,-0.018641725,0.07648425,-0.18240309,6.15253e-05,0.032219306,0.02100042,-0.058991436,-0.10029353,-0.07049374,-0.033999383,-0.06650593,-0.021376934,0.018584449,-0.038108237,0.088284075,-0.10905988,0.036601026,0.05702693,-0.050184734,0.035034508,-0.0024831635,-0.002492284,-0.016906135,0.065093964,-0.10200559,-0.110604055,-0.004969326,0.0803298,-0.010929966,0.03702006,-0.14019616,-0.042875104,-0.1716039,0.042173017,-0.080697946,0.051383905,-0.039401893,-0.07087686,0.04618769,0.040897157,0.13701136,-0.09358261,-0.095440425,-0.10240992,0.13156931,0.055246994,-0.023573378,-0.14936884,-0.06002108,-0.055393636,-0.032832045,0.046390418,0.018310325,-0.014756104,0.08344531,-0.020961575,0.09146661,0.04030424,0.05337251,-0.10192752,-0.0017307362
TCGA-LL-A8F5-01A,-0.025779976,-0.024601888,0.09715287,0.047291297,0.06867519,0.15025713,-0.03574499,0.004759576,0.0050528473,0.046054322,-0.043644857,-0.06363555,-0.037598982,0.22045694,0.1005986,-0.06587754,-0.07979702,-0.008682587,0.10277852,-0.055557963,-0.039917763,-0.09313943,-0.04475537,0.04710054,-0.028222106,-0.052219503,-0.20863065,-0.03161991,0.03698434,-0.12453811,-0.056507826,0.022853818,-0.10654284,-0.060349982,-0.01566749,-0.105021045,-0.003582069,0.017953133,-0.02364763,0.023173735,-0.010689103,0.05721987,0.10346696,-0.034046307,-0.062818184,0.08459542,0.094601,-0.007740571,0.020367447,0.0682914,0.010238234,0.071132675,0.024941184,0.038639896,-0.05356865,0.015943453,0.10649165,0.0057664043,-0.11511775,0.0322375,0.027601417,0.018367775,-0.10115599,0.09081286,-0.055766474,0.044203483,0.09846842,-0.0043726503,-0.083845764,-0.07717139,-0.11065302,0.045972113,0.063928045,-0.18739879,0.08848769,0.035706244,-0.009523919,-0.012940433,0.12930061,-0.034888662,-0.01238808,-0.0014492607,0.0043551154,0.032128956,-0.0021349299,-0.054412346,-0.028700998,0.10416222,0.107361965,-0.016703637,-0.02639893,-0.10203555,0.07357628,0.14094655,0.06679059,-0.007895164,-0.025147881,-0.05440502,0.059509903,-0.030133503,0.021905448,0.051710036,0.050769236,-0.03658402,0.05026067,0.104446165,-0.032517936,-0.03213832,0.04090812,-0.008476111,-0.026007814,-0.111749545,-0.084045425,0.05457606,0.104282886,-0.018567162,-0.059114832,-0.087821126,-0.053232733,0.024784798,0.0031014897,-0.10192555,0.10472375,-0.019120334,0.006116927,-0.0006374302,-0.063904904,0.012098445,-0.10963264,0.13785402,0.10808976,-0.08895183,-0.10066488,-0.053151064,-0.1620563,-0.05184788,0.0007263182,-0.08348792,-0.06849147,-0.0038199588,0.0071714697,-0.069589175,0.038395464,0.033340607,0.032512393,0.017148975,-0.13544227,0.0012553671,0.0020063315,-0.022819294,0.038555536,0.06893105,0.1218275,0.07359648,-0.08139615,-0.029184796,0.034012616,-0.06439907,-0.052700408,0.01944225,-0.050690267,-0.01331528,0.04224091,-0.012189801,0.046206173,0.03714652,0.035746817,0.01847648,0.012239316,-0.048490647,-0.14287175,-0.09241336,0.13035832,0.072535254,-0.048972957,-0.116646014,-0.1358942,0.053507783,0.07082746,0.14798595,-0.057216235,0.0466112,-0.10413161,0.05354557,-0.021249427,-0.0030567378,-0.07820687,0.05583439,-0.02433338,0.071015686,0.10080579,-0.048337866,-0.06401427,-0.00094714353,0.010438849,0.079917714,0.111708544,-0.043132313,-0.012202346,-0.0061476687
TCGA-E9-A243-01A,-0.0033500553,-0.043732826,0.13572587,0.08898115,0.008769466,0.049613707,-0.07414974,0.0883892,-0.050487727,0.03601316,0.11548858,-0.048954558,-0.024911348,0.034040507,0.057389744,-0.042592224,-0.008345625,0.06870226,-0.01649784,-0.0033111607,-0.018873952,-0.064321004,-0.056769557,-0.04573564,-2.2701945e-05,-0.057476103,-0.059512027,0.013786813,0.020591734,-0.0456618,-0.0761351,-0.11649664,0.026078062,-0.07092166,-0.07568774,-0.111786634,0.028951075,0.024726653,0.0062541426,-0.1006705,-0.067398354,0.07167619,0.020699436,-0.067468345,0.01891459,-0.07264341,0.09361049,0.010831335,-0.011946163,0.11054537,-0.0107934885,0.034545835,0.018247472,0.049051404,-0.0043092566,-0.07360794,0.013608494,0.073538706,-0.06944396,0.056681786,0.09797867,-0.0077588977,-0.040635932,0.09372471,-0.04276338,-0.04879181,0.059658393,-0.048082154,-0.0318762,0.014920687,-0.15066434,0.05111006,0.066282324,-0.20749713,0.037142597,-0.05916663,0.015739692,-0.010369465,0.081172906,0.023628399,-0.058512755,-0.051560372,-0.060939394,-0.0012409954,-0.099187724,-0.089678206,0.0058391057,0.11672911,0.1713772,-0.080094546,0.11709046,-0.06894115,0.124917634,0.037907477,0.14871857,-0.037274703,-0.07629975,-0.07557066,0.09443486,-0.0645181,0.010838109,0.013750009,0.026713284,-0.1408214,-0.073406816,0.052617956,-0.1068212,-0.13862185,0.042754,0.006824053,-0.016135111,-0.120524935,0.010269159,0.14631036,0.14473054,-0.06403197,-0.037299737,-0.034782395,-0.043852393,0.03905828,0.10800127,-0.15134858,0.10271536,0.029413624,-0.0027630294,0.04964005,-0.024896078,-0.010464326,0.04244966,0.12215733,0.074262105,-0.046137564,-0.07202666,-0.063101135,-0.16784751,-0.08597353,0.00344082,0.0075827516,0.041316785,-0.033938013,-0.03520615,-0.15479204,0.066679515,-0.024282478,0.058263544,0.03831064,-0.020868158,0.00274226,0.028337445,-0.08499696,0.0038092115,0.054602817,0.07927042,0.069698304,-0.0025235189,0.051745273,0.063090585,-0.073009275,-0.07804402,0.024713883,-0.045854606,-0.042300828,0.117021054,-0.17874224,-0.02385729,-0.03123918,0.13610186,0.023651626,-0.053837087,0.03340405,-0.038537443,-0.026578162,0.028679598,0.09181655,0.01607299,-0.00758161,-0.06840449,0.0064906203,0.16167381,0.13022038,-0.059586592,-0.0178343,-0.087894835,-0.016950523,0.013257861,-0.01269594,-0.070944235,-0.0156128565,0.04333042,0.07665577,0.0427817,0.07684594,-0.021803366,0.07977987,0.021038935,-0.035230596,0.04919063,0.039777122,0.048147976,-0.0020661724
TCGA-AR-A5QQ-01A,-0.09808008,-0.04007687,0.16202138,0.025654463,-0.021553883,0.10607247,0.05878284,0.09746042,-0.11480984,0.08222066,-0.014320406,-0.007438828,-0.010627084,0.17692369,0.112269565,-0.06339219,-0.04446526,0.00041529167,0.04701753,-0.12647489,-0.065357186,-0.029318273,0.0005872364,0.006220663,-0.0070714755,-0.0061657666,-0.08533262,-0.04051138,0.047560528,-0.018395353,-0.02585932,0.03980024,-0.10560861,-0.12605624,-0.08593799,-0.07841399,-0.04848756,-0.059571162,-0.030634094,-0.13578564,-0.07866677,0.08731255,0.08373132,-0.18844049,0.040371288,-0.047506817,-0.0071839937,0.022883592,0.120818235,0.11605772,0.018735595,0.015461812,-0.036722425,0.08693297,-0.016755063,-0.039701104,0.11652931,0.01715381,-0.05063072,0.07349422,0.01869188,0.014651373,-0.045585636,0.07961797,-0.045390785,0.06814166,0.090233006,-0.072608605,-0.09287997,0.03777932,-0.092943385,0.032728255,0.022290839,-0.1414238,0.030827072,-0.021968618,0.042820584,0.03346559,0.04304822,-0.070574045,0.09491728,-0.099680275,0.013495379,0.008226214,-0.055283807,-0.0043866625,-0.0754281,0.10048224,0.14683315,-0.07100215,-0.024996435,-0.048525084,0.04262112,0.08087434,0.03913309,-0.04267338,-0.066490866,-0.04271231,0.11022148,-0.027209202,0.11303281,0.04109608,0.036622617,-0.073276505,-0.05583391,-0.031836785,-0.020371675,0.0028678312,-0.0064579607,0.0443425,-0.09157675,-0.051419567,-0.06663457,0.03873969,0.106847204,-0.02544967,-0.004689279,-0.062402643,-0.054339193,-0.029408824,0.13241613,-0.040797997,0.08304121,-0.07136189,0.06448954,0.007156242,-0.06956476,0.03740679,0.0014705041,0.053140987,0.19777031,-0.035335656,0.038885023,-0.086747065,-0.15058023,0.04332391,-0.06223518,-0.011517636,0.009335772,-0.08116954,0.008077344,-0.1437839,-0.029344406,0.09725048,-0.0080568,0.013665107,-0.060377914,-0.0067473655,-0.06581134,-0.052248605,0.008021036,0.11996676,-0.03440754,0.011643162,-0.070794694,0.076336,-0.03169043,-0.013633244,-0.120292775,-0.071699016,-0.02750716,-0.06151488,0.024510127,-0.101046294,-0.08103026,0.0032520895,0.020928577,0.019876424,0.003321186,-0.048066106,-0.01106408,-0.13607246,0.028480249,-0.0737767,0.15276988,0.062087957,-0.016382638,0.10727009,0.0800571,0.15048578,0.08281205,-0.0032451365,-0.014755484,-0.029780716,0.058590677,-0.024442326,-0.10288452,-0.075259574,-0.036543947,0.04508699,0.10750827,0.067368835,0.03675085,-0.034359645,0.025970753,-0.03909064,0.08733017,0.0026283332,-0.03987203,-0.0042599835
TCGA-EW-A1IZ-01A,-0.011623302,-0.06312134,0.11119202,0.06361579,-0.038626306,0.057660565,0.036557652,0.02565782,-0.0301693,-0.03007923,0.04733792,-0.025438849,0.05068068,0.14985229,0.2001241,-0.08921647,0.1007305,0.04545481,0.026989263,-0.11318191,-0.026587533,-0.08995422,-0.07809518,0.08020759,-0.034903917,-0.023740027,-0.109189026,-0.013806242,-0.082007594,-0.09934599,-0.14840414,0.029758811,-0.06725964,-0.124261335,-0.059974685,-0.1310377,0.02987564,-0.096634425,0.02847342,0.02129844,-0.06338971,-0.012433396,0.06580525,-0.05438054,0.06736321,-0.13797267,-0.05703951,0.012020129,0.121285096,0.047649793,0.13209918,0.13646087,-0.04127216,0.037469573,-0.06668512,-0.0099319145,0.09831474,0.0100522265,-0.0868354,0.078350335,-0.039335843,0.03562835,-0.106327526,0.0656733,-0.08408504,-0.03157056,0.107904024,0.011802605,-0.03773643,0.013582624,-0.1303095,-0.036940455,0.002739254,-0.159643,-0.00017604721,-0.044490065,-0.027830716,0.017814506,0.010877967,-0.019206898,0.08645301,-0.09019135,0.055274837,0.11373114,-0.07588756,-0.0958741,-0.07965632,0.09376353,0.08350366,-0.05101647,-0.00062600675,-0.09560353,-0.0012657398,0.089290105,-0.032442033,-0.047727715,-0.05528482,-0.0058691334,0.0028413055,-0.05751985,-0.013608597,0.037691217,-0.010129082,-0.081756845,-0.056111466,-0.005948821,0.008025441,-0.09177494,0.015846662,0.031845883,-0.09154544,-0.082112506,-0.044957984,0.08982645,0.08245883,-0.047530398,-0.009369094,-0.026026051,-0.007833634,0.040974785,0.16899863,-0.10096705,0.088488415,0.04001596,0.0051803654,0.0033479694,-0.01638364,-0.02540408,0.043903366,0.18414384,0.053205036,0.013845966,-0.07763935,-0.07647581,-0.10311802,-0.009584416,-0.038501047,-0.1253016,-0.017908998,0.029986871,0.024527168,-0.08913056,-0.012035853,0.017859539,0.024130298,0.025965063,-0.12983611,0.01712002,-0.107855864,-0.11034636,0.025999077,0.011550798,0.0014203675,0.05168539,-0.11770171,-0.007849223,0.07129586,0.054204736,-0.018394502,-0.02303654,-0.027533418,-0.0034162994,0.01571523,-0.1514039,-0.013953018,0.052046753,0.040904656,0.011630814,0.042651698,-0.042420216,-0.0017519988,-0.042050857,0.10217119,0.029941168,0.13396746,-0.08795282,-0.045821864,0.052316796,-0.014223673,0.15373996,0.023984341,-0.07717552,-0.11420204,0.038911577,0.10907647,-0.011394865,-0.089378744,0.012446589,-0.082540564,0.017687906,0.087731265,-0.059481755,-0.010672674,-0.0035885726,-0.015810363,0.005606744,0.07388369,-0.013393095,-0.058448073,0.028035799
TCGA-E2-A15J-01A,0.01912559,-0.071261354,0.14919423,0.01564474,-0.05312891,0.027884955,-0.024294313,0.0016807625,-0.06071852,-0.019491378,-0.05103444,-0.054090682,-0.015318339,0.15705602,0.11037603,-0.027427724,0.026218519,0.09325434,0.044105582,-0.058365535,-0.02436455,-0.068517864,-0.0645955,0.026056627,0.04518581,-0.009090485,-0.23792341,0.014499808,0.035299025,-0.062609665,-0.058883946,-0.019663904,-0.06446232,-0.04612959,0.028902473,-0.08848197,-0.03501662,0.075299256,-0.07693308,0.00063035206,0.023095764,0.035139535,0.0422122,-0.053870566,-0.02461103,-0.050956067,0.0012707758,-0.015837844,0.10016361,0.047583014,-0.02869761,0.053383768,-0.002804975,0.0610606,-0.003322522,-0.029517498,0.116029724,-0.019829245,-0.10382928,0.07184843,0.006653313,-0.02389924,-0.039932083,0.14577307,0.004857749,-0.00015135368,0.008406752,0.05619104,-0.033279,-0.11305363,-0.16930363,0.00625087,-0.010469874,-0.20103897,0.07002593,0.05574182,0.06088616,0.1015417,0.0691614,-0.015543594,0.030230815,-0.043560643,-0.09401897,-0.00550946,-0.06267856,-0.13947128,-0.036869004,0.067142755,0.07710827,-0.013072393,0.08683213,-0.0583437,0.0038473618,0.027308095,0.092706434,-0.022204319,-0.13313733,-0.078764774,0.041328736,-0.060294587,-0.03921155,0.07264447,0.119482614,-0.12018187,-0.030050639,0.017955083,-0.079347834,-0.0717378,0.087862514,-0.068118855,0.025775468,-0.07306129,-0.03146436,0.09510226,0.04200716,0.03396799,0.00043102176,-0.060701106,-0.021079568,-0.06751111,0.05489731,-0.10871648,0.1969737,0.096630566,0.06079119,0.035960753,-0.05737153,-0.035957396,0.027476197,0.106741734,0.09249533,-0.05700227,0.031809583,0.022294672,-0.11538325,-0.022734199,-0.0124695385,0.025991607,-0.15425251,0.028445438,0.011298589,-0.17659168,-0.017188417,0.055233195,0.029588034,-0.053517077,-0.06542758,-0.034338456,-0.03294982,0.013794107,0.035161488,0.022414783,0.055241458,0.04817346,0.0022981025,0.059480395,0.02785392,-0.012696791,-0.023234988,0.047340844,0.0554272,-0.025971614,-0.023963222,-0.14180107,0.009239028,0.11649857,0.09024889,0.07250418,0.010340183,-0.13227436,-0.024514113,0.050590675,0.07111911,0.028792929,-0.014581671,-0.0882785,-0.06916824,0.02330108,0.07540488,0.17812268,-0.043276526,-0.018323626,-0.00103471,0.036684826,0.0849911,-0.031263895,-0.06349799,-0.06734061,-0.09969882,-0.02276638,0.11036091,-0.01813297,-0.022908937,0.028465845,-0.04403715,0.081020795,0.037910193,0.13464504,-0.11027736,-0.082564324
TCGA-BH-A0DK-01A,0.0615696,0.0090105785,0.06296715,0.107997574,0.043835353,0.07101319,0.032689106,0.071728095,0.035616737,0.0016988885,0.014149587,-0.0077110133,0.0141149815,0.100613214,0.12431553,-0.08666326,-0.0045470125,0.056222808,0.13398874,-0.121967025,-0.02781498,-0.0013858345,-0.0680674,0.15169854,-0.05537019,-0.060738795,-0.08609016,-0.07612781,0.011571549,-0.0012833952,-0.077746905,0.027063364,-0.09852797,-0.09532379,-0.07920597,-0.06913445,-0.04153231,-0.045281123,-0.0075376676,-0.056733184,-0.0024245179,0.08720783,0.025289644,-0.0088773575,0.0018774811,-0.0667534,0.008741294,-0.01137073,0.08306482,0.13120057,0.0771905,-0.0228555,-0.053483304,0.055493325,-0.004605738,-0.00089226733,0.070958056,-0.014826286,-0.019824835,0.08381704,-0.11734712,-0.109699555,-0.07865186,0.04819857,-0.05759096,0.019274985,0.124693535,-0.037513897,-0.008056153,-0.09733861,-0.13478056,0.0629198,0.038475897,-0.21407095,0.024604276,-0.011812394,0.029300662,0.0017674394,0.092386276,-0.024534455,-0.041972023,-0.015390935,0.047146015,0.018384755,-0.012057991,-0.06840441,-0.087435625,0.13829637,0.17518747,-0.114687584,0.034717735,-0.11774189,-0.020635793,0.023689125,0.12722705,-0.046927944,-0.049433466,-0.017064914,0.073647805,-0.073374964,0.06351327,-0.04964372,0.039257903,-0.06648456,-0.07323167,-0.0588167,-0.037678834,-0.078015916,0.035333917,-0.0898088,-0.05402681,-0.11031993,-0.08091851,0.099155046,0.1201289,-0.051552642,0.073915824,-0.054722447,0.061014608,-0.013387874,0.050982323,-0.07941347,0.08265722,0.043626122,0.10313905,0.06174544,-0.02707487,-0.02474734,-0.0015995414,0.115908444,0.032175466,-0.03835747,0.0803508,-0.049924377,-0.15927428,0.036153458,0.031681463,-0.041709896,-0.015987149,-0.12309886,-0.017051265,-0.14111586,-0.024313962,0.027382728,0.04759478,0.022174742,-0.088201374,0.019316975,0.0152232945,-0.06200028,0.040221225,-0.04439017,0.04290717,0.12594876,-0.02002743,0.10234351,-0.011487875,-0.09522871,0.017922478,-0.03728625,-0.041204605,-0.023572423,0.13912636,-0.122649126,-0.09280409,0.0028228106,0.06214596,0.0031007754,-0.023497619,-0.040481262,-0.040093083,-0.06705964,0.006494031,0.071288064,0.0041770586,-0.01411511,-0.112066135,0.02749472,0.063068226,0.11436005,0.04339367,-0.001266905,-0.023263086,0.08739546,0.057850584,-0.07587527,-0.10227923,-0.059821196,-0.014989872,0.09141594,0.12569152,0.052200012,-0.048410475,-0.04064815,-0.048739504,0.11600726,0.097239524,0.05490055,-0.017494416,-0.039509136
TCGA-B6-A409-01A,0.07436192,-0.008008326,0.096312396,0.06830787,0.0050380947,0.061757807,-0.026979282,0.13597287,0.008506708,0.08032722,-0.028719472,-0.032320067,-0.09149694,0.114813834,0.043896943,0.009732606,0.022252185,0.12253345,0.054162007,-0.1077204,-0.048024032,-0.020542026,-0.07247945,0.046699695,0.04204736,-0.0045487806,-0.21815753,-0.022478247,0.06726438,-0.0628349,-0.060036685,0.049159758,-0.15806517,-0.13619989,-0.06621796,-0.06825726,-0.078122124,0.0120772235,-0.090757325,-0.09362139,0.10029852,0.08732974,0.091538325,0.034564454,0.0029274428,0.00865714,0.0070805657,0.038214628,0.042978734,0.013208775,0.07191282,-0.039206315,0.032895807,0.09001069,-0.0057679825,-0.049213093,0.060504567,-0.025148332,-0.09428782,0.0049416353,0.008595684,0.083433084,-0.028690087,0.017971111,-0.010066711,-0.04669845,0.09975491,-0.05023159,-0.11642882,0.06081071,-0.06929053,0.05700828,-0.012975435,-0.10962232,0.072773464,0.009667107,3.872954e-05,0.085888185,0.06814591,0.069242135,-0.07009664,0.0092214,-0.025590165,0.100181885,0.055061333,-0.09230804,0.02066977,0.12091495,0.025665866,0.021184681,0.075485386,-0.042483695,0.05342915,0.08615859,0.02739451,0.07690723,-0.12046079,0.06841152,0.041463133,-0.10994506,-0.01533218,-0.017951189,0.05049198,-0.04861905,0.01710833,0.00721629,-0.0047451216,-0.11861768,0.0860593,0.08525535,-0.023675887,-0.066949435,-0.10281718,0.17359138,0.22759996,0.014797401,0.034099538,-0.0773362,-0.07767806,0.018435897,0.061218187,-0.07616717,0.06271547,-0.007589614,0.030371672,0.03386886,-0.041774735,0.08429545,0.033911336,0.08616701,0.14230163,-0.14634871,-0.054711346,-0.14783694,-0.15570389,0.007857775,-0.032761596,0.0068670493,-0.02726232,-0.013072122,0.021174826,-0.15883972,0.0116429655,0.068293996,0.0030984648,0.092591345,-0.040153243,0.02107725,-0.039338283,-0.027936524,-0.04355464,0.035532046,0.05808281,0.048625622,-0.07453539,0.008603958,0.08681504,0.03245818,-0.06541447,-0.048494767,0.01547038,-0.023870932,0.05387228,-0.19424383,-0.011407935,0.06302755,0.02578124,0.006096697,-0.041652445,-0.0835026,-0.08873987,-0.117683336,-0.029689075,0.06482702,0.040436126,-0.07936601,-0.045696463,0.03489552,0.027750775,0.041760106,-0.046167795,0.041733604,-0.010526431,0.012275876,0.044186,-0.10360266,-0.00692177,0.015518394,-0.057160832,0.041784935,0.09406827,-0.066607535,-0.064881556,0.06248035,-0.0370876,-0.04651552,0.09016197,0.0025111379,-0.05833127,0.0066646542
TCGA-D8-A27N-01A,0.051901795,-0.011145835,0.102939956,0.08504683,-0.0672893,0.11621809,0.10402835,-0.03671351,-0.031000264,0.052938115,-0.017447174,-0.024397817,-0.010234528,0.09805044,0.107845984,0.017353883,0.07740124,0.019156262,-0.0040240535,-0.14763631,-0.053630363,-0.16881022,-0.0605101,0.047618162,0.021967255,0.051063992,-0.1477949,0.002037493,0.046791594,-0.093785316,-0.07472018,0.06256351,-0.12231551,-0.083391026,-0.0438305,-0.08437266,-0.021150224,-0.003172623,-0.013875677,0.009310302,-0.027997268,0.068906754,0.20794648,-0.090782896,-0.064186834,0.042248223,0.039482865,-0.046979785,0.08580774,0.08720773,0.10499886,0.039713737,0.02361848,0.033408992,-0.0048827347,-0.014487663,0.06152727,0.03990793,-0.12378328,-0.013387153,0.042127334,-0.038231257,-0.09950849,0.03291528,-0.05446144,-0.099790454,0.19166705,0.059664227,-0.044911027,-0.03176752,-0.048042968,0.011651623,-0.12370605,-0.15037803,0.017732564,0.008872782,-0.09327389,0.065036796,0.08789995,-0.009110594,0.020513777,-0.071397826,0.011492666,0.042901784,-0.083800785,-0.03428091,-0.042776644,0.09168653,0.12740019,-0.050510373,0.06888016,-0.037945285,0.08903815,0.13810553,0.073696084,-0.042261176,-0.017243495,0.015013013,0.013038389,-0.014557517,-0.007852007,0.09398537,0.05158534,-0.12525831,-0.046078235,0.0030240556,-0.045770567,-0.112941265,0.013451952,-0.068329,-0.08570982,-0.11109867,-0.060157865,0.10102265,0.061823003,-0.08180739,0.018386595,-0.10421675,0.024234328,-0.048418656,0.08240152,-0.062678955,-0.0028729963,0.03967938,0.030005887,0.04767639,-0.098265246,0.026059642,-0.04003816,0.12707698,0.06816817,-0.080858745,-0.045447774,-0.081950665,-0.042970743,-0.053945336,-0.0035566138,-0.11812978,0.03015626,-0.037332807,-0.1272583,-0.10056949,0.028211813,0.073615074,0.06879873,0.009817775,-0.06874973,-0.024244638,-0.030925328,-0.074285604,-0.022526776,0.03783543,-0.025939038,0.01656232,-0.038764913,0.04063707,0.10743953,-0.0589277,0.014658864,-0.013694841,-0.043025844,-0.029746389,0.06835771,-0.09025771,0.016735196,0.025635129,0.09161965,0.012514323,-0.048181426,-0.06186625,0.0071108853,-0.1250949,-0.0035575405,-0.015280475,-0.0678451,0.012458098,-0.067750804,0.050605696,0.058026187,0.0959102,0.024993714,0.112078175,0.06475912,0.065115616,0.05650989,-0.04899393,-0.14672618,-0.056642625,-0.0955906,0.07788189,0.06457652,-0.04279842,-0.08168377,-0.020913305,-0.12494292,0.06700383,0.028253216,0.08449696,-0.039011244,-0.037407212
TCGA-LL-A5YM-01A,-0.028867101,0.0072589503,0.070856616,0.045199417,-0.082480185,0.06666668,0.012844393,0.084781796,-0.113965094,0.028976658,-0.039977923,0.00024610953,-0.08373141,0.13790113,0.04277142,-0.013365347,0.061483245,0.11148337,-0.05902087,-0.13261567,-0.0617622,-0.015495,-0.0669219,0.13319688,-0.026078891,-0.057340745,-0.07963068,0.07028433,0.052593734,-0.09612574,0.012162877,0.0073264777,0.015923267,-0.06687278,-0.078303605,-0.10890324,-0.011353991,0.011811121,-0.0837322,-0.009055147,-0.031955156,0.014927923,0.1782201,-0.09501893,-0.011888641,-0.005231512,0.051563334,0.006739665,0.13159893,0.10360432,0.011128038,0.01677785,-0.023571162,0.05706063,0.029573908,-0.05479342,0.071516685,-0.001239935,-0.053305916,0.029355196,0.015918666,0.011414797,-0.0055470676,-0.0050788545,-0.00623687,-0.057002705,0.12582266,-0.003987308,0.05826895,0.041861676,-0.101557575,-0.017876767,-0.012895172,-0.24144384,0.12557411,-0.017781783,0.011242507,-0.059501607,0.12872085,-0.06042501,0.06991561,-0.101385325,-0.059850622,0.04894732,-0.14807615,-0.07415795,0.015559117,0.083720855,0.03110706,-0.040512457,0.0031206247,-0.09901187,0.13185427,0.04255275,0.07569535,-0.03927912,-0.12445565,-0.011539106,-0.029094826,0.027537726,0.040478647,0.11263697,0.017710572,-0.09563652,-0.08534875,0.051558517,-0.040482596,-0.08042496,0.07057061,-0.006330096,-0.06282848,-0.099690534,-0.103182934,0.0013763825,0.14171034,0.039988015,0.057905737,-0.0068292627,0.004612986,0.04348567,0.109856516,-0.10640442,0.07835833,0.05806206,-0.05606323,-0.033197362,-0.098662324,0.042277776,-0.015876707,0.09427828,0.02324052,-0.027714558,-0.044655286,-0.10258607,-0.14323801,-0.065310456,-0.07748291,0.033840615,-0.03839178,0.08245754,-0.10719759,-0.094400145,-0.000612591,0.011065326,0.031479407,-0.03070748,-0.13383576,-0.020366468,-0.058830768,-0.04261612,0.04330789,-0.058781188,0.026901802,0.06790861,-0.038684968,0.03508701,0.0027124758,-0.1050776,-0.06404944,0.024041036,0.018810725,0.00044339267,0.05148948,-0.17239587,0.009060414,-0.014238566,0.08389794,0.0034563176,-0.04256844,-0.05089013,-0.046644945,-0.06092483,0.07061087,-0.03864961,-0.012503274,-0.17197278,-0.059601054,0.06058621,-0.04949734,0.1894014,-0.02658444,0.062073506,-0.07739963,0.041811503,-0.040931832,-0.0023863018,-0.10526109,-0.03790027,0.0042039403,0.027063636,0.021852566,-0.073371775,-0.0152566265,0.02579416,0.011844901,0.08665653,0.0060277227,0.1146112,-0.028403545,-0.012074002
TCGA-EW-A1P1-01A,-0.013362003,-0.004891014,0.12640755,0.012138918,-0.036100503,0.058495246,-0.027502198,0.040687714,-0.021157302,0.012563128,0.0025299895,-0.007076586,0.00036275384,0.14372416,-0.013178138,0.013435647,0.041783568,0.067338526,0.016005067,-0.078122064,-0.040992063,-0.15806784,-0.009503671,0.055709016,-0.04785477,-0.08164149,-0.14607105,0.020873826,-0.063273214,-0.05758603,-0.10081766,0.03360459,0.0653533,-0.060373284,-0.15059492,-0.066048056,-0.003183423,-0.050067835,0.014721416,0.021905025,0.023605078,0.04119175,0.04796614,-0.16463754,0.04759826,0.028952293,0.022000412,-0.10530574,0.10841262,0.06619801,0.05530705,-0.050998162,0.04873663,0.03821075,-0.045803197,0.006684503,-0.02682312,-0.020801838,-0.043471396,-0.028009577,-0.023072453,0.07691524,-0.0044140173,0.11468771,-0.007850644,-0.116220996,0.13062257,-0.02204292,-0.042460136,-0.0018666949,-0.10119478,0.03280645,-0.06242002,-0.13479021,0.017589146,-0.0653646,-0.03909755,0.013894951,0.13152975,0.018467233,0.015389033,-0.08780623,0.004157529,0.03149635,0.006822201,-0.07669357,0.009066212,-0.017500417,0.111862704,-0.066267595,0.041308444,-0.15207481,0.040584765,0.03545395,0.07917993,-0.003764322,0.009476648,-0.07508101,-0.03268396,-0.05527796,0.0008589585,0.064671665,0.0019458438,-0.13380474,0.017666237,-0.055689853,-0.10942835,-0.09837421,0.038863167,-0.060319874,-0.0645756,-0.09187599,-0.03082762,0.19175008,0.07682858,0.03296623,0.03659278,0.021763815,0.011955393,0.0401053,0.11608853,-0.14656033,0.011746093,0.033033203,0.09584745,0.08295469,-0.11646276,0.059020013,-0.036451798,0.16065589,0.16055003,-0.12192019,0.012438325,0.0049870424,-0.18614534,-0.046074703,-0.03934033,-0.015365001,0.020933606,0.06287,-0.024772795,-0.13770476,0.02037383,0.076756515,0.08062774,-0.066744804,-0.034432493,-0.06624011,-0.001521347,-0.07564999,-0.025632154,0.04355781,0.043381777,-0.0022230514,0.05652657,0.054092858,0.04017478,0.0073463046,-0.11759852,-0.07367257,-0.020762902,-0.012938063,0.005273739,-0.19554459,-0.14239527,0.10190809,0.12759832,0.028569516,-0.060736608,-0.04159817,0.06069405,-0.016491314,-0.030605514,0.014643123,-0.0077798767,-0.111987785,-0.030279627,0.05501503,-0.029715925,0.1678901,0.090818316,0.006424451,-0.04612085,0.08316737,-0.03655532,-0.024566462,-0.060724985,0.018130746,-0.008922322,0.05294228,0.07342683,-0.03011589,-0.029467454,0.009315337,-0.056770876,0.0027579102,0.0784689,0.019989792,-0.0385007,-0.022659553
TCGA-BH-A1FU-01A,-0.06854474,-0.005359011,0.1181052,0.14498314,-0.08419769,0.014228772,0.014999047,0.04999339,-0.027614389,0.033279203,0.048640415,-0.046049103,0.07697785,0.04407189,0.029774936,-0.0077738618,0.010159673,0.0006403905,-0.01471895,-0.14505345,-0.04384026,-0.09117335,-0.101664245,0.1188601,-0.039702192,-0.017895209,-0.08992476,-0.037185546,0.0707545,0.025429312,-0.045808766,0.006178821,-0.06448458,-0.13618188,-0.10038952,-0.021193238,-0.1016603,0.055538855,-0.07218811,-0.06500155,0.042098206,0.06329215,0.09448812,-0.01835224,0.025904609,-0.041117955,0.0004037841,-0.0036038118,0.14383358,0.1505382,-0.00709049,-0.05274063,0.094558604,0.04759304,0.047785375,0.04128321,-0.014259352,-0.015418579,-0.013137166,-0.037765425,-0.010815968,-0.06763641,-0.037054423,0.05837852,-0.033206746,-0.019078285,0.13251962,-0.03420757,-0.030711897,0.035501778,-0.12153146,0.08613711,-0.085903734,-0.18156412,0.0832416,-0.015327514,0.055017468,0.043612193,0.11697361,-0.03668877,0.056883607,-0.04930896,-0.062084578,0.16334419,-0.124395214,-0.07970637,-0.01920563,0.21394178,0.12147762,0.015210087,-0.0015894423,-0.061478548,0.09085059,0.03657163,0.06532567,-0.010953453,0.03196655,0.039637197,0.069539785,-0.057588797,-0.0053590606,-0.025432967,0.0029653485,-0.0645595,0.0021117947,-0.016526105,-0.038901918,-0.009092802,0.05824899,-0.030649485,-0.0050516925,-0.09716332,-0.10920297,0.09775355,0.056434598,-0.054049697,0.022941943,-0.13096541,-0.12658466,-0.046562355,0.09922865,-0.1425254,0.097766414,0.04612282,0.095168106,-0.03171356,0.0073174806,0.088340804,-0.029371645,0.08917747,0.1671365,-0.05314488,0.00012028928,0.038510468,-0.16761844,0.04933814,0.010197444,-0.033785872,-0.018565167,0.02445799,-0.006600512,-0.10256675,0.0123120835,0.010173808,-0.02039758,-0.049040243,-0.11749329,0.05320908,-0.02173519,-0.010699433,0.026527647,0.015098711,0.0049853027,0.0756799,0.013454516,0.052861985,0.018208666,-0.08768431,-0.107793674,-0.013323454,-0.06653601,-0.035299193,0.04356502,-0.10915835,-0.101266064,0.04199063,0.076406814,0.02189782,-0.028523212,-0.039399326,0.04775811,-0.15038438,-0.06666705,0.07959224,0.023620717,0.015218137,0.041216325,0.035152175,0.040812787,0.10414038,-0.04139701,-0.03496782,0.01073944,0.055613555,-0.0071759657,-0.004108851,-0.0632274,-0.11767932,-0.10654775,-0.034899537,0.01622381,0.056900624,-0.0897265,-0.09113171,0.05133664,0.038990106,0.11596362,0.08895937,-0.00954539,-0.041613497
TCGA-BH-A8FY-01A,-0.06160569,-0.041064534,0.032880645,0.022192197,-0.039718334,0.04013092,-0.053838834,0.051838767,-0.078045495,0.01540618,-0.100987054,0.0395158,0.031647783,0.11515322,0.10262387,-0.06854491,0.03655264,0.12074793,0.066874094,-0.07219646,-0.0015088085,0.013926117,-0.031231541,0.095735356,-0.03973297,0.018874122,-0.15065567,-0.044523217,-0.038445927,-0.030079355,-0.06420415,0.02553392,-0.058373246,-0.094893806,-0.030867478,-0.13184625,0.023123225,-0.033584278,-0.0735939,0.039890673,0.017877849,0.1470211,0.052788705,0.03556923,-0.047634587,0.010560475,0.030687673,-0.006382135,0.059738003,0.028856877,0.042924996,-0.014367882,0.021637721,0.17021133,-0.036229532,0.033662923,0.13485266,0.04383307,-0.025566205,0.03148137,0.042013507,-0.03132521,-0.033756517,0.05413686,0.0035900907,-0.09252315,0.094091706,0.0027929717,-0.08690815,0.07620258,-0.16547744,0.0087549,0.016726395,-0.16518913,0.058761045,0.012784741,-0.08253219,-0.060621936,0.024551837,-0.02770101,0.027250856,-0.06352504,-0.024244599,-0.030331044,-3.2741922e-05,-0.05407274,-0.045089215,0.12227831,0.046543017,0.025739202,0.005006441,-0.034147266,0.1320351,0.0028648002,0.14420222,-0.13754445,0.002753148,-0.008798541,0.008429665,0.013224453,-0.025865387,0.073863305,0.08078115,-0.106688894,-0.055326473,-0.021875655,-0.07988039,-0.051743273,0.07297956,-0.09184808,0.017911192,-0.14606504,-0.070161246,0.1014361,0.12345068,0.0011768601,-0.028438402,-0.021520482,0.056277417,0.11269218,0.05173337,-0.004646072,0.024837095,-0.042932764,0.008658353,-0.045189008,-0.040357407,0.097135775,-0.048498143,0.15480831,0.08826149,-0.106119774,0.038645543,-0.030929083,-0.16321155,-0.03261063,-0.07292455,0.009594591,-0.13659792,-0.060078908,0.032385778,-0.121862225,-0.013503766,-0.00043213286,0.072347455,0.013075934,-0.15393849,-0.0075001726,-0.014311489,0.040929895,0.00750965,0.013011322,0.10387792,0.1553266,-0.115626216,0.013966764,0.02641266,0.0022028072,-0.10510553,-0.08012254,0.058024127,-0.05685083,0.016255924,-0.20482278,-0.04121203,0.04135712,0.10069713,-0.06510612,-0.06906369,-0.07388245,0.059519984,-0.024233507,0.028353518,0.050834905,0.009065529,-0.07110815,-0.0044531943,0.0511377,0.024672385,0.15478875,0.005885293,-0.033864673,-0.040621713,0.014002235,0.059235428,-0.0048911944,-0.09098575,0.0074006724,-0.010545753,0.042213198,0.0049147867,-0.074694164,-0.10078223,0.098901056,0.017462043,0.029972898,0.018198337,0.15804784,-0.03794561,0.008179468
TCGA-B6-A0RU-01A,-0.03205287,-0.06238928,0.111248665,0.058981415,0.06388661,0.1215879,-0.026892716,0.03721111,0.0029900295,-0.034070205,-0.029355774,0.010352735,0.012309058,0.16483803,0.12059602,-0.017402971,0.0146249505,0.0870653,-0.05176447,-0.13016792,0.024570912,-0.09363159,-0.015437924,0.110878475,0.03585908,-0.025104046,-0.13958535,-0.0075978055,0.01579666,-0.0462234,-0.005206837,0.052428406,-0.14204016,-0.09900166,-0.02438816,-0.14075412,0.0039094584,-0.007052254,-0.041585516,-0.056092817,0.06652835,0.07622633,0.08524881,-0.043406554,0.010622206,-0.016901806,-0.013865007,-0.04552248,0.0066170683,0.046570122,-0.011348886,-0.054966588,0.0020033752,0.116941325,-0.02700513,-0.06289322,0.10251722,-0.022550179,-0.06879323,0.013823569,0.029984374,-0.06676782,-0.08187255,0.079163514,0.036023032,-0.13761507,0.13613723,0.049338996,-0.054100703,-0.044887424,-0.049345266,0.023580847,0.037458763,-0.12990525,0.073291086,-0.108069226,-0.024411075,-0.020508097,0.122523606,-0.10311769,0.056222145,-0.087621525,-0.062046986,0.04416283,0.024084663,-0.0020438598,0.051176287,0.09245155,0.15085955,-0.14183922,0.063602276,-0.09945907,0.026984788,0.07357808,0.08832968,-0.03269346,-0.052876577,0.07318053,0.031260468,0.009742145,-0.047100734,0.020719262,0.038838085,-0.0413564,0.06469966,0.043123387,0.012043847,-0.00017530097,0.014290777,-0.019962087,-0.021698391,-0.034028176,-0.10858163,0.17444101,0.1450581,-0.04319541,0.023278704,-0.058516078,-0.009319204,0.036148388,0.061286066,-0.13984773,-0.08646432,-0.0043570977,-0.072965354,0.037535824,0.008159728,0.046309248,0.032149848,0.121708795,0.068581805,-0.07520923,0.010869691,-0.041575305,-0.16741423,0.0034442402,0.025600834,0.013964274,-0.064911194,-0.030331487,-0.030197209,-0.18922065,0.06413775,-0.022650272,-0.051790923,0.01672703,-0.0106395045,0.0065328535,-0.044076383,-0.10348611,-0.023243189,0.09741278,-0.036953308,0.08038212,-0.11061083,0.06810915,0.010820847,-0.030858375,-0.018137505,0.0431584,0.02865035,-0.10506438,-0.020583522,-0.17545198,-0.07261652,0.044523947,0.09034376,-0.008493533,-0.030695138,-0.09280855,0.07895792,-0.029278655,0.05068984,-0.095742345,0.046244536,-0.073405065,-0.026057638,0.09247,0.07642553,0.066392064,-0.017642008,-0.06822031,-0.009661194,-0.11857538,0.062299255,-0.03221161,-0.124896154,-0.06423575,-0.1006449,0.052749958,0.06268037,-0.05606498,0.0013616142,0.12535812,-0.0155613385,0.03466185,0.07246971,-0.006211381,0.01455177,0.0019851292
TCGA-A7-A6VW-01A,-0.037092775,-0.08150253,0.17085172,0.06250242,-0.029981999,0.073761724,-0.0361301,0.01689008,-0.037943993,0.085580006,-0.043235675,-7.238046e-05,-0.0037855566,0.13370027,0.040530898,-0.029879915,-0.03938452,0.031152243,0.035242006,-0.15248321,-0.028625173,-0.008066887,-0.0872332,0.049339708,0.12953082,-0.08140532,-0.20658948,-0.014415407,0.014088166,-0.10083471,-0.040071253,0.06992659,-0.019949108,-0.13025391,-0.1523231,-0.042609192,0.024322208,-0.07890809,0.0010706468,-0.057215847,-0.009751554,0.092397295,0.10913286,-0.17507479,0.0370713,-0.009899305,-0.014116564,-0.108473614,0.03172786,0.15007053,0.030455654,-0.016445896,0.031229386,0.041789547,0.030557,0.060908232,0.08382052,0.036165737,-0.06513765,-0.019996198,0.030798389,0.07967015,-0.036304172,0.0045830794,-0.0074179107,-0.009338688,0.027630858,-0.02550335,-0.052025635,0.0465098,-0.07661997,0.116451666,-0.03697173,-0.1879105,0.09249832,-0.005101422,0.009542334,0.094850704,0.004247067,-0.046107117,-0.018866947,-0.034756985,-0.036482718,-0.059181906,-0.033169072,-0.12376103,-0.15419437,0.07267757,0.12387962,0.01958348,0.023698352,-0.1674823,0.06333234,0.029568547,0.024276478,0.03756765,0.009276015,-0.014143187,0.032788184,-0.0013355755,-0.016862366,0.050213758,-0.025195515,-0.11910265,-0.07148419,-0.037267413,-0.08578134,0.0028876986,-0.039234582,-0.0047643255,-0.08248122,-0.032627266,0.029216075,0.0370381,0.02805074,0.02213994,-0.06637067,-0.069860786,-0.060056083,-0.046221625,0.10240961,-0.13661246,0.023400573,0.029768182,0.02130223,-0.02839959,-0.028742565,-0.008779062,0.04073475,0.19158833,0.12094313,-0.19781074,-0.01005431,-0.0374442,-0.13024458,-0.03844494,-0.058246523,0.021961216,-0.08867822,0.009006071,0.055007678,-0.102806605,-0.028442528,-0.03478606,0.019261438,0.05664836,-0.117119715,-0.05043654,-0.07588216,-0.07827841,-0.06314887,0.06468085,-0.015624714,0.04224151,-0.031067906,0.06013522,0.042343255,-0.009858809,0.008007242,0.036055207,0.046888478,-0.075026326,0.07038027,-0.15927045,-0.015021455,0.00946134,0.115463346,-0.033832453,0.008550022,0.034740597,0.022985285,-0.05437817,-0.010647405,0.006366908,0.102519356,-0.01519684,-0.031677656,0.067007795,0.040502712,0.038564567,0.035461932,-0.026374979,0.008027253,0.0921736,0.03256396,-0.13184597,-0.14049903,0.009727241,-0.053794857,0.046098083,0.057155654,-0.1018228,-0.03502867,0.020199986,0.0044818465,-0.025618585,0.048330516,0.020308163,-0.098036245,-0.01944169
TCGA-BH-A209-01A,-0.018213427,0.004116182,0.09638139,0.024444163,-0.0031892164,0.06576745,0.070609696,0.042826813,-0.058226317,0.0046418337,0.021018673,-0.05308575,0.0058659613,0.17970023,0.109473094,0.018093083,0.08796309,0.07740863,0.090921685,-0.027875887,-0.062933296,-0.068633996,-0.14704292,0.13002004,0.041077554,-0.071825765,-0.116072394,-0.06733395,-0.008580374,-0.15306623,0.003268109,0.007245283,0.02253147,-0.1417777,-0.063000485,-0.09016252,0.008346487,-0.011550179,-0.044252537,-0.08924548,0.013457489,0.06671914,0.09250603,-0.055813905,-0.07006941,0.0060179173,0.018202867,-0.08717645,0.08135755,0.09478642,0.064557716,-0.020921897,0.0057202238,-0.008182029,-0.03373695,0.027155973,0.032095548,0.020633686,-0.02183561,0.03549161,0.08142751,-0.041852236,-0.052524105,0.11790465,-0.0015736129,-0.044332277,0.1519701,0.056121018,-0.11745311,-0.07306116,-0.11195445,0.05023787,-0.018771827,-0.21728426,0.14894871,0.076594576,-0.08497277,0.014421575,0.12648366,0.033353444,-0.019108558,-0.039760135,0.037680168,0.16222177,0.012413868,-0.021791684,-0.033020783,0.079996824,0.022735775,-0.0013332745,0.051129263,-0.11626867,0.16435002,-0.03630961,0.021243788,-0.049545757,-0.026933633,-0.004376072,-0.001937215,-0.10492594,0.024982132,0.105550826,0.00083306053,-0.035944063,0.029642764,-0.0163331,-0.0060107964,-0.013701389,-0.018726807,0.06440798,0.012115051,-0.03658228,-0.11605633,0.025343206,0.14542165,-0.041938365,0.025014283,-0.032467145,-0.10742157,-0.06676871,0.047766004,-0.047949538,0.040469598,0.073423475,-0.030619916,0.007225425,0.013113121,0.009564827,0.017485216,0.092825696,0.1520285,-0.08203586,-0.08904748,-0.11971178,-0.10794667,0.015071285,-0.019384844,-0.066375956,0.049312234,0.055918105,0.015151215,-0.027024252,0.0036080007,-0.05918622,0.07871245,0.0046732747,-0.07471483,-0.1047571,0.042836733,-0.116762914,-0.06519719,-0.07255692,0.08632708,0.05223293,-0.017609028,0.01493871,-0.006938792,-0.04419818,0.013887642,-0.038443457,0.0016559557,-0.031787097,0.0945304,-0.10643622,-0.05239233,0.046769813,0.01587094,-0.020318713,-0.13767189,0.083754204,-0.070178606,-0.020401483,0.12234855,0.06214716,0.08824691,-0.045580253,-0.10976063,0.0056962557,-0.05517595,0.095571,-0.012809449,0.04842535,-0.093959324,-0.032153476,0.04436223,-0.089273974,-0.1658308,-0.0076581747,0.05997187,0.052008748,0.06972029,-0.01017857,-0.037340734,-0.016694447,0.017975293,0.054759797,0.0331516,0.02635652,-0.09753309,-0.007904723
TCGA-OL-A6VQ-01A,-0.0072256094,-0.0018394291,0.099597126,0.062447745,0.009542594,-0.010917223,-0.032818545,0.08642105,-0.07912949,0.027729822,-0.05506741,-0.13394971,0.044714257,0.09599969,0.13948432,-0.06791196,-0.013290076,-0.015651079,-0.0033217275,-0.09592074,-0.04723564,-0.052259043,-0.09710031,0.01626717,0.010759923,-0.0063635404,-0.18373874,-0.03841351,-0.014050531,-0.03171101,0.024854928,0.0068718204,-0.099880286,-0.16999754,-0.11703208,-0.17054237,-0.0819727,0.032446023,-0.13244455,0.07658897,0.022762645,0.11632328,0.09164351,-0.06381165,-0.0030070704,-0.008092477,-0.115513265,0.09347653,0.06349929,0.093039796,0.03514666,-0.054470547,0.029541424,-0.02149827,-0.02756338,0.03657363,0.07517786,0.0803247,-0.09642103,0.04547168,0.12819362,-0.03075471,-0.08471895,0.092478715,-0.09023262,-0.006380278,0.08973182,0.012314414,-0.10578199,0.010965274,-0.0819547,0.10618425,-0.008602188,-0.13098674,0.073558085,0.061949138,0.071477816,0.009439711,0.08645084,0.0034463515,0.053126115,-0.09915481,-0.031900324,0.03352466,-0.06357585,-0.102144785,0.087046474,0.09802677,0.15404625,-0.06627866,0.119172044,-0.04303788,0.089872286,0.05616842,-0.003101303,-0.056503728,-0.17388208,-0.024583971,0.03876106,-0.062331077,0.01226203,0.021974994,-0.0031293444,-0.03701209,0.011880443,0.007164224,0.0054898257,-0.050296023,-0.0071771746,0.03297315,0.011786691,-0.09814762,-0.07303808,0.088210836,0.08847415,-0.05244842,-0.010111144,-0.1308761,-0.13413145,-0.12025571,0.048403665,-0.101694725,0.04014787,-0.020781377,0.04747259,-0.043869227,-0.079688735,0.01067733,-0.021887586,0.08704548,0.089160405,-0.18307291,0.03329766,0.039218653,-0.16030298,-0.08423199,-0.003824252,-0.026797062,-0.030526677,0.009347352,-0.0032814024,-0.12946194,0.06363126,-0.012798977,-0.026762208,-0.022807969,-0.039402314,0.038873486,-0.086388655,-0.019735228,0.017820753,0.0026230272,0.06865812,0.101966545,-0.039807796,0.017822977,-0.003401582,-0.09785374,-0.034871556,-0.036081627,0.09151548,-0.023981906,-2.8038012e-05,-0.0787847,-0.028111797,0.10831103,0.0819446,0.045933973,-0.12079895,-0.0005526717,0.0064502107,-0.0031450768,0.033074535,-0.007867843,0.12777285,-0.036797322,0.006693814,0.06426293,0.10572006,0.03455925,0.006404055,0.023873154,-0.03828867,0.00083641364,-0.03202319,-0.03921579,-0.045366447,-0.0484479,-0.0377593,-0.0030864668,0.03648747,-0.018451419,-0.062362242,0.08497569,0.045256764,0.037879955,0.01250544,0.103612356,-0.008361208,0.004381338
TCGA-BH-A0GZ-01A,-0.053151388,-0.076616175,0.11267802,0.015969308,-0.057319395,0.101140335,0.007102917,-0.0059751975,-0.051141985,0.039688576,-0.050933696,-0.14474504,-0.040047687,0.06720339,0.17760666,-0.014265664,0.03132557,0.034008004,0.0009321716,-0.11620034,0.006774365,-0.0032532148,-0.006618353,-0.045290414,-0.025781935,-0.065380774,-0.15127139,-0.007476949,-0.0071843797,-0.08121785,-0.03122374,0.0056488104,-0.0410445,-0.10423136,-0.06351141,-0.048827305,-0.045520473,-0.0491648,0.03422109,-0.032830622,-0.08249943,0.10328913,0.07122973,-0.120380566,-0.048369084,0.06781163,0.08024245,0.049671337,0.07985724,0.16303973,0.027067166,-0.0027676972,0.034193497,-0.06917004,0.019649228,-0.014671639,0.01615107,0.0033520565,-0.111994706,0.025028724,0.016355569,-0.017557701,-0.061093234,0.052433986,-0.02898143,-0.07150895,0.07048025,-0.021732988,-0.115201384,-0.0038613663,-0.12087678,-0.026353633,-0.050649527,-0.16022885,0.045803737,0.023068624,-0.05984635,-0.009576431,0.05427341,0.069710806,0.061521642,0.0010215366,-0.0035023936,0.130367,-0.03560858,-0.089549586,-0.016082112,0.10401553,0.07181218,-0.00916562,0.13031359,-0.01608592,0.08524844,0.0020155506,0.026753958,0.041482568,-0.06153068,-0.041498203,-0.08972094,0.03888275,-0.015187171,0.019436426,0.023359321,-0.12526216,-0.06855911,-0.04843761,-0.0055345376,-0.18629828,0.03272597,-0.037058637,-0.009016058,-0.06561002,-0.08216075,0.045400098,0.11137763,0.044516455,0.042740274,-0.041837104,-0.019814637,0.008757424,0.18055004,-0.04248605,0.10667024,0.06252967,0.11916205,0.012015847,-0.078626655,0.11389946,-0.00016997974,0.19563062,0.07943675,-0.008622421,-0.018887764,0.0040215086,-0.13441442,0.0103159575,0.010138907,0.09755658,-0.031582348,0.09985178,0.015399976,-0.11684416,0.059580386,0.08070473,-0.016156754,-0.03203196,-0.11854559,-0.023889648,-0.035594713,-0.046441536,-0.002867156,-0.040284008,0.012249055,0.016150262,-0.06738417,-0.06799472,0.05125483,-0.023251701,-0.03740935,-0.012547956,-0.0117563065,0.010887783,0.043720692,-0.18639039,-0.015444649,0.005461575,0.09407063,-0.026318273,-0.053979013,-0.007490656,-0.047861047,-0.11744383,0.047647975,-0.031941462,0.042436775,0.010205926,-0.1500225,0.16260867,0.038535763,0.12525508,-0.031512998,-0.068361826,-0.13559513,0.078106046,0.07035452,-0.0027027729,-0.06927413,0.09746399,-0.023812497,-0.03531282,0.103864685,0.06311975,-0.014685263,-0.012038168,-0.0045595514,0.021044888,0.042604465,0.080150194,-0.06487196,-0.021675028
TCGA-A2-A1G1-01A,-0.028569419,-0.06709233,0.110961825,0.06321358,0.06970669,0.028338486,-0.02301685,0.017690342,-0.046498165,0.06853611,-0.014062165,0.0058209454,0.0026359465,0.078509144,0.025542995,-0.052336052,-0.033009414,-0.010325582,0.084938765,-0.0939112,-0.05237799,-0.13252877,-0.15691009,-0.0038192538,-0.058342393,-0.02694501,-0.08353697,-0.11386942,0.13039295,-0.07796854,-0.16774209,0.005671343,-0.16018786,-0.085378416,-0.09784319,-0.062004894,0.017694501,-0.003583498,-0.08046996,-0.07511899,-0.03118288,-0.01603227,0.08145498,-0.026257988,-0.025781013,0.058925726,0.08756112,-0.013258112,0.039555978,0.048688944,-0.04830404,0.019487942,-0.06322452,0.042266082,-0.04880838,0.015728217,0.12715416,-0.040798225,-0.060574755,0.010210192,-0.06720668,0.023403762,-0.06473227,0.10799734,-0.10602387,0.07376278,0.14597167,0.012428183,-0.03045835,-0.07642968,-0.12515695,0.05326733,0.09184215,-0.14812282,0.057465527,-0.06361396,0.024012864,-0.049104508,0.13955134,-0.050529957,-0.099314444,0.003807778,0.017040357,0.069152355,-0.033766106,-0.040148564,-0.0694103,0.049339592,0.20450637,-0.023003453,-0.005375256,-0.11657502,0.0426099,0.04813357,0.08607471,0.036381308,-0.052082192,-0.046253778,0.12509462,-0.023666013,-0.0005128105,0.111491725,0.011504269,-0.17531237,-0.0141057,0.025998432,-0.05906518,-0.07008506,-0.06879897,-0.010883185,-0.027997926,-0.060243655,0.03305824,0.14193876,0.13130882,-0.087607116,-0.03328092,-0.022644434,-0.05706884,0.06492479,0.09347096,-0.077505104,0.031475063,0.10430739,-0.0062423064,-0.022060812,-0.08301025,-0.015887773,0.026099589,0.16649485,0.017688258,-0.07207211,0.004653729,0.030261524,-0.13190265,-0.03250615,0.031413857,-0.050299462,-0.038270067,-0.0048043355,0.031867858,-0.15806057,0.044072494,0.005093563,0.012755729,0.01744293,-0.057575475,0.038705662,-0.031244649,-0.12544988,0.029841002,-0.015917504,0.07305886,0.06415155,0.014959011,0.103229806,0.05605244,-0.041990858,-0.047618877,0.049692083,-0.07282987,-0.054539938,0.0005967873,-0.20809595,-0.009260268,-0.01959655,0.058793552,-0.009973957,0.04776507,-0.01654149,-0.045388326,-0.051968254,0.0035963906,-0.015250111,0.014934951,-0.052386146,-0.107856944,0.032025833,0.09005174,0.13948424,0.020598654,-0.017154226,-0.08404201,0.021085877,0.06707379,-0.024880711,-0.06574326,-0.005217402,-0.009579031,-0.018703725,0.10048707,-0.058873326,0.017166074,-0.01592151,-0.03985914,0.020485787,0.079582825,-0.010114889,-0.043875635,-0.006820811
TCGA-B6-A0RI-01A,-0.047978528,-0.008956218,0.13438249,0.013687337,-0.024027588,0.028931824,0.014353101,-0.019844806,0.021550957,0.060218625,0.04715359,-0.038404174,-0.067442365,0.10304702,0.08365371,-0.013056717,0.007919774,0.051103786,-0.004443691,-0.2134467,-0.024899673,-0.07267727,-0.08533091,0.14716795,0.016772252,-0.029908562,-0.16437687,-0.06834464,-0.034767292,-0.104785256,0.022012366,0.026662514,-0.11184149,-0.08856896,-0.06550259,-0.08343647,0.006235711,0.049371973,-0.08721961,0.050103754,-0.0001622805,0.048794143,0.052916102,-0.13462299,0.00042763705,0.03224775,-0.016123356,-0.00018949794,0.035522074,-0.002566768,0.062076073,0.0104171755,-0.005718767,0.019863922,-0.029509004,-0.059977703,0.079753034,-0.05810478,-0.07058564,0.05676302,-0.0010883095,-0.07019952,-0.07201824,-0.0020113543,-0.15064152,-0.011231772,0.07137893,-0.06426605,-0.03885546,0.0067196595,-0.17308056,0.10873762,0.018324582,-0.10991745,0.059940483,0.0016866192,-0.07944353,-0.005545971,0.061524343,-0.04749044,0.019771403,-0.012459419,-0.060018443,0.02651219,-0.053918455,-0.10113163,-0.042073343,0.0117502175,0.11641765,0.017433602,0.05613641,-0.11683984,0.06307427,0.07864227,0.07926549,-0.10594032,-0.06489293,-0.035600208,0.019192709,-0.021332372,0.011224999,0.039287627,0.15868844,-0.115448944,-0.11860288,0.046730284,-0.048695106,-0.094805345,0.11560179,-0.020058854,-0.045150306,-0.11357878,-0.04163627,0.008011505,0.11545801,-0.016152384,-0.0072708307,-0.08485557,-0.024040742,-0.0039789397,0.031254217,-0.17148727,-0.023186386,0.053701434,-0.024176009,0.036248755,-0.008253881,0.067109704,-0.0015221763,0.15729296,0.15185143,-0.0083214985,0.043671023,-0.048009258,-0.15880284,-0.035712194,-0.099553905,0.026371535,-0.028390387,0.034974456,-0.03655971,-0.09473587,0.015797405,-0.09512006,-0.10102976,0.04674198,-0.17936465,0.01715291,0.040594388,0.0037695211,0.022617761,0.007707711,-0.034741566,0.018782696,-0.010469329,-0.06446145,0.012941676,-0.06250056,-0.0493601,-0.024251824,-0.036946516,-0.07797922,0.04181948,-0.19281352,0.05034583,0.10370382,0.07418563,0.00024958013,-0.019618072,-0.03981973,-0.04910255,-0.050461646,-0.02360314,0.064418815,-0.001139497,-0.0812653,-0.020588556,-0.015960027,0.09533829,0.15901197,-0.15631026,0.03615473,-0.045884762,-0.025167197,0.1260893,-0.041077107,-0.092988886,-0.0038721384,-0.03662009,0.005208418,0.008856444,0.010781424,-0.006753255,-0.03629267,0.040833835,0.003874576,-0.008750195,0.108143575,-0.033402056,0.03276077
TCGA-E2-A1IO-01A,-0.04637332,-0.041694086,0.045591377,0.078581385,-0.068352625,0.067662165,-0.0071839183,-0.027134934,-0.08835687,-0.012692992,0.09198192,0.0037960813,0.024825498,0.12708765,0.106449984,-0.07645698,0.061392166,0.04732083,0.014629719,-0.12705266,-0.021767812,0.014691089,0.02343332,0.065579884,-0.008403894,-0.027703898,-0.1733237,-0.03774721,-0.05018371,0.013587792,-0.11631661,0.04429874,-0.06408532,-0.14134534,-0.13618146,-0.09333471,-0.06449249,-0.04895549,-0.07271367,-0.013123466,-0.02865946,0.06737379,0.11283658,-0.094069846,-0.0021781754,-0.08450279,0.036569834,0.04361027,0.034365393,0.11293963,-0.060964208,0.09974075,0.056061964,0.038064405,0.0010702675,-0.009487819,0.11162853,-0.0043487404,-0.06833352,0.0064550308,-0.04041239,0.009608825,0.035891633,-0.0050314125,-0.15405363,-0.0272724,0.13862716,0.057176024,-0.061871868,0.013006826,-0.121875726,0.00065205735,-0.06304446,-0.16706793,0.16068073,-0.019147778,0.019382602,-0.001789918,0.03543783,-0.11134186,-0.06707413,0.03664876,0.03033475,0.0020802477,-0.006236463,-0.07564219,0.02273252,0.07628442,0.13535482,0.066867985,-0.031032288,-0.043352455,0.069134034,0.0360315,0.03783898,-0.024924722,-0.04891677,-0.046283163,0.07573864,-0.010888995,0.007341216,0.08001415,0.0991538,-0.061984126,-0.110693134,0.022240948,-0.15357085,-0.11479657,0.02311111,-0.022935752,-0.013398112,-0.13991249,-0.05403405,0.047322974,0.061797816,-0.0255607,-0.02457194,0.0034520372,-0.0344951,0.017906541,0.038364243,-0.07144869,0.11609126,0.08760564,0.09052781,0.0066705775,-0.02466779,0.03327902,-0.030927759,0.1576703,0.13625698,-0.05710083,-0.05186184,0.054310165,-0.15339875,0.041764203,-0.016093167,-0.042995963,0.020452777,0.05971654,-0.046334602,-0.13165478,-0.013296773,0.051106784,0.0395787,0.015678413,-0.07778589,-0.046980865,-0.061174992,-0.08604727,0.041728552,-0.017931666,0.008211967,0.035469282,-0.058077592,0.032893058,0.016062448,-0.079289064,0.0124728475,-0.059993915,-0.11089995,-0.016205737,0.07664891,-0.17072599,-0.08248516,0.029362077,0.11018481,0.0026876545,0.06391006,-0.12522827,0.013882071,-0.08368928,-0.04125192,0.04287344,0.053161465,-0.08856544,-0.016597377,-0.06747621,0.019447338,0.14903352,-0.066263035,-0.08769148,-0.0396299,0.062210247,-0.011774952,-0.067278095,-0.12040994,-0.07288353,0.009016235,-0.023763502,0.08734671,-0.08938275,-0.057026807,-0.0007745705,0.055817313,-0.044842266,0.057102997,0.030910859,-0.022421522,-0.037031427
TCGA-LL-A73Y-01A,-0.09498089,-0.014761453,0.18728827,0.012919576,-0.008279173,0.07056978,0.061119568,-0.01859381,-0.04612738,-0.024058333,-0.0012148215,0.041992012,-0.024491696,0.100647084,0.0029538649,-0.068476856,-0.049195215,0.049663242,0.046219986,-0.091986686,-0.035720676,0.013413227,-0.011308079,0.05524825,-0.026592333,-0.0996686,-0.1356154,-0.03361028,0.097326085,-0.06721536,-0.056805503,0.09054821,-0.008909214,-0.123454556,-0.07506245,-0.07985177,-0.099010475,0.017343204,-0.06531053,-0.0016151919,0.05072039,0.07924954,-0.011926858,-0.1077681,0.04854109,0.06374391,0.02516253,-0.009529595,-0.009601365,0.11704822,0.016650857,0.020339277,-0.009771509,0.08455783,-0.013776773,0.019851064,0.08623104,0.01954138,0.02911116,0.03509544,0.10893162,0.12936684,0.00024528967,0.07463533,-0.08863639,-0.021524895,0.10268917,-0.0890245,0.009214708,0.063224606,-0.14510567,0.088275395,-0.005001478,-0.12855224,0.09444861,-0.093949005,0.044414565,-0.004605934,0.065821946,-0.078792766,0.07005435,-0.0074562174,-0.08823764,0.02719815,-0.05531654,-0.10890216,0.06213981,0.019620625,0.13550237,-0.09750046,0.067382045,-0.08749687,0.104837395,0.133319,0.06752569,-0.07735507,-0.061117407,-0.031989202,0.06200956,-0.14474238,-0.026836779,-0.043841667,0.0061826888,0.003229492,-0.041314937,0.009405023,-0.029849151,-0.044328503,0.042529993,0.050994873,0.035100162,-0.12254467,-0.06289481,0.095563754,0.096667744,-0.04041703,-0.0180818,-0.03289819,-0.12549117,-0.11337525,0.19046603,-0.07688383,0.07686646,0.07438483,0.069303006,0.05360018,-0.03669003,0.00040842567,0.057951607,0.057802524,0.08756329,-0.022313869,0.043936342,-0.061265986,-0.088908255,0.02933671,-0.057675302,0.017233323,-0.016231356,0.036533877,-0.02937777,-0.09790909,-0.014883142,-0.0020564243,-0.011857292,0.023074545,-0.20115346,-0.047254,-0.062259912,-0.08628055,0.03602194,0.045797035,-0.009165605,0.037366107,-0.017800251,0.043849245,-0.00043413375,0.033735897,-0.051269002,-0.06664957,0.05882149,-0.080114886,-0.07429683,-0.14774321,-0.07656302,0.053936474,0.16880414,0.0305965,-0.11787519,-0.10866873,-0.06586259,-0.08726957,0.014583173,0.026822954,0.074843004,0.060297694,-0.038652007,0.035318017,0.09255048,0.18599828,-0.012435187,-0.013852764,0.017894827,-0.003951461,-0.09597904,-0.048517358,-0.08067973,0.0072021135,-0.0315728,0.021023558,0.061826006,-0.055070523,-0.040867098,0.01106819,-0.01253164,-0.052423082,-0.03215473,0.046631686,-0.04808539,-0.01960509
TCGA-S3-AA10-01A,-0.01047531,0.0016748107,0.037717115,0.04578244,0.040144265,0.0815383,-0.007116376,0.067339435,-0.020873636,0.047114827,-0.08099063,-0.030998621,0.0331387,0.08135123,0.056938775,-0.009774307,-0.0022480537,0.013753424,-0.024662066,-0.09255162,-0.173853,-0.013609181,-0.07583506,0.0477,-0.022592152,0.010744342,-0.06273675,-0.085865706,0.0058881803,-0.12302527,0.020631254,0.035797372,-0.06920023,-0.07358155,-0.07606648,-0.20394571,-0.10178248,0.0016143238,-0.059219524,0.018384144,-0.14599144,0.12112318,0.06601259,-0.013152617,-0.04402727,0.009826476,0.011432429,0.09263789,0.097430214,0.100850165,0.029197808,-0.0067663463,0.024449144,-0.031483874,-0.052306887,0.031056447,0.057749193,0.003007585,-0.06747051,0.026348367,0.06103186,0.017465062,-0.04822318,0.18442278,-0.03779985,0.011655275,0.087966725,-0.018136704,-0.038964845,0.03099548,-0.11504071,0.04262315,-0.05826118,-0.13581929,0.17942448,0.009933412,-0.030786157,0.13240908,0.08874455,0.0417,-0.0037924605,-0.048445262,0.011579368,0.075558744,-0.060745046,-0.06428929,0.008746449,0.18964072,0.116649665,-0.024546599,-0.002542349,-0.109873794,0.06698563,0.060194384,0.08135034,-0.006574938,-0.122953236,-0.10422128,0.02092534,-0.09205156,-0.097931504,0.110676505,0.023727207,-0.042067107,-0.027621657,-0.029473422,-0.0017455219,-0.11591218,0.1038107,-0.005338361,0.05909263,-0.10700935,-0.057604834,0.084270604,0.082792446,-0.015231844,-0.010087297,-0.074106306,-0.036316622,0.012958648,0.015509916,-0.058994308,-0.013103248,0.026020726,0.010130631,-0.03841033,-0.042294767,0.09295739,-0.02547226,0.1417411,0.07030285,-0.09247822,0.039868288,-0.07324235,-0.1795603,-0.07061673,-0.005156774,-0.031987105,0.044982135,0.042517085,0.025724333,-0.13497825,-0.03595886,0.06753472,-0.0034344853,0.01931416,-0.112801604,0.04433527,0.09033268,-0.008599876,-0.062329017,0.03946276,0.07125268,0.043074235,-0.013734101,0.016967427,0.012135039,-0.027898587,-0.13383447,-0.08410394,0.033570863,-0.0034149743,0.114965275,-0.14752662,0.00089188735,0.028917553,-0.03464832,0.054791875,0.004872272,-0.04575499,-0.036402192,-0.0370276,0.03546494,0.07630019,0.10726595,-0.018135026,-0.11002045,0.05656586,0.114907004,0.1019482,-0.00842061,0.051650364,-0.03520369,0.0050513214,0.04801237,-0.114261426,-0.084774174,-0.052472357,-0.006196129,-0.062730074,0.11077679,-0.01860817,-0.060931288,0.008853252,-0.020624276,-0.038770296,0.063338034,0.07790619,-0.084563255,0.0389209
TCGA-BH-A0HI-01A,-0.013241972,-0.040142905,0.16923387,0.043767087,-0.005151499,-0.008597277,-0.052029725,-0.004018744,-0.096912086,0.0034811357,0.017322242,-0.016913699,0.0037279164,0.123343416,0.1268443,-0.03743294,0.10462595,0.048014425,-0.04683322,-0.08485431,0.064434685,-0.10268928,-0.0005005287,0.093952484,-0.045659963,-0.052937612,-0.08416397,-0.0668761,0.05711857,-0.03295467,-0.10276032,-0.03907747,-0.08358066,-0.16394918,-0.12950827,-0.10923137,0.0048873927,-0.07275433,-0.09290383,0.005708307,-0.0695971,0.029673202,0.073017895,-0.06099325,-0.0096264575,-0.048603136,0.060468163,0.009297754,0.025475767,0.09688093,0.12613493,0.03264515,0.009991285,0.12466338,-0.015782401,-0.02540646,0.062170543,-0.0027575959,-0.13411734,-0.005744761,0.025959045,0.022642165,-0.06617117,0.033742886,-0.04080362,-0.006941171,0.059684377,-0.023718432,-0.04298733,-0.020316223,-0.21167815,-0.028281394,0.044739593,-0.12432839,0.047541488,0.090740755,0.024819009,-0.017501019,0.10406679,-0.01125564,0.04190807,-0.12377958,-0.08858535,0.07189144,-0.02052054,-0.050781712,-0.0049007256,0.08508866,0.07504973,-0.12757117,0.05036458,-0.029227497,0.06520915,0.02139209,0.06815412,-0.12634617,-0.0032074621,-0.030771084,0.065053634,0.071093746,-0.04346662,0.09834235,0.036987633,-0.12572812,0.020644931,-0.04662009,-0.06224415,-0.13354455,-0.02032899,0.0535135,-0.09550823,-0.15196262,-0.05453714,0.1272771,0.11893039,-0.059002962,-0.008837501,-0.007623957,-0.01872321,-0.085151516,0.097955,-0.06111651,0.14303318,0.09828794,0.052095346,-0.030291645,-0.11745289,0.005293468,-0.002437232,0.0479335,0.08913227,-0.0047735265,-0.045170642,-0.029283078,-0.15975343,0.02623332,-0.043851532,0.052644733,0.034086656,0.017973261,-0.039508443,-0.15909961,-0.087821856,-0.009476066,-0.023312077,-0.021410543,0.042059034,0.05174109,-0.035542674,-0.12986974,-0.02530718,0.083944745,-0.031820044,0.03537433,-0.015892945,0.06787562,-0.006092939,-0.0124308355,-0.065859966,0.0047642905,-0.05500608,0.023097161,0.02684812,-0.05361605,0.04233963,0.045493435,0.07501244,0.060327377,0.018436544,-0.039665442,-0.06296913,-0.101208806,0.039046064,-0.04730519,-0.04752149,-0.09076158,0.03978742,0.059464213,0.050506074,0.17368738,0.02752306,-0.14175518,0.02486087,0.030353298,0.04028171,0.039826658,-0.061908945,-0.056030322,-0.102821976,-0.01733946,0.07981782,0.039252523,-0.033379845,0.07646061,-0.014946973,0.03812057,0.039860755,0.08976745,-0.056082923,-0.014777371
TCGA-LL-A7T0-01A,-0.025937868,-0.050325595,0.09885062,0.0022971558,0.042084757,0.11025565,0.083978176,0.025107464,-0.06372717,-0.091086045,0.067167856,0.022241909,-0.0736734,0.15462156,0.042217765,0.0077445386,-0.013483623,0.10730765,-0.041171208,-0.03362058,-0.058443736,0.04344976,-0.006633915,0.1182608,0.04493074,-0.120743364,-0.06166614,-0.024529062,-0.027960252,-0.063872844,-0.10766697,-0.02026075,-0.05676177,-0.13596767,-0.06189231,-0.11708578,-0.030098718,-0.037042446,-0.030158808,0.068533435,-0.017958047,0.033255395,0.13390248,-0.060009502,-0.029144151,-0.0031882697,0.04369178,0.10524594,0.06513946,0.15292947,-0.006656905,0.04916792,0.062994026,0.017096847,-0.079242125,0.093855605,0.026157357,-0.020858483,-0.051477093,-0.026699299,-0.003336541,0.077062175,-0.122798316,0.040918753,-0.05070448,-0.102049984,0.053230494,-0.12961951,-0.10186291,0.06783263,-0.10084582,0.026330126,-0.080894336,-0.0882665,0.12609713,-0.05969817,-0.030026598,0.11452192,0.1376369,0.020812513,0.032105144,0.011292062,0.005436049,0.04177258,0.003761422,-0.17579603,-0.057472683,0.0770781,0.08519411,-0.094278224,0.06412749,-0.020896785,0.06435898,0.12076354,0.029613512,-0.035858933,-0.050821662,-0.07698915,0.099817395,-0.05989628,0.035449345,-0.011619227,0.050784715,-0.0690444,-0.008880538,0.020622889,-0.083778694,-0.1380481,0.079381116,-0.020775298,-0.12988134,-0.188447,-0.087689124,0.06604104,0.1428069,0.016828261,0.075544044,-0.009544131,-0.0047837617,-0.06191534,0.14789547,-0.05191485,0.11818364,0.038781315,0.0055937795,0.02873682,-0.043712206,0.064583175,0.019241355,0.09358897,0.052522775,0.006707514,0.017981134,-0.034921475,-0.20570815,0.0005416401,0.0056144134,-0.035268325,-0.029573064,-0.04383137,0.032719556,-0.12383891,-0.039602183,0.073211804,0.027963342,-0.02014476,-0.020536808,-0.10215585,0.043558512,0.02399906,-0.047867786,-0.02308179,0.08173569,0.03551056,-0.05836414,-0.012808738,-0.030175323,-0.09195384,-0.030650305,-0.026988922,0.008969561,-0.024652189,0.066223025,-0.1096675,-0.047416754,0.10881195,0.04204573,0.024356414,0.036066033,-0.048928782,0.0135588385,-0.10340487,-0.04101993,0.021658499,0.066612035,-0.041277073,-0.071473226,0.059824564,0.086765766,0.11565206,-0.0551636,-0.04100234,-0.057593886,0.054619905,0.010813052,-0.04654961,-0.10638649,-0.008365495,0.042128336,0.08102097,-0.028515449,-0.024326049,-0.04482316,0.056081753,-0.05662201,0.0072889007,-0.00464011,0.02879307,-0.11489839,0.048930395
TCGA-E2-A1LB-01A,0.063265346,-0.028545529,0.1868276,0.071370445,-0.055142857,0.025017051,0.06381804,-0.041900124,-0.06754895,0.033958018,-0.005206104,0.015202389,-0.039703056,0.14942266,0.13256353,-0.038454052,0.003752364,0.04482652,-0.01693356,-0.10248639,-0.106785685,-0.046255473,-0.120276265,0.09649117,-0.04173652,-0.00435082,-0.12872203,-0.03270927,0.00089585595,-0.06261821,-0.053162,0.014028817,-0.16467988,-0.13984247,-0.07218125,-0.13338856,0.046477225,-0.061466396,-0.020604389,0.015972907,-0.042500965,0.095939614,0.08473334,-0.07273653,0.04002668,-0.03952678,0.021124424,0.0520373,0.1250654,0.07506585,0.10224092,0.056583535,-0.0042678253,0.02495091,-0.07338124,0.030554106,0.12078082,-0.023638383,-0.07786787,0.011240056,0.061209913,0.03120553,-0.04942044,0.05534598,-0.039002437,-0.037719794,0.10067591,0.054577455,-0.10428213,-0.038302384,-0.108791076,-0.01946503,0.05728493,-0.24707259,0.07118533,-0.08647144,-0.051305227,0.05855466,0.03250757,-0.09307003,-0.03469208,-0.08868991,0.009600175,0.008341266,-0.12725702,-0.089575835,-0.070631966,0.06934905,0.06855846,-0.01127315,0.0003348617,-0.13174441,0.04574419,0.057366643,0.030134788,-0.082063295,-0.0246105,-0.038669944,-0.010037023,-0.029961454,0.014071283,0.042809606,-0.08092563,-0.11004401,-0.0853416,0.04239604,0.017135339,-0.07568721,0.016178895,-0.039928745,-0.02089192,-0.13240089,-0.08536367,0.027925316,0.044386785,-0.05025823,-0.048082575,-0.10135299,-0.02530587,-0.010033723,0.12839018,-0.12197134,0.024964634,0.07414536,0.044101514,0.08379273,-0.04888273,0.027933622,0.05374513,0.06305205,0.051938225,-0.031306837,-0.10206166,0.019317137,-0.051936973,-0.09699398,-0.096161865,-0.010296332,-0.018351771,-0.0078099603,-0.041331474,-0.12068533,-0.033704054,0.020814963,0.05602447,-0.053737756,-0.08928738,0.05846843,-0.11130278,-0.09903653,-0.024393696,-0.04459778,-0.014896656,0.13302985,-0.03102447,0.0030532693,0.008042788,-0.06433944,-0.026742803,-0.02608045,-0.012989164,-0.060182314,0.04886789,-0.08883469,0.040358752,0.0070912116,0.08342538,0.12404326,-0.062227003,-0.014118457,-0.040292367,-0.0212267,-0.018796263,0.06741214,0.09854129,-0.015143197,-0.0966984,0.0777364,0.045663472,0.15233019,-0.09676514,-0.02045287,-0.10006145,-0.0204331,0.085038446,-0.056696683,-0.10213761,-0.050494198,-0.039269585,0.032078598,0.12324944,-0.024977595,-0.049016293,0.02612187,-0.040964145,0.019347487,0.0048187696,0.003370278,-0.0031381825,0.010152869
TCGA-A2-A0SW-01A,-0.046895478,-0.014544753,0.088349774,0.025547083,-0.046605352,0.080432214,0.011479909,0.01036749,-0.037237603,0.007875761,-0.06543966,0.00025985195,-0.021243526,0.082249105,0.12138217,-0.029337686,0.075702876,0.08375952,-0.0027600569,-0.065748185,-0.08036117,-0.11991278,-0.119086504,0.039389,-0.0103039285,-0.028113391,-0.14589794,-0.08135623,0.042699628,-0.009734158,-0.022378797,-0.0021947413,-0.09275067,-0.16070682,-0.047607556,-0.1009765,0.002992202,0.0477933,0.039600212,-0.07118566,0.00026565656,0.0386021,0.036374666,-0.04644693,-0.014312378,0.005206653,0.027908491,0.029277436,-0.057510775,0.06082879,-0.028125262,0.018772485,0.04449113,0.07141863,-0.03610217,0.012716224,0.10529268,0.0101714125,-0.0027359878,0.044224177,0.08120734,-0.02573842,-0.065024845,0.071964815,-0.026784321,0.089874946,0.124961786,-0.0625117,-0.10202534,0.0041476507,-0.17276624,0.0040152995,-0.029375738,-0.10466752,0.057470266,0.058561713,-0.114344455,0.12016042,-0.0013824657,0.04604952,0.0017249422,0.02849984,0.045043673,0.07866161,-0.046564076,-0.08185119,-0.020899463,0.11876298,0.15231666,-0.04370899,0.04842229,-0.06721783,0.061254654,0.077505454,-0.0028431565,-0.0136180455,-0.060058728,-0.03572005,0.08459791,-0.09892522,0.026112761,-0.00431299,-0.007210079,-0.118323974,-0.006142057,-0.039381154,-0.1382255,-0.116200894,-0.019682502,-0.01768421,-0.0107411,-0.13426349,-0.06362688,0.17059562,0.040835008,-0.031992406,0.022101687,-0.019959258,-0.09772675,0.02039304,0.04531725,-0.09511366,0.10387265,-0.012016619,0.101986185,0.0074054264,0.035014775,0.18688658,0.028256819,0.17165275,0.07274397,-0.06509722,0.00019591229,-0.025673008,-0.11798402,0.072073564,-0.116644315,-0.053243898,-0.0439223,-0.050345827,-0.07269477,-0.15041554,-0.038840383,0.038014773,0.032819103,-0.030640276,-0.08136343,-0.08235316,0.0016438367,0.032117628,-0.086560026,0.012323684,0.10030831,0.036059435,0.020499738,0.027168304,0.06806224,-0.09389348,-0.053479467,-0.124842286,-0.05284842,-0.0850295,0.015268223,-0.13798009,0.028968437,0.09444626,0.105255604,-0.009677562,0.019215683,0.06701498,-0.09114414,-0.055786934,-0.014790286,0.02297893,0.07297041,0.055772275,0.0037190493,0.056415115,0.07154395,0.102625124,0.014041672,0.019964445,-0.045825105,0.0589043,0.085536286,-0.031461053,-0.121399276,0.029992742,-0.058540966,0.010151636,0.043452114,-0.0718882,-0.050573643,-0.066914104,-0.03135289,-0.020229954,0.17668472,0.07234953,-0.026838858,-0.029466458
TCGA-Z7-A8R5-01A,-0.09740934,-0.03941928,0.12864755,0.049105767,-0.007994095,0.046201017,0.017275285,0.08242775,-0.013591578,0.07317677,0.07539433,-0.07193213,0.032381207,0.05760527,0.13015352,-0.025517859,0.035145536,0.009901375,-0.010905869,-0.097766355,-0.043081366,-0.12012335,-0.046036184,0.0448111,-0.010193598,0.06226028,-0.120379515,-0.035784263,-0.08745769,-0.03729869,-0.026750118,-0.035024676,-0.17026642,-0.06499252,-0.07261875,-0.12363894,-0.08436337,-0.02085754,-0.016644245,-0.045371134,-0.01031753,0.060928088,0.078680456,-0.06997656,0.05224753,0.009164388,-0.06206138,0.004033165,0.051452234,0.04940232,0.063790314,0.017084273,0.10937427,0.045019004,-0.071390435,-0.00055202964,0.08332907,-0.061977547,-0.058634356,0.016803939,0.055736996,-0.10735942,-0.11568182,0.11071793,-0.037224445,-0.11062723,0.1516819,0.03389992,-0.0899922,0.06964944,-0.14913419,0.006540741,0.010599938,-0.14809185,0.130653,0.035706483,-0.04740914,0.06560913,0.12752149,-0.05002559,0.057317942,-0.006736157,-0.009588775,0.07706678,0.045694526,-0.09679669,0.09680647,0.10692521,0.15613969,-0.01469914,0.003671965,-0.098135255,0.14029679,0.062087145,-0.0003813009,-0.09755901,-0.022637254,-0.049282394,0.06419891,-0.07372417,0.02307461,0.017498111,0.058003876,-0.07563505,-0.04038414,0.0039922697,-0.04304878,-0.0015594314,0.09148109,0.034035698,-0.07922339,-0.12772173,-0.09704762,0.043367054,0.1582958,0.010163452,0.012456763,-0.047934074,-0.04757656,0.06349622,0.12958047,-0.12324119,0.0195329,0.026232904,0.006400499,0.017653825,-0.03007556,0.046122864,-0.02697569,0.06637819,0.12482509,-0.10489893,-0.11429572,0.00080932304,-0.09592874,0.093306094,-0.123510316,-0.023325045,0.033661265,-0.071408175,-0.0028116726,-0.118722014,0.0030482328,-0.07301153,0.05059854,0.028752152,-0.10028843,-0.046691064,-0.11528195,0.037934795,-0.031649575,-0.047893148,-0.011590835,-0.036006663,-0.074189536,0.010570921,0.071973346,-0.03971722,-0.051232766,-0.08302661,-0.014936814,-0.07070149,0.026614329,-0.10238144,-0.047937617,0.025209818,0.08421554,0.029965734,-0.050094377,0.016553385,0.04777447,-0.11946538,0.022199735,0.068551816,0.07227639,-0.04712595,-0.04379896,0.08328104,0.04712805,0.06694723,-0.024179466,-0.0430643,-0.070898384,0.107624464,0.066019475,0.007625704,-0.063274555,-0.07407226,-0.049177077,0.02436087,0.14598693,-0.011530842,-0.048316322,0.052733757,0.025332063,-0.044697903,0.004799803,0.01787625,0.052697547,0.0037130304
TCGA-AC-A2BK-01A,0.0055881934,0.05911404,0.04641288,0.0071638487,-0.042492304,-0.04135959,-0.01829657,0.008424943,-0.04939973,0.025927003,0.03051131,-0.04387544,0.0058477283,0.1334388,0.11258472,-0.05436894,0.096881256,0.054387487,0.023474893,-0.065882094,0.012170119,-0.035839543,-0.08771661,0.091441646,0.009498982,-0.068238914,-0.1058222,-0.036606744,-0.011535712,-0.054844193,-0.028439622,-0.021047607,-0.097209536,-0.07908825,-0.16720375,-0.09760216,-0.02593211,-0.012988177,-0.03828121,-0.05405545,-0.045665164,0.12703681,0.022334967,-0.08683732,-0.09454762,0.022664845,0.0012013116,-0.0034798593,0.021365834,0.1456956,0.0141154975,0.008863084,0.038630363,0.09589971,-0.052851714,-0.020944756,0.016479118,-0.06761178,-0.12972324,-4.7225396e-05,0.0066908007,0.01262797,-0.116325594,0.05200292,-0.06855847,0.001534882,0.10897848,-0.053503234,-0.0774102,-0.051254276,-0.074327074,0.026525598,0.025781406,-0.19770461,0.08656495,-0.05882576,0.00850839,-0.0006663658,0.13918601,-0.005046845,-0.14481862,0.02393461,-0.00889142,-0.020711686,-0.06428274,-0.060658194,-0.07145756,0.109095804,0.09793712,-0.009684966,0.03293652,-0.13785571,0.10169228,0.059564423,0.018125877,-0.053667888,-0.09843379,-0.10290519,0.06593357,-0.0058823274,-0.043392543,0.023598976,-0.08152774,-0.110958375,-0.02229083,-0.021774491,-0.10066589,-0.12782128,0.10159335,0.058535278,-0.013127707,-0.11789557,-0.07640578,0.16250712,0.117799625,-0.045529824,0.008422767,0.0063873203,0.0066953725,0.010769041,0.103166364,0.012181363,0.093347915,0.04328541,0.0027158475,0.042557273,-0.029694417,0.09065006,0.03227593,0.16818866,0.014473289,-0.0654233,-0.062056664,0.017372707,-0.15829276,-0.013535161,-0.07032067,-0.015347051,0.08383557,-0.031121772,0.036092926,-0.15420617,-0.059170462,-0.011441517,0.0066545615,0.0048369635,-0.089396276,-0.041362848,-0.060923133,-0.0670589,-0.024112083,-0.05716307,0.014974863,0.017363533,-0.07858361,0.082539044,0.027543154,-0.045334022,-0.076324776,-0.031294737,-0.027998267,-0.12767328,0.14101855,-0.17312418,-0.011662694,0.09572162,0.0601534,0.04233071,-0.0016904135,0.044596143,0.01306865,-0.098370194,-0.06863022,0.039472282,0.051389027,-0.03377764,-0.05077087,0.06261897,-0.0009292503,0.069912955,-0.028267432,-0.05189962,-0.04057986,4.964173e-05,0.026538374,-0.027880669,0.025558822,-0.05489403,-0.009539246,0.051055774,0.09902295,-0.16370013,-0.052431043,0.11202035,0.003375661,-0.12374676,0.015681587,0.0033534213,-0.018575853,0.016199024
TCGA-AC-A4ZE-01A,-0.026731698,-0.012608276,0.04775819,0.036418185,-0.0003946125,-0.054719586,0.007750429,0.01581658,-0.06752977,-0.045870822,0.104757056,-0.014832579,0.024673427,0.13585687,0.12933126,0.08397925,0.048858956,0.06898151,0.080656454,-0.08516179,-0.024450101,-0.119897835,-0.016803809,0.078873016,0.013893281,0.003301541,-0.1643415,-0.0897852,-0.007951152,-0.01278398,0.010768907,-0.023301667,-0.02489096,-0.2119227,-0.079014584,-0.11762351,-0.027625795,-0.0363603,-0.07934909,-0.062452003,0.010589413,0.06986871,0.087305546,-0.049258307,-0.073170505,-0.025573984,-0.020119373,0.039686598,-0.008346341,0.14508073,0.0961764,-0.049935944,0.091659985,0.12418433,-0.12464654,0.03599039,-0.04576276,-0.01847204,-0.09877169,-0.0051578395,0.06777176,0.04937493,-0.06570138,0.07788924,-0.05056032,-0.016166262,0.14507313,0.025451407,-0.043738574,0.016390286,-0.051416267,0.07657164,-0.004356769,-0.1524419,0.10046418,-0.025795944,-0.042238105,0.04080783,0.07600833,0.026142849,0.006414027,-0.03280719,0.045243796,0.020147527,-0.02499987,-0.046316683,0.030138642,0.020871367,0.08865622,-0.042928264,0.04947298,-0.041740213,0.05143598,0.01706022,0.10368681,-0.04121038,-0.06401503,0.022687646,0.107956,-0.18464382,-0.019275667,0.0841823,0.0832482,-0.060925923,-0.011676432,-0.023385916,-0.030403934,-0.10144447,0.050092634,0.00875521,0.03787378,-0.12658031,-0.15918137,0.11741079,0.11749991,-0.090037845,-0.029812867,-0.09123341,-0.14932096,-0.032120626,0.118328504,-0.10675809,-0.0016544538,0.1068293,0.057417385,-0.03695311,-0.10304775,0.04301051,0.023137553,0.12507944,-0.0031197367,0.024200298,-0.109598726,-0.05909064,-0.18704091,-0.042128544,-0.011093183,-0.024710277,0.0014356587,0.0045061274,-0.03425703,-0.08290941,-0.02519142,0.008379775,0.063418254,-0.032810546,-0.10678834,0.021225438,0.0016386162,-0.07520309,-0.004119798,0.03539616,0.13814196,-0.030629419,-0.019089993,0.008811734,0.040647198,-0.05380441,-0.06070523,-0.081500374,-0.07418051,-0.092982024,0.14099741,-0.060358834,-0.0043924027,-0.03168938,-0.012657536,0.043641906,-0.09373168,-0.041394096,-0.08517244,-0.07608574,-0.013715067,0.063435815,0.034050766,0.03126888,-0.0018120949,0.06450457,0.11199688,0.02226237,-0.021972014,0.06318002,0.043757807,-0.018567842,-0.021545384,-0.07706437,-0.055057216,0.007887168,0.051226042,0.04759048,0.13373514,-0.04341962,0.007972132,0.025408443,-0.06404736,0.0002806718,0.047604535,0.06480877,-0.062493578,0.05650785
TCGA-E9-A1RC-01A,0.02021998,0.03381885,0.11577579,0.08766155,0.0054237614,0.06806882,-0.020578308,0.004373129,-0.019052492,0.044348665,-0.010663793,-0.01706114,0.011317607,0.15234059,0.018504394,0.022650877,0.12369021,0.11241009,0.050892998,-0.10816948,-0.09968407,-0.060463086,-0.09156533,0.009826437,-0.009993629,-0.05659207,-0.10431069,0.006232072,0.06749884,-0.15764473,-0.012677339,-0.01940259,-0.032560613,-0.16628845,-0.07785381,-0.16493824,-0.030440733,0.015193976,-0.030229509,-0.10902934,-0.05403815,0.11673802,0.122461826,-0.076742925,-0.013229983,-0.07222658,0.04935631,-0.0008119265,0.015842233,0.1372952,0.09215905,0.09589163,0.069332704,0.10572681,-0.077056564,0.0054172515,-0.03451571,-0.10783503,-0.08824546,0.061288994,0.040017433,0.04919778,-0.058657043,0.09008063,-0.085123,0.031878196,0.19887115,-0.07135124,-0.10466147,0.00823982,-0.12468743,0.13267337,-0.04328714,-0.15322016,0.11079569,0.05077108,-0.054043353,0.05234593,0.13444984,0.053020988,0.035444982,-0.018425984,0.025947247,0.0040894314,-0.054997317,-0.06602679,-0.008239207,0.08315461,0.09543275,-0.037075553,-0.000455753,-0.03493781,0.0008938036,0.047571447,0.049949195,-0.06552518,-0.09742653,-0.03327256,0.07530057,-0.111746825,2.2319751e-05,0.058238585,0.05084024,-0.10693145,-0.067361385,-0.04784695,-0.09362744,-0.07647931,-0.015629258,-0.0044673407,-0.010341219,-0.040680345,-0.0799219,0.05740815,0.12765288,-0.010424668,-0.07626707,-0.13161202,0.016314821,-0.03719378,0.090330355,-0.059764456,0.012222969,0.016506866,-0.08423447,-0.022723094,-0.07204006,0.053521276,0.063354984,0.04425956,0.07220033,-0.080572814,-0.023388488,-0.084784776,-0.15468666,-0.060486216,0.0034697396,-0.09974912,0.07024587,0.041942704,0.021326149,-0.12753914,-0.029735899,0.057963345,0.015970016,0.014748898,-0.062217694,-0.042590316,0.01321332,-0.045186233,0.017661572,-0.03300952,-0.04025608,-0.049129155,0.0364619,0.10201776,0.017510395,-0.09663133,-0.032003846,0.015161628,0.034885067,-0.00463217,0.044767614,-0.16077366,-0.028788812,0.008892898,-0.04313373,0.04292022,-0.011982237,0.0045191785,-0.07825444,-0.05575331,-0.058402784,0.08676354,0.06355286,-0.10644788,-0.060356524,-0.048671532,0.07138358,0.10586429,0.004529352,-0.10076459,-0.042637832,0.0061353603,0.015582424,-0.024217032,-0.08321516,-0.050390337,0.012147108,0.05153208,-0.012698549,-0.036992703,-0.030308403,-0.0001950103,-0.061866686,-0.006021604,0.075227305,0.10704928,-0.006200888,0.0058309715
TCGA-BH-A0BT-01A,-0.013234801,-0.061900254,0.10333074,0.04383524,0.0145143345,0.07380212,0.009041101,0.10683692,-0.068712324,-0.07454673,0.080490835,-0.110642575,-0.058791116,0.12383268,0.065225355,-0.03508724,0.000263126,0.002873567,-0.027788363,-0.02522067,0.046616316,0.017147841,0.0022426615,0.020068,0.033826042,-0.093781605,-0.09090687,-0.04961082,0.08107118,-0.13905224,0.047312666,-0.027292239,-0.0908885,-0.03961427,-0.05121973,-0.10995922,-0.0076271016,0.0134292655,-0.049204767,-0.058384035,0.041675404,0.025858708,0.19768244,-0.067080975,-0.02922145,0.0021367427,-0.020258693,-0.0035112372,-0.009556987,0.07188495,0.06653047,0.042355042,-0.010630801,0.0017118336,-0.06654916,-0.015906934,0.040875923,0.048165765,0.0027610196,0.079264194,0.040977847,-0.05079771,-0.031735156,0.06051276,-0.13237968,-0.02164138,0.10384414,-0.025646698,-0.08266002,-0.06520956,-0.15283239,-0.045079827,-0.075056925,-0.1771652,0.10108782,-0.04144238,-0.063695334,-0.012719769,0.14670822,0.06982853,-0.018605553,0.03680457,0.009692715,0.028588813,-0.02385289,-0.10846095,-0.07469086,0.108015224,0.1067148,-0.14952478,0.110450946,-0.058990642,0.06488838,0.079106,0.061881363,-0.052899294,-0.021348873,-0.004081012,0.07382757,-0.005852842,0.06264173,0.034546662,0.04670334,-0.0806343,-0.11753336,0.0062496257,0.00078636414,-0.029670991,0.03190272,0.026880562,-0.025043217,0.026785724,-0.06046173,0.1217876,0.03217169,-0.017878765,-0.0609202,-0.069310226,0.028346976,-0.019636754,0.20874973,-0.12386809,0.060926825,0.0489516,0.10570813,-0.04813185,0.04599221,0.09774912,-0.0026176535,0.16882938,0.080232054,-0.052791525,6.1783554e-05,-0.03208145,-0.25163016,0.019762758,-0.0088546835,-0.022782553,0.0057016932,0.014846838,-0.00988821,-0.17070024,-0.048528586,-0.062460065,0.014523652,-0.02347351,0.0023316487,-0.00044923002,-0.030971438,0.03575115,0.005944107,-0.06296188,0.08936535,0.008448302,0.045802686,0.033245347,0.011590674,0.019976696,-0.023273189,-0.03110623,-0.075747214,0.040944986,0.00425909,-0.11857356,-0.038672123,0.04242072,0.08282133,0.01945137,-0.14167348,0.019459391,0.03665723,-0.11848734,0.015945049,0.08822639,0.023897089,-0.068437174,-0.090821564,0.08761071,0.00783047,0.06948555,-0.035686288,-0.035850838,-0.056224734,0.015994882,0.061230816,-0.04185156,-0.059758853,-0.06945536,-0.017980399,0.009504216,0.062637866,-0.11703952,-0.04415209,0.12872522,0.0770331,0.029288417,0.020499233,0.09816027,-0.06575302,0.074565284
TCGA-EW-A6S9-01A,0.010561532,0.0021961404,0.17877917,0.053285867,0.0111364145,0.023438234,-0.04805983,-0.064384684,-0.02387216,-0.017789844,0.031234626,-0.005193499,-0.020460067,0.18725538,0.14583018,-0.10104989,0.09566303,0.07102158,-0.02428273,-0.12845013,-0.032258645,-0.04198125,-0.06328632,0.0729982,-0.051511437,0.028473342,-0.120458215,-0.01724396,0.056510955,-0.14640112,-0.061526705,0.031550646,-0.003932005,-0.17483485,-0.14504226,-0.08803627,0.023291461,-0.037349924,0.0753923,0.023141226,0.062610164,0.08184394,0.10405725,0.048291154,-0.003465374,-0.04300367,0.105515115,-0.019369783,0.06619316,0.0028492939,-0.07184043,0.010056987,0.084829114,0.009244047,-0.0033667607,0.02671353,0.077494346,0.010712967,-0.0076067,0.03395171,0.015814371,0.021437977,-0.072875254,0.026198337,-0.04322657,-0.068677895,0.13942857,-0.048370216,-0.15304556,0.027944202,-0.06962895,0.026546003,-0.06818393,-0.13930193,0.07066178,0.03472861,-0.032624755,0.010899385,0.083831534,-0.045003086,-0.012552975,-0.03868036,0.05050441,0.10291909,0.018948996,-0.05011913,-0.029648444,0.07230649,0.054109707,-0.06665519,0.04443209,-0.12029379,0.03311485,0.059127882,0.010686927,-0.028205162,-0.023194034,0.010937259,-0.020268256,-0.060696106,-0.05278131,-0.041014645,-0.00969509,-0.10756968,-0.019758536,0.055507362,-0.112623475,-0.10014725,0.06285444,-0.042670865,-0.11053528,-0.05993964,-0.04547707,0.05091136,0.08111501,0.06560915,-0.012751067,-0.009026318,-0.007964028,0.00259229,0.04800111,-0.08369294,0.07714093,0.032377437,0.043383747,0.027049983,-0.095164016,0.060631044,0.061562795,0.23845515,0.10432798,-0.0212241,-0.004106806,-0.13014835,-0.08676832,-0.02950144,-0.08684147,-0.028284485,-0.028141836,-0.018504247,-0.08530493,-0.17327696,0.015990183,-0.023419054,0.051148925,-0.08471218,-0.08786436,-0.02442382,-0.10348717,-0.09067986,0.053472426,-0.026364664,0.059027594,0.034936167,-0.10375237,0.03413624,0.04372242,-0.09048187,-0.095966555,-0.014426203,-0.0332734,-0.083185665,0.026288327,-0.09998292,-0.019724542,0.06750042,0.10846242,-0.022542568,0.017608104,0.044153262,-0.024738237,-0.057637345,-0.020648213,-0.07031209,0.023168353,-0.076787524,-0.10224092,0.060011037,0.049514238,0.119985126,0.010450836,0.0043315366,-0.017669318,0.07312798,0.048281565,0.03836802,-0.13061401,0.03912204,0.009280044,-0.018749628,0.04906884,-0.06561572,-0.03441185,-0.11427166,0.045549016,0.11734805,0.10614069,0.06538493,-0.06452581,-0.046227753
TCGA-EW-A1IY-01A,-0.07019305,-0.08228408,0.13718387,0.089909874,0.02052233,0.014399987,-0.0027274815,0.051566653,-0.13653632,0.16636251,0.03354123,-0.0031709706,0.06290551,0.15849146,0.12897791,-0.004849688,-0.030014426,0.045634743,0.027598452,-0.103262566,-0.012233502,-0.006252962,-0.0037197282,0.1311674,-0.062343113,0.053616706,-0.06264968,-0.036312543,-0.07409771,-0.04385319,-0.092221715,0.076399595,-0.07482223,-0.09700649,-0.16757564,-0.12183907,0.04203513,-0.023291439,-0.0764654,-0.085307024,0.09141056,0.044921786,0.08267512,-0.069470026,0.112412944,0.054174937,0.023517685,0.04326306,0.124732375,0.06449629,0.022664666,0.04407982,-0.031603195,0.049964588,0.09257083,-0.029357996,0.071100965,0.026518881,-0.02430454,0.007939496,-0.00058322935,-0.11368866,0.0017898616,0.102716774,-0.06687172,-0.033025607,0.10504428,0.09665865,-0.06907199,-0.05273167,-0.15494788,-0.026088018,0.034464706,-0.20386483,0.15356489,-0.10049704,-0.0296998,-0.0077515766,0.088714115,-0.026800228,-0.0050555845,-0.046191074,-0.020553702,0.03386463,0.0063700983,-0.005329802,0.012260493,0.017047526,0.08513934,-0.0821085,0.031080421,-0.074355096,-0.005037636,0.010333121,0.053419992,0.1266779,-0.027090581,-0.013945585,0.03514249,0.012164637,0.03926387,0.10801223,0.012671019,-0.12819919,-0.030930057,-0.015122845,-0.026441598,-0.062477347,0.023113333,-0.040624037,0.03825658,-0.065966085,-0.08982141,0.029662905,0.15873957,-0.060578458,0.00059862033,-0.011537807,-0.06440139,-0.06876847,0.16118339,-0.08274411,0.0987429,0.06304291,0.103047244,0.04972481,-0.051368497,0.055332392,-0.012111956,0.063555926,0.1871004,-0.055984866,-0.0133096045,-0.048503134,-0.16318946,0.029582553,-0.022242082,-0.051541675,-0.059974425,0.08135228,-0.065128915,-0.053097874,0.005499091,0.056172844,0.080831654,0.026354752,-0.13780962,0.015083622,-0.0344676,-0.036621172,0.026135903,-0.0017023663,-0.004431635,0.026440708,-0.071109295,-0.046207458,0.0025797305,-0.05089795,-0.03073876,-0.0089734085,-0.055217035,-0.06752468,0.041261587,-0.08955855,-0.08698479,0.078546196,0.09630614,0.09312412,0.0067285947,-0.048615865,-0.03788106,-0.09583839,-0.0050216713,-0.022764802,0.06986913,-0.0410766,0.021581307,0.084730044,0.004303492,0.13044548,-0.03503174,-0.016434234,-0.018598886,0.019024694,0.04994631,-0.038699027,-0.13290887,0.0092021795,-0.023472158,-0.015238893,0.04621719,-0.06921265,-0.027885992,-0.051157806,0.04493073,-0.00949267,0.02011802,0.0038371342,0.014886608,-0.07853624
TCGA-E2-A1IN-01A,0.0035837777,-0.015849931,0.04237239,0.10789325,-0.011367894,0.06386792,0.05613205,0.11031799,-0.09925924,-0.026392031,-0.091465004,-0.062377453,-0.076228335,0.08849536,0.100170135,-0.097309574,-0.0669537,0.07569883,-0.032423858,-0.059240945,-0.08068337,-0.033412654,-0.0948166,0.074223295,-0.0019385655,-0.15256062,-0.12121108,-0.058724236,0.14611706,-0.0725444,-0.033344135,0.06030115,-0.06409357,-0.11122161,-0.028602993,-0.14874895,0.051604122,0.067755654,-0.08010028,-0.0769803,0.03866174,0.03634188,0.105009854,-0.059014738,-0.017821588,-0.06541646,0.016408922,0.09313445,0.033102505,0.113126665,0.051229633,0.032609824,-0.015209025,0.08897447,-0.042614434,0.039506007,0.070700124,-0.06052046,-0.077504985,0.012826472,0.10631994,0.057661735,-0.019246427,-0.045292113,-0.043216374,-0.07788157,0.13498668,0.04290961,-0.08382479,0.07398954,-0.22332944,0.09519754,0.0049946904,-0.110894054,0.04451297,0.055465035,0.010683447,-0.026915884,0.085596785,-0.03263384,-0.0032360926,0.016149338,-0.0025790785,0.020349903,-0.046499938,-0.14425972,0.07461064,0.10677099,0.15625335,0.02159784,0.042854693,-0.09215985,0.117495604,0.106464766,0.08686119,-0.0688393,-0.08525104,0.004268011,0.08373577,0.0006237161,-0.030481026,0.06676773,0.07356687,0.029673608,0.029908145,-2.959347e-05,-0.028453581,-0.080835015,0.07047727,0.034502737,-0.09543843,-0.020993607,-0.114102416,-0.011701171,0.1146543,-0.037109703,0.13162325,-0.031020401,-0.029124482,-0.0707078,0.09932813,-0.107538864,0.0594261,0.010808078,0.0348285,0.07848532,-0.124659024,0.0265336,0.068899535,0.07518177,0.1304094,-0.06382043,-0.0031599943,-0.04807478,-0.13261245,0.02047061,0.011043942,-0.021963108,-0.032181535,0.06066302,-0.029487608,-0.110262364,-0.058759127,-0.014274298,0.064173564,0.056025483,-0.031918406,-0.03683296,-0.111894675,0.026972275,-0.04852908,0.0014463185,0.14831412,0.07576349,0.0043448047,0.10709435,0.09232038,0.00305703,-0.080778845,-0.03540775,0.012009703,0.0211275,-0.02130672,-0.096463025,-0.0029564758,0.024895428,0.032338336,-0.0069108955,-0.083836734,-0.034624856,-0.04034902,-0.07439422,0.040440515,0.09181764,-0.01895325,-0.04724749,-0.03681864,0.0023997903,0.12815093,0.09531545,-0.03709355,-0.00957625,-0.11307372,0.01421756,0.034969006,-0.024549734,-0.037973393,0.008764073,-0.039423477,0.016094418,0.009766257,-0.074471846,-0.024734266,0.041235976,-0.062041882,0.050964054,-0.01905304,0.036280334,0.009518064,-0.05627091
TCGA-C8-A8HQ-01A,-0.019863015,0.04195852,0.070565686,0.026814763,-0.04450938,0.0034814419,-0.0010029239,0.062225673,-0.0078012077,-0.06348767,0.0025879377,-0.04664355,-0.10014511,0.15402496,0.07753091,-0.042134173,-0.049738698,-0.032651152,0.037209928,-0.100748,-0.042148147,-0.06669844,0.0076154484,0.14571343,-0.023949087,0.032867804,-0.13247578,-0.03441981,-0.051055104,0.008347605,-0.057359904,-0.06000833,-0.109048165,-0.10613859,-0.117641,-0.1222427,-0.072367184,-0.020314673,-0.036533292,0.010342862,0.014379719,0.10666381,0.029391995,0.0046073473,-0.052092254,-0.028448256,0.040349152,0.04213187,0.16129437,0.09499296,0.004309478,0.023629833,0.075867616,0.010203188,0.025064891,-0.0032521586,0.038353015,-0.036233023,-0.075669914,0.124143854,0.030101337,-0.08596375,-0.019064007,0.022488082,0.035008844,-0.091489084,0.13669728,-0.065656856,-0.09393124,-0.045201737,-0.19956255,-0.021669768,-0.041519202,-0.21207023,0.06456846,0.025627425,-0.024808353,0.084685944,0.08284503,-0.026151154,-0.0055392827,-0.00877898,-0.01866241,0.04597516,-0.007856413,-0.083835214,-0.069474354,0.07822252,0.056392822,-0.048098598,0.044225063,-0.114226945,0.111830704,0.0102516245,0.04476753,-0.04088709,-0.021887269,-0.050672263,-0.024057355,-0.03892541,0.033217736,-0.0025830376,-0.016274422,-0.03814127,0.043062884,0.041608192,-0.13029373,-0.093376964,0.09932073,-0.032959055,-0.036843505,-0.15757988,-0.07759419,0.09937233,0.0056619598,0.026435718,-0.0049800416,-0.024159253,0.019056212,-0.016066147,0.0793338,-0.07360898,0.08998439,0.09092952,0.032473177,0.06327912,-0.061373238,0.10615324,0.048721436,0.17532124,0.11495,-0.019172164,0.017023416,-0.046539888,-0.14477386,-0.0644808,-0.0501907,0.011183775,-0.043985307,-0.018597152,0.045590438,-0.17907418,0.010767897,0.024968084,0.036442365,-0.046923276,-0.06580579,-0.024720678,-0.024911748,-0.097346805,0.013307829,-0.041335262,0.0014901564,0.10766073,-0.05819077,-0.011602674,-0.026361834,-0.10350618,0.00057327776,-0.09853624,-0.07413698,0.009164193,0.035087645,-0.14626558,-0.04699,0.051362514,0.017395642,0.06855575,-0.009960572,-0.04444971,-0.051882282,-0.1319116,0.027118843,0.14146489,0.011354623,-0.058825616,-0.103296064,0.14315988,-0.053522527,0.1279044,-0.010808068,0.05227588,0.052843455,0.029348496,0.05888052,0.019503675,-0.13732035,-0.018828401,-0.012984218,-0.035698824,0.08149427,0.045305643,-0.08353355,-0.02638608,0.019259557,-0.008185703,0.061346967,-0.034058124,-0.07307011,-0.00949527
TCGA-BH-A0C3-01A,-0.004355012,-0.04887732,0.14660092,0.020204904,-0.018666344,0.07334981,-0.0463778,-0.038837172,0.01041614,-0.007674404,-0.030630436,-0.03366004,-0.010755449,0.1904913,0.07826152,0.013334015,0.05686189,0.0032494853,-0.022930589,-0.14190508,0.00558795,-0.049240895,-0.027529286,0.053185992,0.012015025,-0.021680418,-0.06712199,0.008991884,0.0056319693,-0.075493425,-0.10728767,0.06511416,-0.07844982,-0.07460419,-0.14175618,-0.22585095,-0.007813662,-0.04030105,-0.106349505,-0.06082509,0.021243604,0.047081377,0.13741158,0.040068224,-0.041747,0.027051466,0.0411383,0.024475057,-0.03306927,0.025480768,0.009607581,0.105651245,0.04407969,0.17101432,-0.107738145,0.07962178,0.02765891,0.04739208,0.0015798815,0.0513685,0.012811593,0.02692882,-0.11959852,0.08090943,-0.06371729,-0.07032068,0.13112915,-0.06421951,-0.0153639605,0.017107569,-0.10169336,0.046259034,0.04068775,-0.09361891,-0.021671591,-0.10393492,-0.016359435,-0.008146198,0.11964155,-0.019929172,0.063995145,-0.02117659,-0.15042132,0.01667038,0.030389711,-0.102012776,-0.034542385,0.046994314,0.13325773,-0.10390559,-0.023620412,-0.045047466,0.022602271,0.0992792,0.029483337,-0.079525955,-0.028894616,-0.029787881,0.071928844,-0.01654993,0.025144963,0.079907104,0.039398532,-0.015000299,-0.056538045,0.037737966,-0.06593871,-0.041325103,-0.0050500734,-0.042230587,-0.04490724,-0.08156375,-0.11992306,0.1082925,0.09162958,0.054203816,-0.050837085,0.023764074,0.06743536,-0.056448985,0.12774228,-0.112703085,0.112107486,0.06924323,0.052250795,0.029439598,-0.0530024,0.040930923,0.012405673,0.18100585,0.13966534,-0.022225644,0.011209587,-0.03807753,-0.16286291,-0.026873965,-0.024009202,0.053265326,-0.033656918,-0.047375068,-0.016121864,-0.16644159,0.039604597,0.04745377,0.056289908,-0.034032937,-0.13314797,-0.035947584,-0.06390848,0.014490261,-0.018255081,0.009964498,-0.09470078,0.06288822,-0.045648154,0.024307827,0.012092366,-0.11294696,-0.0018427505,-0.030115193,0.06755582,-0.017589867,-0.025214896,-0.08094285,-0.023051616,0.025296073,0.066902466,0.05532059,0.011264129,-0.07636582,-0.018073155,-0.16906211,0.032992706,-0.03538402,-0.011329395,-0.089244105,-0.040596448,0.06854942,-0.016151188,0.12924838,0.016782787,-0.05741535,0.023785997,0.031474262,-0.0061030323,0.017831026,-0.061058838,0.0634168,-0.050649893,0.04700179,0.04802686,-0.10767713,-0.098131195,0.016609142,0.01527624,0.10094542,0.09910148,0.07932033,-0.02277945,-0.029052267
TCGA-E9-A1R5-01A,-0.095418125,-0.031829894,0.16345994,0.06106375,0.012850357,-0.00375962,0.03542538,-0.01728874,-0.0032746021,0.017846132,0.024427447,0.031030191,0.0033921879,0.1552743,0.10812117,-0.060190227,0.09209033,0.083158724,-0.0076434026,-0.057266336,-0.06656656,0.026400786,0.008301384,0.009244014,0.11163312,0.013513613,-0.16846068,-0.017721435,-0.006333901,-0.040852908,-0.05200899,0.02528643,-0.09257427,-0.10204925,-0.134483,-0.063282214,0.030140467,0.03627467,0.008824123,-0.015490303,-0.018090338,0.11058407,0.09641561,-0.0775196,0.077643566,-0.0127478875,0.10564612,-0.003341234,-0.05145053,0.11523649,0.07152085,0.02673972,0.039066616,0.078930356,-0.07094305,-0.051539868,0.047001068,0.008770231,-0.0384782,-0.0030038792,0.004599183,-0.014711919,-0.06842399,0.14414172,-0.04212467,-0.07881167,0.12560421,0.07134046,-0.14169803,0.01528885,-0.045972005,-0.054193925,-0.024001209,-0.17975962,0.15400107,0.007164443,-0.0130196465,0.07627171,0.03651713,-0.024281548,-0.045865223,-0.012608445,-0.059928965,0.0090747485,-0.033767678,0.028937358,-0.05435499,0.12336711,0.07938455,-0.042955514,-0.0035772163,-0.06976821,0.019414406,0.034226973,0.11027507,-0.10980186,-0.07835053,-0.059645128,0.013866898,0.012467949,0.0076785204,-4.421176e-05,0.07159876,-0.073513195,-0.025494298,-0.05523613,-0.0970506,-0.09003475,-0.0041558524,0.002023446,-0.08377271,-0.06706612,-0.08985899,0.05610626,0.033063002,0.009728661,0.014531806,-0.025808198,0.059166484,-0.03292023,0.17435127,-0.087378554,0.09808819,-0.015764384,0.0050406945,0.017700948,-0.015051396,-0.026097666,0.0068906806,0.06008273,-0.00022835698,-0.020972436,-0.068744354,-0.0235946,-0.19768183,-0.0043356777,0.00791555,0.007997401,0.0017025379,-0.023226881,-0.028229756,-0.18652423,-0.08739233,0.08529484,-0.01799132,-0.11699514,-0.021721063,0.055420112,-0.009223841,-0.022079526,-0.06540616,0.020375818,-0.023820203,0.047790315,-0.045425575,0.065637894,-0.04426236,-0.11828946,-0.12701553,-0.025524577,-0.020110926,-0.025363619,0.11072073,-0.13982657,-0.10469943,-0.012692125,0.10892008,0.054170687,0.005105242,-0.0009297118,0.03714416,-0.06342895,-0.024797171,0.02510691,0.05455071,-0.112226345,0.01128352,0.029320845,0.13974461,0.08100124,0.01208222,-0.053301856,0.046268746,0.105738945,0.041245792,0.08257966,-0.13730422,-0.04266486,-0.014676522,0.04904052,0.069433875,-0.03183086,-0.025859362,0.066049255,-0.03661017,-0.038760815,0.14666551,0.097530514,-0.13273625,0.058085755
TCGA-EW-A1P8-01A,-0.039830096,-0.032943673,0.11781214,0.10582538,-0.0149490675,0.13980797,-0.016815364,0.0006220783,-0.033593196,0.0067626177,-0.03143075,0.09016318,0.0033723447,0.12198794,0.11403293,-0.050951988,0.040984936,0.06935458,0.032288276,-0.15997885,-0.022940975,-0.08768708,-0.012114143,0.0630875,-0.010296075,-0.02727152,-0.18301393,-0.067504406,-0.087919116,-0.15246576,-0.025002686,0.04585648,-0.08191766,-0.14201446,-0.07130788,-0.1059593,-0.039312195,0.0071270964,-0.03679481,-0.0028847419,-0.00826296,0.10154039,0.10773684,-0.025118645,-0.04168602,-0.02115112,0.08523354,-0.018409938,-0.04735355,0.07540039,-0.036960095,0.05277231,0.042340234,0.010119049,0.029233813,0.03302938,0.085977316,0.0015971243,-0.10952688,0.016753275,0.013505561,-0.08574491,-0.030263048,0.08827014,-0.041604653,0.040740956,0.057882983,-0.060629576,-0.06567346,0.046976287,-0.09570587,-0.008932752,-0.05336798,-0.15457685,0.15404537,0.0024331186,0.012813032,0.04372207,-0.0013586308,-0.077086106,-0.02822784,-0.034905247,0.01913628,0.101293735,0.036455963,-0.007605867,0.06278105,0.1636752,0.06278826,-0.07474341,0.054188095,-0.11736318,0.10273541,0.0070371977,-0.006273964,-0.08916414,0.03283287,-0.0045092297,0.019599782,0.06532149,-0.030510368,0.016070168,0.0066605853,-0.10624359,-0.10822686,-0.013231393,-0.0014531582,-0.15329981,0.015465294,-0.030784143,-0.076039106,-0.07379964,-0.058218736,0.07706823,0.14715748,-0.022946212,-0.019125845,-0.034961045,-0.12390151,-0.077072784,0.12599611,0.004881997,0.024496594,0.06845549,0.05896119,-0.022567062,-0.0466924,0.11256913,0.017022312,0.03760882,0.14830394,-0.092058994,0.07077833,-0.044256587,-0.04967047,-0.007194148,-0.055177823,0.004247115,-0.017230395,0.0866542,-0.036870893,-0.16891536,0.036690466,0.030311609,0.028010106,-0.036713783,-0.101709336,-0.028976094,-0.016057665,-0.08434516,-0.0011392025,0.007872068,0.0075275856,0.036126442,-0.09053711,0.01709115,0.08494664,-0.011687566,-0.09785929,0.059668537,0.04240587,-0.068561524,-0.0033095474,-0.116307616,-0.10834694,0.0068063713,0.07413741,0.04079274,0.062765695,-0.045393344,-0.051962394,-0.08456623,0.06265639,-0.056199744,0.05368005,-0.09083946,-0.03152303,0.06773767,0.015270313,0.19006313,-0.051367987,-0.063987136,-0.06364543,0.10687724,0.040266566,0.042202692,-0.09139663,-0.015146988,-0.047306005,0.059507634,0.040194917,-0.05173085,-0.095236264,0.017857278,0.068892725,0.048013967,0.07855068,0.07572436,0.053842746,-0.043823082
TCGA-E2-A15K-01A,0.018271223,-0.0029717912,0.060059592,0.078495555,-0.057782374,0.12745751,0.066281065,-0.046845764,-0.1262073,0.031027924,-0.010334262,0.0052560256,0.011105736,0.16926825,0.21334986,-0.06751298,0.012501377,0.11226881,-0.020354593,-0.00929858,-0.13496067,-0.021628743,-0.021222549,0.07927199,-0.0039842254,-0.07560577,-0.08622277,-0.0011634117,0.015655322,-0.054314736,-0.13622247,0.09438059,-0.015779793,-0.102286935,-0.029043375,-0.042432014,-0.020635556,-0.057768058,-0.02728513,0.04237801,-0.021987116,0.07266397,0.10073968,-0.06436122,-0.015839731,-0.017942384,0.10713769,-0.02722396,0.014086343,0.12526482,-0.028895043,0.056666326,0.000563333,0.04076059,0.048881683,-0.07233505,0.09447454,0.050294075,-0.0643254,0.012339598,-0.058453765,-0.0039442177,-0.023222422,0.031139966,-0.0743352,-0.016665727,0.11388249,0.014321048,-0.0431809,-0.0015413556,-0.11495199,0.11429999,-0.074240245,-0.1272115,0.032799195,0.01853647,-0.062325545,-0.018042002,0.023722313,-0.016751615,-0.0017572716,-0.07629926,0.03872873,0.05883519,0.0027250617,-0.054444138,0.03271022,0.050993495,0.09564452,0.006539031,0.07791004,-0.13375434,0.037366252,0.0895865,0.09795075,-0.04863618,-0.103126496,-0.021413686,0.039496817,-0.03710786,-0.07147493,0.082028225,0.11499483,-0.10257128,-0.103108965,-0.049011525,-0.11458805,-0.15275612,0.013926572,-0.019014562,-0.013847799,-0.041232206,-0.059571955,0.14617547,0.052723296,0.011123605,0.0127658425,-0.027058577,0.00952751,-0.06221965,0.09414485,-0.07495214,0.015269942,0.016362501,0.06847136,0.062252622,-0.08498346,0.13041398,-0.0035245698,0.13476554,0.115106136,0.036909647,-0.01025388,-0.09604978,-0.17082153,0.036375374,-0.08136118,-0.012791959,-0.0019126564,-0.039555486,-0.08476055,-0.015093199,-0.040933482,0.06201796,0.004037146,-0.051573336,-0.16345955,-0.06025519,-0.06518738,-0.07171654,0.04117381,0.057426747,0.017820543,0.011553722,0.047485597,-0.031577423,0.03539352,-0.051998306,-0.08471343,-0.07903077,-0.06640989,-0.022680687,0.054790914,-0.200229,-0.019062184,0.022568714,0.1493427,-0.023767231,-0.022355959,-0.005087506,-0.014362421,-0.06777365,0.01890112,0.01828508,-0.018602135,-0.0664425,-0.053216543,0.022479298,0.1231086,0.21867955,0.050169602,-0.030934064,-0.04800281,0.041313894,-0.037942484,-0.043720946,-0.071988575,0.0150623415,-0.0031068109,-0.0045484593,0.023265522,-0.010482063,-0.07044574,-0.047819596,-0.033706587,-0.04115577,0.058884673,0.087726146,0.047072873,-0.04502462
TCGA-GM-A2DI-01A,-0.013279861,-0.12904784,0.06027321,0.03357243,-0.091242254,0.08224778,-0.020371765,-0.024269722,-0.002753988,-0.04659534,-0.05683073,-0.036861915,-0.03186061,0.13407813,0.10288156,-0.039615847,0.032594338,0.07634181,-0.07434996,-0.09093268,-0.037547313,-0.069461375,-0.0539805,0.10177163,0.03625575,-0.04130331,-0.0583919,-0.006106232,-0.024030609,-0.063669235,-0.06332483,-0.03872577,-0.026797382,-0.015466823,-0.15607628,-0.09968088,-0.10827901,-0.065121055,-0.00966728,-0.017344536,-0.05280513,0.08031797,0.066718005,-0.15157475,0.042781636,-0.058728233,0.047018852,0.077967755,0.057236936,0.020530775,0.05335294,0.056900296,-0.0016637288,0.011380717,0.029184183,0.027963977,0.03872483,-0.0074031753,-0.075062715,0.10058341,0.07174953,0.020857725,-0.042938087,0.11002095,-0.061860923,-0.05208202,0.05783295,0.01003879,-0.026215509,0.026821066,-0.10770167,-0.013419676,-0.0020017822,-0.16797738,0.0019490113,-0.05102325,-0.053157512,0.06987477,0.057854198,-0.055959255,0.00935447,-0.011437203,-0.07697602,0.12475964,-0.068709746,-0.09666212,0.022269003,0.078686304,0.07714277,-0.0064682285,0.04639855,-0.14304507,0.14509358,-0.04573947,0.018618323,-0.09162475,-0.0004043709,-0.09100929,-0.01454946,-0.10801402,-0.012298011,0.020598225,0.018687958,-0.04853488,-0.032946944,0.020976217,-0.033182252,-0.09316616,-0.039637696,-0.030070432,-0.13018993,-0.12680985,-0.04809993,0.13020729,0.042957332,-0.0009771421,0.03960369,-0.059528477,-0.08626063,-0.12600425,0.03491564,-0.10187862,0.012478453,0.0463831,0.12061509,0.06046926,0.0017615445,0.0072712246,0.04765233,0.11984991,0.058852967,-0.121129885,-0.03909813,-0.02144074,-0.06326999,-0.075958155,-0.041284777,0.019712623,0.01669482,0.107074395,-0.043903135,-0.07484702,-0.009449405,0.046058036,0.036453266,-0.07486128,-0.13506667,0.00043655199,-0.03335122,-0.02510801,-0.002434175,0.041790184,0.0148081565,0.026149847,-0.06959829,-0.014574753,0.1199858,-0.041552342,-0.06755909,-0.09651106,-0.008253704,-0.019074349,0.12547785,-0.124368265,-0.13260248,0.051410623,0.062388968,0.04912703,-0.047218956,-0.007832689,0.06397874,-0.10791404,0.011176091,0.08349856,0.008458704,-0.00734301,-0.03161809,0.030623516,0.0170548,0.099563025,-0.04417908,0.0040903226,-0.05520122,-0.012317226,0.07212989,-0.14692812,-0.21501857,0.03333393,-0.09187557,0.019908873,0.17574942,0.011859007,-0.011853021,0.156348,0.027658558,0.062288553,0.09105803,0.033055596,-0.021841664,0.07546816
TCGA-EW-A6SC-01A,-0.03725192,-0.053680837,0.07182666,-0.026468392,-0.05017397,0.047709197,0.09176711,-0.044503916,-0.0756774,0.02203927,-0.021426463,-0.014456449,-0.053809676,0.060149994,0.11400265,-0.07374752,-0.013130112,-0.024866998,-0.026582606,-0.112318575,-0.04786566,0.0123850405,-0.07654672,0.12049652,-0.082913764,0.016887471,-0.15375488,-0.10753212,-0.008988988,-0.06424308,-0.15328829,-0.06949011,-0.03672721,-0.15111525,-0.060341515,-0.13819224,0.010652417,-0.0058190622,-0.10736085,0.008461869,-0.068466276,0.015811965,0.11619898,-0.009185424,-0.11012005,0.03960425,0.042871308,0.0023021975,0.03946188,0.089840375,0.08920239,0.061082713,0.04446064,0.07593958,-0.00605737,-0.074151926,0.11808648,0.09468366,-0.039501365,0.038934197,0.084390014,-0.03222187,-0.16050565,-0.0051577883,-0.020761486,-0.09958692,0.14756586,0.012363009,-0.08559975,0.014030793,-0.11772296,0.053589284,-0.03497572,-0.20812124,0.01629705,-0.036181323,0.02023591,-0.0074371393,0.09337423,-0.0031750982,0.02501931,-0.0010212952,0.06985455,0.03922181,0.031861413,-0.041623592,-0.10225472,0.059168603,0.14766198,0.01605512,0.035924304,-0.049945544,0.016928371,0.06890122,0.023455612,-0.033578303,-0.07579039,-0.0015924398,0.000600645,-0.18185298,-0.07063082,0.058009528,0.02481204,-0.1672959,-0.091136985,-0.059199274,0.0644481,-0.10347919,-0.011685487,-0.057666037,-0.058873344,-0.095044576,-0.04370067,0.07926137,0.09526712,-0.05330443,-0.011148828,-0.07083354,-0.063354395,0.015805183,0.09339837,-0.15895362,0.017230967,0.081248365,-0.0395659,0.054206315,-0.037560657,0.03661804,-0.078341745,0.11023036,0.02873533,0.0046692207,-0.030624485,-0.012389415,-0.11488197,0.0044094133,-0.09408723,0.008587514,-0.0109904,0.044743996,-0.06265661,-0.1598835,0.056507517,0.072697714,0.05841006,-0.0521638,-0.024030412,0.003836695,-0.0006981568,-0.053900678,0.024916906,-0.011783392,-0.06728868,0.038415004,0.032036394,0.05613395,-0.066473536,-0.031315528,-0.04083822,-0.033158056,-0.046668217,0.001057744,-0.023625167,-0.13215223,0.07521197,0.003421047,0.08435392,-0.06551828,0.039184716,-0.009157957,-0.057929907,-0.0995074,0.039634436,0.027252577,0.0012433439,0.056781877,-0.041535866,0.078993335,0.08174477,0.124070145,0.10215365,-0.015389466,0.013686302,0.050406642,0.05396141,-0.075327076,-0.07240242,0.08561074,-0.037482705,0.03105904,0.10183337,0.043444805,-0.107205294,-0.11515608,-0.016337056,0.009247581,0.04431552,0.0477462,-0.041005097,-0.0197602
TCGA-E2-A1BC-01A,-0.10500249,-0.066581085,0.14640953,-0.0654291,-0.035587184,-0.016015869,0.003237847,-0.029781396,-0.079340376,0.021369042,-0.09140854,-0.0073117656,-0.07474829,0.19435166,0.05521861,-0.04304439,-0.017146366,0.046261925,-0.015974123,-0.080946565,-0.013742497,-0.00010406532,-0.06894674,0.17135055,0.032769606,-0.011264349,-0.16617458,-0.10128059,0.039244797,-0.0461215,-0.03249672,0.0057093916,-0.12918587,-0.10964062,-0.09689014,-0.081702,-0.0022196271,0.019378582,-0.103754915,-0.01886647,0.05196617,0.059790824,0.07296842,-0.09053093,-0.03791013,0.02729972,0.025021393,-0.0048048547,0.038307287,0.03710686,0.060909063,-0.02238448,0.03812826,0.1339222,0.013888817,0.0021414694,0.16208045,-0.10525586,-0.053566374,0.00034167184,0.05280964,0.0762446,-0.0432761,0.10060375,-0.0013701672,-0.057315584,0.061192635,-0.023054702,-0.090204135,0.023645503,-0.16040349,0.050339777,0.09037899,-0.16277608,0.11968055,0.029615093,-0.03032804,-0.022270473,0.058211196,-0.042190153,-0.020878967,-0.029205225,-0.07696469,0.0018836422,0.066480964,-0.04501724,-0.0014464532,0.1177073,0.062440008,-0.013221996,-0.010644846,-0.10807121,0.09218925,0.037616823,-0.027775215,-0.02814081,-0.06967446,0.0268033,0.054875243,0.037788693,0.011259065,-0.009934895,0.0054605035,-0.05212493,-0.05686784,-0.00016187438,-0.07023991,0.013726753,-0.055859737,-0.000500403,-0.030189,-0.1090657,-0.108654894,0.088296615,0.1471611,0.0667252,0.005296601,-0.043532316,0.03089899,-0.02883213,0.121578865,-0.093161695,0.018342454,-0.04762552,-0.032271594,-0.048762683,-0.008582859,0.10979281,0.07504347,0.070948675,0.12834032,-0.08707402,-0.023268653,-0.030300578,-0.20623103,0.025083965,-0.054888155,-0.0306205,-0.07481889,-0.09721764,0.011306485,-0.1843078,-0.0733403,0.027959658,-0.0846727,-0.021969318,-0.06790257,0.018334575,0.013876306,-0.005415271,0.08092465,0.010947165,-0.06426011,0.050260782,-0.08269179,0.07499477,0.021636669,-0.105170496,-0.074643515,0.047985557,-0.061713573,-0.043181702,-0.016269868,-0.070103705,-0.06712642,0.0056068944,0.095862105,-0.0015466401,-0.087192796,-0.022815814,0.0096751675,-0.088101916,-0.023636596,-0.017636241,0.05759579,-0.01173318,-0.097500004,0.064201035,-0.005028063,0.140754,-0.052381545,-0.08610463,0.05609567,-0.01582017,0.06259897,-0.0018190278,-0.07584852,-0.06069333,-0.04432775,0.037089393,0.10551629,-0.048538476,-0.061946366,0.12914579,-0.034254037,-0.006151526,0.07875364,-0.027902614,-0.08686882,0.0127252685
TCGA-A7-A26G-01A,-0.05696955,-0.06656667,0.105682656,0.0294049,0.03261409,0.08858907,-0.009269103,-0.032004815,-0.058704704,0.0078319,-0.044416938,0.0682517,-0.010331315,0.18296142,0.05939241,-0.013327291,0.10207731,0.09094962,0.026502846,-0.06057397,-0.04264808,-0.07469623,-0.14636223,0.010492957,-0.04704217,-0.11033071,-0.22038221,-0.050885372,0.01888375,-0.09560541,-0.15264982,0.073323764,-0.055971693,-0.16070257,-0.046502996,-0.064711854,-0.04689424,-0.022240777,-0.06707757,-0.029602917,-0.010275304,0.052538034,0.06656347,-0.119891,0.016347053,-0.006496663,0.045355015,0.021857671,0.07954219,0.09782103,0.109637424,0.05768106,0.08401774,0.0070550754,-0.06773511,0.0031945468,0.0024467523,-0.027637472,-0.05839232,0.08786109,-0.009218517,0.011334365,-0.05353864,0.024625799,-0.05686321,-0.041446436,0.15571408,-0.06106239,-0.08720755,0.057361934,-0.07337512,0.036047142,-0.058049634,-0.048419878,0.088782884,0.06361866,0.018068878,0.019575715,0.07289617,-0.029127356,-0.007935133,-0.045374025,0.021496248,0.10080489,0.04264243,-0.04903119,0.009804347,0.046944104,0.13207756,-0.04136741,0.01695791,-0.16599238,0.054181997,0.0142972935,0.048253417,0.042012222,0.009278313,-0.04234044,0.011543426,0.012055282,-0.016120512,0.12422886,-0.005191156,-0.053298526,-0.05311634,-0.03359696,-0.075257026,-0.08321224,0.006158137,-0.046851184,-0.06312113,-0.10253772,-0.14517035,0.1157674,0.06353124,-0.016019134,0.015741114,0.01699777,-0.026353098,-0.040947616,0.060856983,-0.07584078,0.1026144,0.0381009,0.09354832,-0.008074053,-0.10642755,0.007732488,-0.024308717,0.12403637,0.08317253,-0.016143596,0.015439703,0.025140628,-0.12808165,0.0017843131,-0.041729726,0.098414145,-0.00843039,-0.07723742,0.015231771,-0.14674641,-0.0040636663,0.009511443,-0.027943619,-0.041963145,-0.07840623,-0.04720886,0.026254054,-0.08114626,0.013057404,-0.074042134,0.06081322,-0.029648766,-0.05219707,0.054621898,0.049884092,-0.11489597,-0.07260097,0.0022939197,0.01654155,0.0102971615,0.0720499,-0.20451862,-0.042012915,-0.03407559,0.07677557,0.029748999,-0.017959956,-0.034858685,-0.041179404,-0.090396814,0.059240516,-0.024238702,0.04521874,-0.045777187,-0.060348857,0.11595592,-0.03181473,0.12035574,0.14796533,-0.02130482,0.030115109,0.11250445,0.028402854,0.016283808,-0.0018748769,-0.018968571,0.094844475,-0.038814235,0.11885751,-0.06958323,-0.095018096,0.020789225,0.03400781,0.070371,0.07716435,0.13355549,0.04602416,-0.04882652
TCGA-AO-A1KS-01A,0.013056883,0.016505571,0.13464366,0.003107156,0.06523394,0.039763615,0.05759723,0.042857688,-0.06495382,-0.028987793,-0.01991589,0.06552176,-0.04137049,0.105127044,0.07093409,-0.10131837,0.018506154,0.012911875,-0.020316714,-0.10341579,0.049050294,-0.022434399,-0.16151328,0.07549459,-0.05935125,0.008056282,-0.13848086,-0.11897859,0.042454828,-0.05855717,-0.043952692,-0.06096024,-0.06729839,-0.16310996,-0.15245079,-0.18336467,0.0045234803,0.026141698,-0.09030741,-0.07807011,0.0448398,0.038502388,0.053674873,-0.12930398,0.03271228,-0.014780789,0.02299186,-0.013176661,0.11328249,0.025425142,0.08403207,0.04476139,0.02315144,0.029056225,-0.041703068,-0.10656448,0.028742574,-0.017694639,-0.100431904,0.10760533,-0.003827627,0.046855796,-0.07714204,-0.008763733,-0.116323784,0.03840248,0.113503434,-0.006021861,-0.050464887,-0.05980282,-0.037528317,0.10548493,-0.0017986861,-0.13928905,0.07048739,0.07379795,-0.015402959,-0.0032721052,0.13626534,0.028678438,-0.06673071,0.02930924,-0.0414866,0.07843812,-0.023677338,-0.020287111,0.036807146,0.027681671,0.111462,-0.033166744,-0.007932791,-0.097394995,0.0424754,0.1353756,0.0946502,-0.018686168,-0.04184341,0.0031126973,0.088054,-0.09821154,-0.023760408,0.020969892,0.020942157,-0.037903924,0.025633039,-0.006160002,-0.121764876,-0.0376766,0.013132742,0.022205003,-0.015750065,-0.04098055,-0.12436182,0.040001776,0.13321993,-0.063384175,-0.020543663,-0.033187013,0.010643814,0.01919902,0.07271117,-0.05645874,0.15174155,0.05275813,0.032553487,-0.04992882,-0.11001895,0.03166542,0.05477551,0.09646192,0.06465947,-0.034472663,-0.033290252,-0.09923131,-0.05508495,-0.07926223,0.01568623,-0.082053795,0.052334767,0.07364924,-0.002286789,-0.112149216,-0.060924906,-0.017773218,-0.006533269,0.014581561,-0.12092754,-0.05821178,-0.02864595,-0.14297251,-0.020951867,0.056226987,0.021782227,-0.009900818,-0.0780765,-0.054747023,0.108962946,-0.07740529,-0.15516557,-0.06608702,-0.052733842,-0.1167465,0.027871689,-0.020125894,-0.005075722,0.056783956,0.035961106,0.0088169,-0.084868886,0.0013408839,-0.05282859,-0.058515836,0.11218229,0.0371143,-0.0042826287,-0.034498245,-0.06759876,0.08734945,0.11494046,0.1365081,-0.06353798,-0.02084842,-0.018481912,0.100531094,0.02928243,0.05179603,-0.15601082,0.02535759,-0.0800415,0.0062714173,0.036023457,-0.12298499,-0.0406173,0.016587347,-0.00056014315,-0.0035709785,0.012102653,0.104607955,-0.018593,-0.029792963
TCGA-4H-AAAK-01A,-0.06177829,0.078430966,0.14551467,0.029672673,0.047511946,0.00085196225,0.06551348,0.05999711,-0.04949368,0.015229,-0.012436956,-0.019740133,0.09996455,0.10812704,0.08005653,-0.08887785,0.028132176,0.04715772,0.014846432,0.022724593,-0.098854825,-0.06477422,-0.050250653,0.06112613,-0.016489215,-0.11575361,-0.15528429,-0.08964145,0.042021994,-0.10482918,-0.0770932,0.08089096,-0.06573963,-0.11838562,-0.13141108,-0.16743338,-0.052911066,-0.03793463,-0.011317072,-0.055435,-0.03158475,0.04667605,0.07197492,-0.024744667,-0.006813672,-0.012324837,0.013423268,-0.0115290405,0.14132166,0.11318623,-0.033311468,0.03941807,-0.015543345,-0.0008361355,-0.0062687853,0.04925911,0.009267956,-0.025657581,0.010011278,0.05114965,-0.00060076284,-0.0011528269,-0.15594986,0.064272545,-0.08338434,0.021908874,0.08654244,0.07939252,-0.052797727,-0.032202743,-0.14255208,0.018386805,0.029994074,-0.09396281,0.0841458,0.024257626,0.05384131,0.017617173,0.1676097,0.03298777,0.07766887,-0.048088297,-0.059122548,0.06654222,-0.09102895,-0.12706815,-0.019102957,0.075995326,0.06618601,0.012125615,0.063675866,-0.13748325,0.104315944,0.015020605,0.049722545,-0.1110805,-0.023417717,-0.07076326,0.043529347,-0.077664874,0.0037723414,0.03585482,0.012345488,0.00016064469,0.029797608,-0.053805225,-0.07518314,-0.05340645,0.04313062,0.005460574,-0.048083823,-0.10415123,-0.05751051,0.12394296,0.13439111,-0.02304034,0.03643696,-0.082276724,-0.05979339,0.022738518,0.11317727,-0.08224059,0.047599304,0.022183428,-0.055935048,0.013932994,-0.13460954,0.018320942,-0.06886953,0.17452827,0.1650069,-0.10807973,-0.05376116,0.0140993595,-0.13095282,-0.047688104,-0.018958045,-0.024294011,-0.023953864,0.124466464,-0.044552296,-0.093051545,0.008458481,0.04212427,0.05163538,0.0014900848,-0.028120173,-0.018710652,-0.068444714,-0.02451133,-0.059128493,-0.0011688685,0.07812576,0.050078966,-0.0039410274,0.11477808,-0.011697772,0.04045436,-0.13803372,-0.10777419,0.03258882,0.0010234804,-0.06028197,-0.19242674,0.025177287,0.072032705,0.032217592,-0.0006112653,0.042351726,0.0113155665,-0.10179692,-0.044459056,-0.011384219,-0.019674547,-0.023098936,-0.085618496,-0.0740007,0.05001128,0.09354486,0.13284771,-0.010865283,-0.06874969,-0.07476997,0.002758793,0.018269863,-0.09973955,-0.033938773,-0.029353585,0.022070311,0.004902354,0.038512006,-0.017738473,-0.054217942,0.010427835,-0.033899773,0.024807693,0.05775244,0.0543562,-0.064287744,0.0501511
TCGA-BH-A0AZ-01A,-0.02661696,-0.044000007,0.15833418,0.026760086,-0.015084854,0.06271203,0.038277786,0.017477361,-0.054459836,0.11421919,0.0069719385,-0.10988278,0.06840816,0.11957188,0.032900035,-0.047501914,0.004974182,0.029597888,0.016908538,-0.06783987,-0.027715094,-0.06133974,0.040370204,0.120768666,-0.02075107,-0.015448803,-0.19224061,-0.0692324,-0.07011957,-0.050413586,0.00936449,0.014507948,-0.0984331,-0.1546214,-0.0767897,-0.1455488,0.011185265,-0.06359804,-0.01659526,-0.011256683,-0.012907367,0.012739274,0.053393923,-0.07724973,0.038396753,-0.002085756,-0.10036407,0.01566999,-0.014995708,0.050212573,0.057011373,-0.0070366906,0.058352213,0.107279755,-0.08046049,-0.05028235,0.08687569,0.04333782,-0.026097823,0.067788325,0.078103654,-0.04822152,-0.11000144,0.019525796,0.010971127,-0.06333444,0.09571025,-0.047340542,-0.051571324,-0.049874455,-0.21305908,0.115192056,-0.013992649,-0.19605364,0.032166082,-0.04558729,-0.056878965,0.02222721,0.08943981,0.026426973,0.04897947,-0.018922722,0.038937584,0.08701389,-0.06885633,-0.086578675,-0.002930869,0.07492877,0.12903613,0.005130546,0.0414418,-0.025336007,-0.009779975,0.08444797,0.1072799,-0.034033954,0.017828453,-0.03796971,0.07102591,-0.07120771,-0.06140418,0.106401995,0.016134035,-0.07321685,0.044811472,-0.04766876,-0.059218384,-0.15575013,0.06634639,-0.030807588,-0.01259968,-0.09739141,-0.14067805,0.055242147,0.14115487,-0.034031894,0.035460405,-0.11510606,-0.024215298,0.032044403,0.10535957,-0.09379004,-0.033763103,0.12561451,0.0748661,0.03765091,-0.0979637,0.06250023,-0.047401667,0.13910757,0.12883374,-0.035791952,0.0067594713,-0.01939583,-0.22010197,0.04342848,-0.0539002,0.040610816,-0.02062554,0.062013134,-0.0055489475,-0.09924229,0.07223719,-0.058454063,0.0028084544,0.10716894,-0.030502785,-0.02989492,-0.029277684,-0.008197916,0.017561952,0.06299032,-0.04163215,-0.00424002,0.0405008,-0.022372054,0.020515487,-0.10359192,-0.081484064,-0.022513608,-0.010863276,-0.046987288,0.030011116,-0.14469412,0.024915393,0.03610042,0.0878581,-0.044277396,-0.04833485,-0.010794623,-0.07338121,-0.032764114,-0.011582796,-0.04596826,-0.031740688,-0.028200906,-0.07333012,0.07413395,0.09646846,-0.0061571645,-0.038035102,-0.033969723,0.0016804888,0.021651143,0.06103159,-0.039997015,-0.017270656,0.003914283,-0.01853861,0.0037955353,0.07430307,0.014764799,-0.080595955,-0.116195224,-0.04445505,0.019728035,0.12222649,0.06252311,-0.039597746,-0.05231562
TCGA-E9-A2JS-01A,0.0026200109,-0.049579315,0.20669158,0.06601186,0.042937346,0.11824898,0.07330967,0.02472022,-0.05106942,-0.0833336,0.015572978,-0.019170446,-0.06752813,0.13762496,0.0044634095,-0.052204028,-0.02992679,-0.051044814,0.03155149,-0.024860933,-0.00014083828,0.019523649,-0.057643414,0.10385634,0.046693306,-0.015624322,-0.09050261,-0.016503325,0.019343833,-0.100235075,-0.016066158,-0.037304282,-0.056278635,-0.097695865,-0.13864905,-0.13103358,0.003955699,-0.085151955,-0.08776076,-0.07680187,0.05288133,0.0912795,0.12254553,-0.052950975,-0.014154239,-0.103989005,0.06492514,-0.024342522,0.025668459,0.104122095,0.033323057,0.10066972,0.048971646,0.0639983,-0.14704107,0.056419034,-0.009529396,0.068276264,-0.106722005,0.0014221396,0.029570315,0.027079111,-0.020858252,0.081382506,-0.004003619,-0.048019882,0.07250382,0.04841128,-0.051076446,-0.015690733,-0.07744005,0.06648199,0.019772653,-0.15595564,0.07148781,-0.0014714169,-0.06199498,0.12675938,0.0729192,-0.0052489536,-0.048391458,-0.0005281202,-0.047365543,0.0006920114,-0.10040536,-0.14194958,-0.056046706,0.088252135,0.12758721,-0.007591382,0.08155878,-0.018506007,0.0079871,0.08879091,0.10133424,-0.067471735,-0.024463587,-0.056649886,0.03743438,-0.023332523,0.016265847,0.08561339,-0.0029836101,-0.024192736,-0.06043654,0.013391045,-0.08531399,-0.040873118,-0.028027777,-0.030603329,-0.15421346,-0.18696772,-0.09036999,0.073591955,0.08932891,0.036476303,0.082780376,-0.03666289,-0.006279177,0.046546925,0.1235266,-0.12279264,0.04771697,0.033374898,0.028505035,-0.061730776,-0.05500242,-0.020833287,0.0021733777,0.11802964,0.13053428,-0.031426165,-0.01500843,-0.12391674,-0.16656597,-0.0053146784,0.03524813,-0.11205635,-0.072487906,0.0013750391,-0.0049220547,-0.08838803,0.045363236,0.007669164,0.011145279,0.008130704,-0.040669486,0.021368833,-0.0017648977,-0.09965034,-0.09602688,0.115726724,0.06824345,0.05692669,-0.029704168,-0.017448546,-0.03306745,-0.0837355,0.009525354,-0.039444584,-0.008242687,-0.018314147,0.022134546,-0.108024105,-0.041331615,0.04899508,0.07431924,0.017065275,-0.008705256,0.05060194,-0.08289545,-0.037575606,0.02963089,0.045198493,0.08172711,-0.09102162,-0.017155921,0.04618381,0.05422576,0.13594574,-0.07569538,-0.02781953,-0.034689095,0.05719833,0.052455403,0.012564422,-0.09714075,-0.024169544,-0.00099801,0.07227309,0.016015928,-0.09980955,-0.015861241,0.0297454,-0.0046313414,-0.011892577,0.070846334,0.14526856,-0.15225533,-0.023693232
TCGA-D8-A73X-01A,0.014062837,-0.028823892,0.061788738,0.0755986,0.004083879,-0.0015065186,-0.12197477,-0.018016959,0.04074376,0.012512447,0.0359255,0.015111745,0.03999903,0.11977653,0.043156303,-0.05012515,0.025723644,0.055239405,0.0681696,-0.13727991,-0.024128374,0.051568225,-0.08937906,-0.003374267,-0.07059297,-0.047257595,-0.20043252,-0.12194631,0.08041991,-0.04743311,-0.06451657,0.02529032,-0.06402486,-0.15887904,-0.06039184,-0.03171946,-0.07010092,-0.07992568,-0.019895336,0.02705477,-0.040852122,0.060299408,0.037897788,-0.01881261,-0.019322092,0.028532991,-0.017299779,0.020467483,0.07075566,0.014723785,0.0753661,0.055107795,0.0046712365,0.18472663,-0.113268316,0.068090945,0.06384262,0.0022008992,-0.042149045,-0.04444777,0.07026432,0.056191586,-0.0855514,0.06156977,-0.01920819,-0.07395817,0.047254965,-0.04935018,-0.024990758,-0.016372062,-0.16250914,0.07480299,-0.051177084,-0.21639457,0.028230365,-0.013875019,-0.011213288,0.07281163,0.07519935,-0.058483545,0.06413853,-0.012434283,-0.07032856,0.058020543,-0.06395522,-0.09031002,-0.050395656,0.03629053,0.12358161,0.014103301,0.007400909,0.024991026,0.042212315,0.022225158,0.036622196,0.013374298,-0.062161982,0.017566983,0.01742896,0.040588457,-0.0064053824,0.11205856,-0.08843439,-0.07378469,0.01070601,-0.062000588,0.025957152,-0.08041369,0.0316112,0.010618773,-0.100913614,-0.10827258,-0.030166965,0.09464127,0.069326974,0.020864666,-0.058999553,-0.113648415,-0.06642024,-0.04655552,0.04778479,-0.1616869,0.024289627,0.024335686,0.06435404,0.05356067,-0.06455565,0.05438723,0.03830646,0.10110038,0.05041978,-0.031049458,-0.05159856,-0.014494712,-0.117534734,-0.004379545,-0.028907757,0.052352145,-0.031908713,0.0819483,-0.0047389753,-0.19146325,-0.00561386,-0.021929406,0.02862389,-0.0064223027,-0.006719012,-0.074119106,-0.09277388,-0.021029133,0.013069252,0.06545418,-0.14573815,0.028258927,-0.08416633,-0.050959803,0.07769033,-0.07534126,-0.1219954,-0.04480385,0.084828,-0.153355,-0.038928278,-0.052858364,-0.026704025,0.0338925,0.019997925,-0.041615713,0.04428338,-0.084971614,0.122066595,-0.047039542,0.057412226,0.009157519,0.04423983,0.018383099,-0.17954336,0.0737776,0.109660365,0.05989027,-0.024907796,-0.02067777,-0.056407046,0.06920782,0.0056982124,-0.10381894,-0.07538526,-0.017821109,-0.059452053,-0.015865095,0.14464448,-0.05713813,-0.026140837,0.023755677,0.02261444,0.1189594,0.09816247,0.1110345,-0.0754429,-0.033700086
TCGA-OL-A66K-01A,0.041768763,-0.032164413,0.16670054,0.051935058,0.092743725,0.0023859793,0.05350651,0.029682314,-0.0013814789,-0.030670976,0.0021272225,-0.0043704906,-0.08475874,0.21352036,0.11603702,-0.041314136,0.021340173,0.042823024,-0.0023434923,-0.092764795,-0.022723135,0.004098361,-0.07786407,0.07310117,-0.058762617,-0.076942876,-0.14252664,-0.12259532,0.014661328,0.0031794976,-0.017703906,-0.01931092,-0.07327844,-0.17509505,-0.16898364,-0.18982007,0.05865169,-0.10701576,-0.06737384,-0.004247772,0.02517079,0.07789959,0.120212235,-0.046425793,-0.0110770585,-0.076733716,0.01820591,0.072248645,0.034303736,0.01861954,-0.0277941,0.059076894,0.0510241,-0.014047941,-0.021611305,-0.026046092,0.015271951,-0.00583974,-0.061420113,0.06383702,-0.036412265,-0.008303383,-0.11437122,0.061050363,-0.10257662,0.029556941,0.09573706,-0.00062441063,-0.11145997,-0.022197712,-0.0008640487,-0.029265216,0.019478016,-0.07915683,0.06958678,0.064686045,-0.0056596743,-0.006070131,0.10810637,-0.010465331,0.03094846,-0.05140472,0.038047574,0.09183636,-0.032183815,-0.12590142,0.039315887,0.09665966,0.0984712,-0.05391562,0.07808129,-0.05456275,0.03654003,0.052124925,0.04640878,-0.05048025,-0.08512012,0.008782137,0.05326864,-0.0012779123,0.023313351,0.014198194,0.07112779,-0.11228669,-0.0012710968,-0.039393675,-0.13678446,-0.024694985,-0.014108203,0.0033041586,-0.073552415,-0.10942703,-0.0596992,0.11758423,0.10594767,-0.103702314,-0.016951978,-0.021376757,-0.07618647,-0.0010804557,-0.0019313502,-0.09082275,0.13799627,0.045152865,0.049518965,-0.048841827,-0.08688847,0.07055128,-0.05368897,0.0877028,0.11934017,-0.14184897,-0.0061699073,-0.05443727,-0.1366516,-0.014629517,-0.08182686,-0.062862836,-0.05457595,-0.050327916,-0.0032850392,-0.038992982,-0.066733666,0.045248985,-0.013062606,-0.08006054,-0.09192076,0.030819083,0.013412425,-0.011644168,-0.036679495,-0.0015286842,0.09030427,0.08613516,0.019647406,-0.0053485157,0.043875284,-0.10312658,0.0108975675,-0.0028759807,-0.033414487,-0.04088404,-0.047056016,-0.16837466,0.020398974,0.00836575,0.051304374,0.07399352,-0.017932909,0.06685888,-0.14313349,-0.058345445,0.032584168,-0.118715234,-0.04715699,-0.07942679,-0.059449825,0.123266004,0.10452525,0.12193225,-0.05635208,0.0070151687,-0.07325408,0.015442634,-0.07382595,-0.010736524,-0.04600541,0.048096333,0.08115165,-0.011246298,0.06498884,-0.09049535,-0.027586352,0.03301942,-0.05984774,0.032365177,0.05931273,0.08125508,-0.04537359,0.003666736
TCGA-A2-A25D-01A,0.11356272,-0.08476272,0.10667026,0.045615144,-0.114063546,0.068025924,0.028662132,0.025914602,0.028330825,0.08097072,0.01995602,-0.021847095,0.011154612,0.07474729,0.07394332,-0.0018423363,0.0025010384,0.051346842,-0.089491695,-0.09128181,-0.025950963,-0.02958857,-0.024796793,0.03779762,0.026237523,-0.063285485,-0.1171338,0.028294604,-0.013812803,-0.055796515,-0.07757659,-0.02531205,-0.07317281,-0.108308166,-0.17939323,-0.035771377,-0.057688817,-0.07792553,-0.078251705,-0.010686379,-0.022217683,0.018931506,0.046762936,0.026744846,0.008179107,-0.09964131,0.06212132,0.08159763,0.02922463,0.12918586,-0.033713367,-0.047901966,0.04815165,0.09583083,-0.023116063,-0.06073415,0.045203093,-0.014052352,-0.06891285,-0.0033581657,0.09418202,-0.039049704,0.022585493,0.0035422794,0.040131073,-0.055498417,0.09914387,-0.046306044,-0.07002214,-0.016435126,-0.10290722,0.0886475,-0.11286,-0.23799045,0.073472746,-0.08407353,-0.024796367,0.13797742,0.12567876,0.021256631,-0.004477866,-0.09384412,0.048977673,0.034270227,0.036318656,-0.051117137,-0.022118375,0.05796716,0.16393235,-0.08685046,-0.047326177,-0.10457519,0.05484681,0.043986183,0.12411881,0.04505645,0.032822393,0.0058969357,0.04953794,-0.043506525,0.012340801,0.102955915,-0.021984812,-0.0955825,-0.029217076,0.037371643,-0.081666075,-0.078403175,0.017975986,0.038442012,-0.037412837,-0.072191596,-0.028608317,-0.0110807475,0.122956954,-0.056604214,0.0069855023,-0.04065848,-0.044207573,0.025148759,0.019555684,-0.18476562,0.032290656,0.08956698,-0.021535955,0.00032614658,-0.08545237,0.04072674,0.039457798,0.129191,0.08696821,-0.052156053,-0.057682615,-0.09551783,-0.15831915,0.007648893,-0.10480554,-0.051207773,0.02496193,0.05414452,0.04539958,-0.042330086,0.031803392,-0.027149608,-0.0026487457,0.082448035,-0.115866266,-0.04309279,-0.074611425,-0.12203866,-0.022660328,0.009993709,-0.020888004,0.02451191,0.0074370024,-0.08833111,-0.0077064834,-0.1039464,-0.044610314,-0.0059532677,0.01560387,-0.06873806,0.09032844,-0.20874827,-0.054885183,-0.003949854,0.033136006,0.072255895,0.0406664,-0.03676221,0.02045091,-0.14129457,-0.008367137,0.023320105,0.06778882,-0.013543695,0.025761226,0.049773224,0.113909304,0.10796565,-0.018453836,0.07261357,-0.006999661,0.11153854,0.100119755,-0.06987846,-0.019160308,-0.043845452,-0.035687078,0.06840535,0.08476117,0.022241948,-0.05805084,0.0044198288,0.061700217,0.057077575,0.054590248,0.06582834,0.05701519,-0.10328913
TCGA-E9-A22D-01A,0.032312434,-0.022234313,0.113375425,-0.020730883,-0.013661945,0.039424524,0.021048896,0.027416192,-0.045193557,-0.02916642,0.026078956,0.07866479,-0.06067821,0.018918524,0.13937967,-0.06733424,0.027911296,0.10881076,0.04645495,-0.123417854,-0.03103882,-0.052585594,-0.09384714,0.054826222,-0.0036399765,-0.019262893,-0.17942752,-0.077189356,-0.021974428,-0.035732113,0.012565152,-0.048304483,-0.14904603,-0.11630326,-0.10090564,-0.07774687,-0.061077468,0.007118974,-0.050974328,-0.102625445,0.04902783,0.12413903,0.1881954,0.010043494,-0.06935404,-0.080624394,0.009500248,0.08365962,-0.010620685,0.0069398615,0.05384691,0.0012859909,0.068840355,0.028142456,0.044189613,-0.015270963,0.034956213,-0.049309436,-0.099304125,-0.04751935,0.025560472,-0.03790545,-0.05407312,0.09997616,-0.05698969,0.022454534,0.026624914,-0.04856946,-0.03448768,0.0026102983,-0.011842613,0.05952471,-0.011614048,-0.15394263,0.16285571,0.06303227,-0.027244108,0.025275951,0.11497888,-0.011207992,-0.06135554,0.022646157,0.004496413,0.069578595,0.041978642,-0.16642556,-0.027282385,0.13050732,0.081895076,-0.088985205,0.055322003,-0.044860523,0.0636811,-0.0026061898,0.09841129,0.020508701,-0.13300173,-0.02574207,0.069070436,-0.03213344,-0.06927235,0.013297912,0.0007829867,-0.045380577,0.009158593,-0.0028942444,0.02075261,-0.050446484,0.049153276,-0.029936653,0.044179343,-0.11999398,-0.07844928,0.13458137,0.16810356,-0.01804969,-0.026889576,-0.120723,-0.050662816,-0.07785263,0.043797914,-0.0703589,0.05238411,0.068447255,0.030901425,-0.08609601,-0.023854114,0.027613169,-0.023821361,0.05804261,0.07380916,-0.093310244,0.019813335,-0.030604042,-0.20078157,-0.013046721,-0.016912866,-0.03355064,-0.06686173,0.030836005,-0.0337771,-0.17269398,0.094073646,0.020968407,0.039926592,-0.072237514,-0.118942164,0.010076174,-0.06090404,-0.023965063,-0.046309445,0.031751674,-0.05623814,0.04683161,-0.09354674,0.019210188,0.0354025,-0.067471206,-0.09321433,0.034100696,0.030134397,-0.06582998,0.05352977,-0.08709525,-0.014525648,0.0067401566,0.12181249,0.030367551,-0.07064957,-0.0089670075,-0.06011583,-0.012249557,0.08698015,-0.030229209,0.033482186,0.02283684,-0.17088258,0.10276705,0.06914211,0.051486555,-0.13132074,-0.039919656,-0.029650478,0.027200188,-0.06864855,-0.011521398,-0.08984707,-0.018450174,-0.02439227,-0.06727079,0.10600496,-0.0914004,-0.051073086,0.0724233,-0.016293664,0.03957386,0.08453294,0.091599226,-0.03280427,0.008588968
TCGA-E9-A1N8-01A,-0.026478337,-0.15385212,0.15904231,0.093864046,-0.040686622,0.07960356,-0.02637565,0.05464251,-0.032367732,0.056951847,0.046217054,0.03207407,0.05295534,0.13326584,-0.029711604,-0.003021701,0.063433945,0.057840865,0.05626529,-0.013960127,0.10757497,0.0030850035,-0.051439285,-0.0039914926,-0.046785567,0.040412664,-0.09953559,-0.0004825665,0.027001293,-0.13628876,-0.08806152,0.0070717414,-0.060369045,-0.02272657,-0.067208745,-0.06314244,-0.02846462,-0.021020412,-0.025404217,-0.18626536,-0.0044306475,0.044068243,0.09742311,-0.12601517,-0.055625215,0.058925197,0.04592688,0.025860079,0.0145882955,0.16505247,0.029225497,0.18799463,0.015618774,0.11725563,0.06494024,-0.030155174,0.11456709,0.08100087,-0.035934657,0.048646748,0.05162429,-0.00715431,-0.0676341,0.05358182,-0.043794584,-0.03507348,0.16313042,-0.011794181,-0.040475782,0.05338775,-0.11433362,0.040885836,-0.022447515,-0.2182219,0.10730399,0.06192872,0.024637997,0.05800529,0.059026733,-0.020916484,-0.031328123,0.008495257,-0.06028839,0.02986021,-0.0011000988,-0.073731095,-0.04064104,0.09916076,0.0854019,-0.040222816,0.022719398,-0.08774304,0.04503155,0.037957434,0.12085639,-0.032291226,0.017603716,-0.107488774,0.04275916,-0.06086851,-0.05232078,-0.00060632697,-0.024010975,-0.107127585,-0.027053464,0.03976481,-0.051111143,-0.16776037,-0.011121501,0.009988793,-0.0046031317,-0.068021536,-0.11768424,0.057069026,0.076088056,0.00532789,-0.11426478,-0.02868388,-0.08003126,-0.04457839,0.14816508,-0.014280799,0.11731298,0.099235944,0.009657661,0.030468844,-0.09209816,-0.009844148,0.0041007716,0.071046226,0.088954784,0.01766585,-0.054774635,-0.0047258087,-0.11862634,-0.018970639,-0.089912996,0.07015998,-0.10915472,0.030981898,0.010866623,-0.07870808,0.0012531079,0.120007664,-0.006403754,-0.06930061,-0.07402662,-0.01920415,-0.02697869,-0.03339238,0.037352394,-0.007264519,0.050381206,-0.010185648,0.021283222,0.03500931,0.11327814,-0.12090234,-0.04917649,0.039233122,0.0007876369,-0.06829568,0.035064925,-0.13022289,0.016679937,0.15291086,0.083837464,0.009941542,-0.021301644,-0.045135967,-0.058489207,-0.08933322,0.04131068,0.08590815,-0.012792109,-0.04426681,-0.0704829,0.06653978,0.029605834,0.062158756,-0.116417535,-0.00061067735,-0.01940453,0.0357701,0.037998386,-0.054417208,-0.1411762,-0.018113043,0.029042268,-0.01199054,0.07613744,-0.07537102,-0.059512813,0.0085073495,0.042896923,0.033881743,0.045128144,0.030917104,-0.01620538,-0.02920058
TCGA-A2-A1FW-01A,-0.036943056,0.007844929,0.18209332,0.09046823,0.040631115,0.12282824,-0.0031210915,0.058674637,0.0470402,-0.025317302,0.062290147,-0.044790387,0.04588309,0.14223066,0.12021858,-0.11452199,-0.07846241,0.06697069,0.0073597603,-0.08228714,-0.022992954,0.0452577,-0.081433155,0.036534823,0.0074920496,-0.12040264,-0.15056503,-0.033004064,0.061646044,-0.1287228,0.081172325,0.009120091,-0.04050419,-0.060758848,-0.08416379,-0.14628716,0.037335426,-0.054013833,-0.052869245,-0.04147909,-0.025877478,0.040335823,0.138434,-0.059382223,-0.07508198,-0.03221238,0.016572395,-0.031028908,0.02178791,0.15966524,0.074062735,0.010351333,-0.00845868,-0.012074128,0.01609064,0.024521824,-0.0017528224,-0.05134575,-0.016352097,0.008504534,-0.005078067,0.033260856,-0.09715599,0.07731781,-0.055113528,0.0024033727,0.115903124,-0.035217755,-0.10962976,-0.0132094575,-0.035214864,-0.017424494,0.00069800194,-0.089237496,0.029162042,-0.042930726,-0.01642421,0.070823394,0.0669618,0.024581673,-0.051757522,-0.15203866,-0.06963247,0.069190525,0.037902042,-0.108105786,0.025349172,0.06728338,0.1545635,-0.039323978,0.095978074,-0.095127076,0.058517408,0.15290974,0.20032175,-0.04411849,-0.025835922,-0.09176506,0.045211796,-0.04939152,-0.0413543,0.01207522,-0.00867795,-0.025315523,-0.020608382,-0.035092257,0.0073884497,-0.103804484,0.04412264,-0.053942844,0.0017286788,-0.06592709,-0.05521479,0.1283258,0.007433244,-0.032474883,-0.05703885,0.065711424,-0.06626139,-0.03847984,0.11593375,-0.06406249,0.043080725,-0.008156122,0.06224495,0.004836323,-0.081223965,0.0847557,-0.0107413875,0.15115292,0.16733693,-0.13376044,0.02023592,-0.039294768,-0.15130243,-0.019223388,-0.036611237,-0.088918276,-0.08203954,0.038785234,-0.017786592,-0.07983507,-0.056940112,0.0014340123,0.048674844,-0.06382986,-0.04729476,0.023735844,-0.12857017,-0.017196493,-0.0648792,0.06798031,0.07214191,0.06583023,0.013386054,0.07194654,0.017617308,-0.059051648,-0.08323864,-0.09709638,-0.0015214022,-0.03277214,0.027893264,0.027900985,-0.04147816,0.039290763,0.05995453,0.057564728,-0.06138001,0.02190035,-0.0028251621,-0.025326012,0.09945362,-0.014518518,-0.023464372,-0.0513252,-0.03772345,0.09043315,0.14642933,0.11564819,-0.034721363,-0.00023881107,-0.07998713,0.026012648,-0.013861824,0.0023825974,-0.11062379,0.0040239734,0.0016403872,0.055557836,0.0022423435,-0.041718856,-0.029383658,0.0051067253,0.0007736985,0.11192208,0.04669481,0.113124214,-0.055055484,-0.07520558
TCGA-E9-A295-01A,-0.06515584,0.02408592,0.17107823,0.07414417,-0.048344262,0.047588203,0.0018178307,0.095608704,0.013028664,-0.021478903,-0.09512691,-0.0154682705,-0.057359837,0.115481585,0.09823232,-0.05889934,-0.01882527,-0.03340518,-0.04986859,-0.082432054,-0.036203686,0.038757496,0.042731848,0.05740827,-0.016005948,-0.13794948,-0.13151763,-0.0033766846,0.021987455,-0.08951754,-0.03564413,-0.08538288,-0.06388552,-0.05571068,-0.17579556,-0.11202503,0.0012268149,-0.03409438,-0.12885569,0.065989055,0.087889045,0.027368966,0.07262424,-0.08743695,0.027720539,-0.095287815,0.0021695185,0.04420583,0.12087982,0.11870901,0.00037821586,0.036406454,-0.012061329,0.104757786,-0.02572211,0.007938606,0.06978629,-0.029916085,-0.04658552,0.051618338,0.09727294,0.055273484,-0.0452371,0.050566886,-0.01581233,0.009195864,0.121276066,-0.05498653,-0.07112933,-0.07494849,-0.08401149,-0.0064381254,-0.0552558,-0.1671749,0.11142282,0.03284062,0.00019907409,-0.006468853,0.15838785,0.0025048978,0.046070714,-0.044174626,-0.02948033,0.0058809374,0.027592765,-0.11594614,-0.011560333,0.087499134,0.031203998,-0.09376101,-0.0016217203,-0.08565875,0.006879319,0.07440065,0.025433954,-0.08034174,-0.073932216,0.012539593,0.11276064,-0.02094151,0.018180141,0.10090533,0.023276815,-0.086517945,0.082677744,0.045687377,0.04650048,0.011539235,0.07816049,0.020140065,-0.022032607,-0.01566419,-0.04371316,0.09869296,0.17584176,-0.10366084,0.034944545,-0.037996694,-0.0004062356,-0.034371987,0.05361659,-0.11178174,0.078012675,-0.01180007,0.06438435,0.09667041,-0.03755282,0.096529454,0.022242837,0.09710317,0.14407943,-0.10693348,0.020261463,-0.091117285,-0.17283891,0.011439096,-0.07324018,-0.028282734,-0.06287916,0.019569328,0.04349829,-0.10022913,-0.036338232,-0.0057084826,0.03392565,-0.10832266,-0.08398647,0.018024499,-0.056419022,0.0035863523,-0.07938215,-0.016981976,0.06622127,0.028864635,-0.08999129,-0.035773907,0.056567594,0.032572392,0.014103732,-0.02711787,0.07820517,-0.07359001,-0.0625478,-0.11202712,-0.05228653,0.10966801,-0.015785405,0.06292522,0.02884071,-0.05184434,0.00079118076,-0.13865566,0.11468382,0.02110957,-0.015836665,-0.02290407,-0.045466617,0.042728227,0.06891319,0.11851569,-0.040493086,-0.0034006152,0.0699853,0.07637824,-0.040322036,0.00878655,0.05406961,-0.075687565,-0.040350858,-0.037059084,0.031225115,-0.07907559,-0.087140396,-0.0075064953,-0.014140483,0.111113936,0.11450864,0.018768674,-0.09687442,0.029399766
TCGA-LL-A73Z-01A,-0.10000247,-0.019432137,0.13002577,0.016471118,-0.04631885,-0.029594328,0.0073182127,0.08497917,-0.08351638,-0.015112332,-0.007897539,-0.0743097,0.026709445,0.1255485,0.113929,-0.00540272,0.015876075,0.043778438,-0.01206426,-0.097789325,-0.06913453,-0.021726029,-0.062688984,0.10369486,-0.03909881,0.06986729,-0.1392361,-0.13051265,0.05098972,-0.052426673,-0.057665303,0.06658303,-0.080398686,-0.0903137,-0.093199685,-0.07405145,-0.08530534,0.0065711914,-0.020221831,-0.10842106,0.04291926,0.09927617,0.104326576,-0.053849403,-0.0021412352,-0.019616403,0.025537904,0.023116399,0.047326334,0.07043926,0.08337994,0.055849545,-0.05118602,0.09174055,0.021963578,-0.06673418,0.072126135,0.025327764,0.032069616,0.07398642,0.04206767,0.054499537,-0.034080893,0.1580388,0.052593492,-0.02409683,0.16284713,0.0015963056,0.048698407,0.03726745,-0.14638482,0.0065947548,-0.020735146,-0.22048013,0.023949232,0.0031465206,-0.004904777,-0.020115664,0.076773055,-0.009034344,0.06980065,-0.059232406,-0.009994693,0.085161835,-0.06437127,-0.010213165,0.053065915,-0.011900595,0.040880833,-0.039292738,0.015013313,-0.07880533,0.106705114,0.03851789,0.041856,-0.019782411,-0.11886709,-0.011456421,0.042408932,-0.04648775,0.05437331,-0.013279976,0.037916403,-0.055682234,0.019196581,-0.015215316,-0.099717274,-0.08925711,-0.039840065,0.0054991483,-0.040749855,-0.08857997,-0.15208387,0.06539316,0.07465711,-0.03327243,-0.08018799,0.013725873,-0.012066478,-0.01988919,0.14938465,-0.04444545,0.046742402,-0.026777666,0.024138223,0.00051249727,-0.15869409,0.011556364,0.082564466,0.09685213,0.09286444,-0.049640067,-0.024002252,-0.05410891,-0.17273208,-0.016599428,-0.037396476,-0.10663518,-0.04840152,0.0057025137,-0.03811574,-0.16809422,-0.045997787,0.04123232,0.03362898,0.051949847,-0.1699872,0.010341722,0.017508077,-0.0636956,-0.01477081,0.10570953,-0.079433106,0.001929416,-0.018941011,-0.008884586,0.04454397,0.0040352563,-0.07325818,0.0063225464,0.020759845,0.00082199456,-0.0110337855,-0.08671528,-0.11928891,0.029989932,0.056200847,0.010310031,0.02293015,-0.0560142,-0.039698165,-0.15579683,-0.015509853,-0.001394734,0.123458646,-0.09234328,-0.006314302,0.065106966,0.12824883,0.11011118,-0.027456515,-0.046254814,-0.0068931365,0.11796684,0.00684893,0.07364079,-0.114062406,-0.005672815,0.012082712,-0.012765349,0.071880355,-0.0632597,-0.045725193,0.022325767,-0.022464367,-0.058431614,0.15882003,0.078523085,-0.0016770631,-0.06181618
TCGA-E2-A15I-01A,-0.038686562,-0.011181393,0.123036906,0.038611867,-0.057705887,0.012441658,0.095441066,0.029531613,-0.08788046,-0.012752608,0.04100934,-0.052940194,0.03275302,0.13886862,0.09410004,-0.048498433,-0.004191951,0.12627244,-0.009268217,-0.07131095,-0.06321097,-0.088063255,-0.08527477,0.06674835,0.026116902,-0.043376803,-0.13169785,-0.08567356,0.0303933,-0.09869798,-0.05557597,0.011163253,0.040794045,-0.16056223,0.029850675,-0.09469456,-0.028129853,-0.052668948,-0.15387984,-0.011750563,-0.060363162,0.074154474,0.09018794,-0.06484564,-0.018965911,-0.030176679,0.07942331,-0.0006030552,0.0716789,0.058005583,-0.023724997,0.058317717,0.02888076,-0.025307912,-0.025626406,0.06575247,0.074828304,0.00013011323,0.01622606,0.122303955,0.17798191,0.0025867063,-0.09628053,0.08252112,-0.0064529236,-0.008414346,0.11378352,0.046068206,-0.053940073,-0.033245496,-0.13427262,0.062580176,-0.052552648,-0.22979216,0.13935374,-0.074086234,-0.003629565,0.046543874,0.1656147,-0.081155986,0.015939035,-0.09519179,0.016248155,0.012944123,-0.067126535,-0.05848109,-0.07772186,0.038727384,0.106512904,0.0121521205,-0.038587026,0.010246602,0.13768913,0.0457696,0.121833675,-0.04463254,0.018668195,-0.08772857,0.037017487,-0.04379919,-0.055405285,0.083484136,-0.048684105,0.020538496,-0.07342431,0.0025966084,-0.07407397,-0.046868954,0.040496722,-0.03395305,-0.11632763,-0.09193781,-0.028156813,-0.024550898,0.016656345,-0.097104825,0.019146409,-0.08275568,0.0075781043,0.023404242,0.122360565,-0.12620199,0.033339407,0.055720117,0.0761193,-0.0060382206,-0.008930698,-0.03374206,0.08018698,0.18974575,0.049199805,-0.12820236,-0.0985392,-0.021022566,-0.08078063,-0.03017017,-0.08688204,-0.016888484,-0.030891325,-0.0019850032,0.004433256,-0.14751819,0.07885356,0.019408468,0.053247347,0.0027240478,-0.10833783,0.010385488,-0.054985516,-0.06535991,-0.047072273,0.06053516,0.05805762,0.017305048,0.028245136,-0.03138208,0.07187727,-0.06478085,0.024230247,-0.029185738,-0.038252093,-0.053873084,0.052177638,-0.06950369,-0.043483708,0.051364392,0.07056097,0.022065211,-0.011883228,-0.07978106,-0.057338137,-0.04962519,-0.021305265,0.025838092,-0.023603957,-0.049983338,-0.039449442,0.04218128,-0.0069178846,0.13923076,-0.047752682,-0.023710249,-0.03596232,0.09191892,0.051232625,-0.08286589,-0.082558334,-0.10915884,-0.10694594,0.028056273,0.0801354,-0.029492045,-0.0355731,-0.018697271,-0.029406924,0.04824357,0.08095803,0.07336033,-0.039855283,-0.017797425
TCGA-A2-A0T1-01A,-0.03779714,0.051751893,0.09247345,0.118903615,-0.058460973,0.0788058,0.10296339,0.040644605,-0.061791115,0.04836292,-0.044956896,0.009723801,0.0021374165,0.14588329,0.05991479,-0.060169015,-0.035574984,-0.021648524,-0.012637395,0.0038554994,-0.027055116,-0.042366777,-0.09620181,0.055760216,-0.034578066,-0.078641266,-0.03416009,-0.061763648,0.076028645,-0.034378417,-0.07472851,-0.018065464,-0.10230109,-0.093979105,-0.14010327,-0.14044763,-0.012579682,-0.03540238,-0.037885644,-0.0741084,0.06523429,0.06664871,0.13217357,-0.08029921,0.0003631335,0.028205195,-0.014836648,-0.033172864,0.10521722,0.1127504,0.093834,0.08166413,0.07254251,0.12223919,-0.0395597,0.04293777,0.012319593,0.06391148,-0.049605824,-0.01733823,-0.007067405,-0.010861929,-0.11452369,0.0145077,-0.014515336,-0.02521834,0.17872687,0.0036435893,-0.08452294,-0.004691142,-0.18152471,0.0994178,-0.018908264,-0.103121765,0.0018502855,0.02552357,-0.07846388,-0.0029271091,0.10581335,0.06067082,-0.020057023,-0.060560953,-0.04782241,0.06533559,0.07356892,-0.06453021,0.041809764,0.09330344,0.068495624,-0.056774393,0.14893928,-0.0668892,0.031091517,0.059172146,0.060035337,0.009201529,0.014530403,0.06246358,0.06753712,-0.041383777,0.021763561,0.07838454,0.038100448,-0.076815665,0.017537162,0.009230266,-0.08308273,-0.16207296,-0.041428804,-0.042392865,0.020771166,-0.06295247,-0.07573033,0.10274728,0.10779255,-0.032640528,0.0021820369,-0.056695364,-0.03253988,-0.023377743,0.08756353,-0.037593406,0.027068939,0.031185469,0.03695064,0.014099479,-0.10858081,0.19824608,0.062956385,0.08794767,0.11951703,-0.12862478,0.042196814,-0.08653773,-0.15829384,-0.053829387,-0.03704518,-0.080212936,0.007700109,-0.0053148093,-0.020706551,-0.16739339,-0.0077340123,-0.014467482,-0.007285967,0.04491992,-0.18354648,-0.057619672,0.015266806,-0.051308323,0.015229658,-0.051534463,0.069273494,-0.006297736,0.0039122873,0.0033315485,-0.0014635705,-0.06102071,0.0007742608,-0.06439819,0.07089423,-0.039388064,-0.0034349144,-0.075741686,0.03772364,0.032985512,0.092983186,0.013496199,-0.075295925,0.040578887,0.041697502,-0.19580728,0.050954867,0.011270874,0.014089889,-0.075071566,-0.09152317,0.038757127,0.03334661,0.12873685,0.012467824,-0.034352124,0.05179468,0.074305214,0.020536426,0.0036734217,-0.05774911,-0.062275566,0.04606127,-0.02710793,-0.010755453,-0.04179541,-0.046686687,0.0015839282,-0.09217405,0.084180295,0.054322373,0.107022785,-0.016150013,0.005518584
TCGA-AN-A0XS-01A,-0.049995042,-0.032357547,0.104881376,0.036745068,-0.14392872,0.002428816,0.048078105,0.072155714,-0.07775501,0.085287385,0.037299696,-0.027083265,-0.053037576,0.1249807,0.09568687,0.039353892,0.03271506,0.011036626,-0.091717675,-0.033502903,-0.08965194,0.043502323,-0.11027627,0.008453845,0.056060284,0.010688323,-0.20165227,0.017017864,0.03131302,-0.069107026,-0.0506733,-0.015217761,-0.13177277,-0.11986957,-0.05340034,-0.14312433,-0.048998244,0.012937658,-0.043625545,-0.04669138,-0.07373712,0.05918726,0.02767219,0.024338482,-0.09256967,-0.037895802,-0.00810954,0.059050296,-0.046192907,0.06157097,0.00060750527,0.08150459,-0.0034773739,0.0254941,-0.052566435,0.010353149,0.044645038,-0.02443133,-0.07920536,-0.01298744,0.08549301,0.0012308748,-0.08609075,0.08567657,-0.009652884,0.054907337,0.15420197,0.016057348,-0.104104295,0.013392929,-0.17280711,0.046633866,-0.056427505,-0.10521994,-0.009620702,-0.021766325,-0.045712564,-0.004672247,0.085469365,0.09085156,-0.0013261602,-0.041318264,-0.022739455,0.052218795,-0.05973726,-0.100118436,0.011531831,0.090852186,0.161773,0.05021256,0.029246073,-0.14365602,0.08517822,0.12389019,0.11091889,0.014709394,-0.13585575,-0.0014309527,0.08920231,-0.03754735,-0.012364963,0.08703505,0.05648779,-0.06317982,-0.012027667,-0.018394683,0.04690918,-0.0525701,-0.00024289936,-0.030077754,-0.000550714,-0.14983936,-0.043267474,0.052972548,0.023238458,0.005019531,-0.010751405,-0.03885608,-0.14366487,0.01771922,0.08301159,-0.07167836,0.06905739,-0.003033506,0.06798873,0.0013551774,-0.06387921,0.064738214,-0.031297356,0.13464545,0.037885755,-0.016784608,-0.10447188,0.0060497886,-0.20404305,-0.015617655,-0.035681967,-0.121781565,-0.039436247,0.06335793,-0.057017196,-0.06269314,0.059571315,0.014388377,-0.018593302,-0.04875323,-0.036251567,-0.032130253,-0.05867077,-0.0935849,0.014382584,-0.04954143,0.043470394,0.100780375,0.016689394,0.03288247,0.018361105,-0.107649215,-0.111478336,-0.09222692,0.032585967,-0.09019456,0.06521221,-0.12311185,-0.06689297,0.06696441,0.055572156,-0.06965367,-0.019899825,-0.046685535,0.06376031,-0.06821118,-0.00021160938,0.017520973,0.10468256,-0.053302284,0.0077910344,0.0010079854,0.07761771,0.18083076,-0.018011967,-0.026241375,-0.02949936,-0.005259135,0.037038296,-0.08680839,-0.091844276,-0.043059837,-0.021648336,0.0006197643,0.05805214,-0.13815852,-0.06792657,0.0445296,0.014043563,0.060205363,-0.008519145,0.015392729,-0.037529834,-0.10264363
TCGA-E2-A1L6-01A,-0.027290598,-0.11037227,0.16409934,0.085488476,-0.046696883,0.07312425,-0.016670495,0.022123171,-0.0995728,-0.087317705,-0.04777615,0.08022273,-0.035930604,0.14365067,0.056672063,-0.09779526,0.022737158,0.051923957,0.010743447,-0.057406776,-0.05828677,-0.03386531,0.027933085,0.07463763,0.025896536,0.020276425,-0.11190902,-0.054438945,0.0013311883,-0.100711495,-0.090175964,0.068860434,-0.027629897,-0.11407322,-0.10513797,-0.12256111,0.039560936,0.039559465,-0.083500355,0.025416045,0.12737639,0.035952818,0.097122446,-0.07047342,-0.054390162,-0.032441407,-0.0011190065,0.034433216,-0.024155447,0.12255506,0.014085347,0.049843244,0.0064055347,0.06441387,-0.07603195,0.042638812,0.07919484,0.042917185,-0.11043765,0.007625998,0.10794617,-0.051828198,0.011774232,0.09752623,-0.032993518,-0.035629906,0.15295023,-0.02739767,-0.06844844,-0.02261627,-0.16276084,-0.0038821136,0.03132665,-0.17907323,0.08618999,0.079479374,0.010649307,-0.002315516,0.07808042,0.01073014,-0.011012844,-0.013244327,-0.008642568,-0.054356523,-0.07114155,-0.027083984,0.0027096677,0.13268304,0.1287887,-0.07732734,0.099211104,-0.073399484,0.041718185,0.041370533,0.030667597,-0.092743926,-0.074980676,-0.0022135614,0.033708967,0.038436268,0.0026339602,0.088374145,0.08186107,-0.07437635,-0.018489493,0.07842162,-0.031375628,-0.12107852,0.013251457,0.06044598,-0.05518183,-0.1416788,-0.11337003,0.08727937,0.038457926,-0.068823054,0.06627203,0.013317807,-0.061144322,-0.05332919,0.1365058,-0.07541038,0.062359504,-0.04383531,0.12220477,0.08222498,-0.11999309,0.060360022,0.03622977,0.073358394,0.05643578,0.013605829,0.0745184,-0.0778016,-0.18028179,0.019472716,0.023430867,-0.047958642,-0.055688474,0.005340098,-0.070650205,-0.13057858,0.07990863,0.046188116,0.047093477,-0.09461466,-0.010843517,-0.04138798,0.033102334,-0.09249213,0.024051536,0.050067503,-0.01318441,0.085981116,-0.045012027,0.08780038,-0.015110839,-0.106994174,-0.03389771,-0.0044726687,-0.04653963,-0.012141907,0.019200014,-0.103733905,-0.16963162,0.099018745,0.056716546,-0.042488616,0.0036931017,-0.07380172,-0.01333808,-0.02343174,0.009496453,-0.067375384,0.026677005,0.040860973,0.024112293,-0.03170096,-0.005797576,0.054667804,-0.012321849,0.027831076,0.050297555,0.016305171,0.081047624,-0.026815757,-0.07629905,-0.036868777,-0.05940617,0.046621222,0.023383297,-0.06968336,-0.013526983,-0.030879231,-0.06343553,-0.02880549,0.05702665,0.109866776,-0.095551156,-0.09398474
TCGA-AR-A1AX-01A,-0.022491712,0.009494596,0.0788939,0.025074702,-0.08483341,0.032818742,-0.014337095,0.059173148,-0.053584628,-0.026944168,0.045378875,-0.027290953,-0.07206783,0.017561954,0.0801116,-0.078849286,0.07054254,0.10803099,-0.035783667,-0.09766758,-0.060431577,-0.08652067,-0.024966182,0.0061502433,0.019290082,-0.062341195,-0.16551845,-0.007110385,-0.018710434,-0.03887385,-0.022438597,-0.06800747,-0.010854874,-0.14716604,-0.13799556,-0.022811757,-0.010559244,0.050726697,0.040576257,-0.028577287,0.066945724,0.13429227,0.1059683,-0.12381852,-0.10455929,-0.028908437,0.03114527,0.0472777,0.04695794,0.070496924,0.013887989,-0.049476635,0.004373275,0.11523904,-0.041401964,-0.019590868,0.080437735,0.07186884,0.011234419,0.0515142,0.09971646,-0.0051931217,-0.019582186,0.023532068,-0.02770525,-0.1754491,0.17254601,-0.038613897,-0.006599753,0.042509533,-0.12218171,-0.008662454,-0.061685074,-0.22170828,0.09810671,-0.014799588,0.050393853,-0.02832028,0.12804063,-0.0018896081,-0.01618157,-0.03319155,0.0030360215,0.00848188,0.012877062,-0.07374359,-0.101895675,0.016903672,0.10686821,-0.043200273,0.068377614,-0.08042373,0.1775223,-0.013008,0.10137351,-0.113714196,-0.071302705,0.01570595,0.11627554,-0.09889154,0.09073888,-0.008697451,0.035298623,-0.14203273,-0.085902415,0.120748945,-0.049544852,-0.06508222,0.07610835,0.009433413,-0.011012861,-0.030442107,-0.04069855,0.06512729,0.12571917,-0.09758929,-0.044350795,-0.061246596,-0.047548898,-0.025975032,0.017394906,-0.14537637,0.05185876,0.028743215,0.04797531,0.04097939,-0.041052267,0.0753411,0.052212328,0.13574328,0.09585759,0.040785212,-0.0014190815,0.036574874,-0.17653994,-0.025395667,0.009395204,-0.013326915,0.037692,0.055601787,-0.06608048,-0.16980618,-0.016323056,-0.004908754,0.06482235,0.010896936,-0.025919024,-0.058930587,-0.016570833,-0.051542096,0.008722399,-0.095006876,-0.0015038102,0.042981245,-0.013878264,0.072080314,0.06630803,-0.120722406,-0.1155557,0.015913123,0.013821987,-0.026872963,0.060488984,-0.14860797,-0.07636383,-0.037997797,0.112664506,0.017624846,-0.01987592,-0.01534669,0.07051143,-0.13853602,0.02761785,-0.012549911,0.05336935,0.061955854,-0.07134831,0.023723157,0.065985925,0.0319624,-0.06927965,0.024334477,-0.03405077,-0.016189765,-0.034030877,0.016392102,-0.047506172,-0.0059328936,0.052585166,0.05350061,0.05112672,-0.051662147,-0.03626386,0.05280101,0.049877167,0.029673936,0.048398945,0.04469071,-0.014700269,-0.007837891
TCGA-A7-A56D-01A,0.050747048,-0.11006821,0.09480589,0.055573218,-0.04486071,0.11611901,0.07254608,-0.0010158685,0.008751523,0.071863204,-0.012882798,0.019185744,0.059194934,0.1344086,0.15085189,-0.11198704,-0.03558935,0.009756374,-0.1185891,-0.0740053,-0.0840093,0.0011014185,-0.11435922,-0.02321076,-0.0052651,-0.045783855,-0.0295142,-0.033205207,0.059903383,-0.03790021,-0.08710131,0.012981397,-0.07775684,-0.07156433,-0.12202135,-0.19773352,0.023900632,0.01342264,0.0017544227,-0.08231956,0.060600035,0.027921459,0.08109101,-0.036295593,0.06738492,-0.11594491,0.0019158458,0.035367962,-0.03529906,0.049783666,0.023753332,-0.0005469163,0.061380133,0.024074111,-0.03050004,0.045949787,0.12977873,0.046286047,-0.07163005,-0.012050117,0.020747457,0.022851804,-0.06354354,0.083955936,0.0047417744,-0.009567408,0.07489887,0.03477904,-0.09282057,-0.065352775,-0.053985532,0.057964053,0.0046129473,-0.18103379,0.10130511,-0.041690122,0.011343727,0.016656145,0.10160102,-0.011355992,0.04838415,-0.047006436,-0.026290005,0.037826348,-0.060298163,-0.056197982,-0.009037205,0.11636381,0.0752031,-0.08975414,-0.056186225,-0.050075598,0.07825744,0.059430692,0.071931735,-0.02054126,0.06651529,0.049096752,-0.0023469867,-0.020344567,-0.049444135,0.11424634,0.07659064,-0.17063661,-0.04961948,0.09828523,-0.07590409,0.06246999,-0.0009893652,0.04502053,-0.08714486,-0.06457557,-0.052621238,0.04277931,0.102016285,0.025465768,-0.014302925,-0.114903264,0.038767476,0.029465232,0.07702193,-0.11259252,0.07417868,0.07764801,0.0255106,-0.03171516,-0.10621206,0.059209622,0.03202315,0.11726645,0.10512247,-0.05339005,-0.025786545,-0.12943062,-0.12885918,-0.020897452,-0.05128403,0.06519612,0.037859622,0.047748048,0.014516635,-0.15743573,0.049400043,-0.066883594,0.040493865,-0.055984464,-0.11505174,-0.106406964,-0.11742389,-0.0673781,-0.039610025,0.080521844,0.0493878,0.0009538185,-0.0053799744,0.047905803,-0.0041606613,-0.028847838,-0.10492135,-0.042352807,0.016637268,0.01467222,0.0010123646,-0.1605716,-0.032053575,0.063443616,0.07036458,0.04665199,-0.018287765,-0.061553624,0.009879834,-0.031252652,0.052370545,-0.00014998157,0.057238787,-0.061165687,0.011159373,0.06535241,0.024040181,0.16104765,0.03721071,-0.011795785,-0.07673799,0.07487654,0.03503039,-0.013345322,-0.15165319,0.02285031,-0.096363954,0.023231512,0.04300193,-0.042348493,-0.101650596,0.037331227,0.0018976459,0.101352975,0.04128604,0.13572381,-0.07511175,0.032489788
TCGA-E2-A14N-01A,-0.071746156,-0.05938541,0.11892328,0.059754096,0.04199041,0.10582287,0.032588765,0.117505156,-0.05906152,0.08409022,-0.037100025,-0.0016316813,-0.01715433,0.13015597,0.09989964,-0.012813017,0.044044297,-0.0102754915,0.10047705,-0.051004004,-0.055488,-0.06585242,-0.14635453,0.02366952,-0.061990563,-0.012521293,-0.09992654,-0.109863825,0.013953682,-0.0036648766,-0.024429105,-0.04198679,-0.058511946,-0.11282937,-0.0811473,-0.1367198,-0.016162245,-0.0007096807,0.0839971,-0.104446515,-0.0037680485,0.091097616,0.081488505,-0.16735958,-0.021062221,0.038497284,0.08475856,0.02359872,0.118678205,0.0062073446,0.028312545,-0.022995641,0.0074151373,0.016391693,-0.000114230694,0.005717451,0.023320522,-0.016554028,-0.03768744,0.053961962,-0.05704346,-0.0094406735,-0.11614447,0.07965008,-0.042249456,-0.016564906,0.12454659,0.05645555,0.019392755,-0.04327242,-0.12576692,-0.026694268,-0.056520402,-0.15275866,0.07805956,0.007787535,0.022798184,0.019922957,0.102052145,0.10571358,0.010109399,-0.001649774,0.028540317,0.09064856,-0.023693278,0.029351242,0.051757444,0.05295285,0.10520664,-0.04878193,-0.030531209,-0.08594889,0.14423269,0.022982135,0.054443642,0.08600893,-0.03977249,-0.0007268625,0.016907323,0.005906675,0.0027357647,0.10554407,0.03903069,-0.15696569,0.04871871,-0.020827923,-0.06911515,-0.07335794,0.06107262,-0.010099949,-0.05739503,-0.023086624,0.050601255,0.096636616,0.12954022,0.03047943,0.03868698,-0.005199314,-0.063968755,0.0010468784,0.07130154,-0.08170422,0.093639836,0.06966658,0.1052951,-0.10305797,-0.06242884,0.12081072,0.0084534325,0.102694154,0.14576216,-0.08122614,-0.017857617,0.022099933,-0.09931808,-0.016006852,0.016590632,-0.0034933118,-0.011870327,0.03541973,0.006742839,-0.13287605,-0.104988605,-0.005239864,-0.0023856452,0.010200609,-0.057012822,-0.115043044,-0.008684069,-0.03353493,-0.03847099,-0.0016889281,0.086440586,0.03979603,0.088800125,-0.005090899,0.09422951,-0.053912383,-0.11375159,-0.01456235,-0.03848685,-0.11486811,0.0258239,-0.10571034,-0.0672325,-0.0010145756,0.03331689,0.011901945,0.015345179,-0.0015117229,0.00550519,-0.09230797,0.07116022,-0.026907176,0.009580544,-0.034408227,-0.064515315,0.15920486,0.069965094,0.15895207,2.1048507e-05,0.057523724,-0.0877465,0.0865806,-0.0082218,-0.036603052,-0.12867214,0.010058092,-0.05978775,0.028212858,0.10267876,-0.025323652,0.0032909554,0.040145002,-0.048891924,0.057089154,0.051678006,0.07676874,-0.14854635,-0.1164522
TCGA-D8-A27T-01A,-0.050722066,-0.051877487,0.13983561,0.07367544,-0.023405552,0.028672611,0.051030472,-0.059860773,-0.066203415,-0.0421412,-0.021542009,0.035469815,0.085278735,0.06394344,0.085423596,-0.08614587,0.04845751,0.07876844,0.02201838,-0.027834788,0.024119299,-0.023742953,-0.08190283,0.087958425,0.004246193,0.0093509145,-0.10229581,-0.067160584,-0.0036983679,-0.12746242,-0.12641498,0.020476336,-0.08619688,-0.06508467,-0.15970418,-0.014443279,0.0039010483,-0.013816906,-0.08296864,-0.08123585,0.023338586,0.039603602,0.11348803,-0.06618666,0.008494121,-0.088847324,0.049578283,-0.021952853,-0.018908665,0.15605065,0.07058021,0.11874643,0.018320829,0.046632305,0.0044873,-0.0088593345,0.03415154,-0.041347172,-0.0026737873,0.02165956,0.023971852,0.012499599,-0.14488335,0.03879545,-0.01391927,-0.039831333,0.15350275,-0.0051470427,-0.05565516,0.037567064,-0.058675427,0.016614873,-0.051098347,-0.1120504,0.011232645,0.023771102,-0.0014809654,0.033326287,0.12489015,-0.011727498,0.008693812,-0.0042743296,0.0038988937,0.016682234,-0.0019590906,-0.08950634,-0.04624362,0.13209955,0.09220581,-0.11613374,0.06692089,-0.10728185,0.09587948,0.03907782,0.06376319,-0.09218812,-0.035211336,-0.018552417,0.074327976,-0.07532585,-0.032539733,0.05210377,0.095858045,-0.04203839,-0.031983208,-0.003326809,-0.053201854,-0.1378108,-0.018813964,-0.08065518,-0.044392027,-0.11779811,-0.08454272,0.17789912,0.18754712,-0.058413718,-0.0036512178,-0.044652063,-0.13768815,-0.056622397,0.08763224,-0.06192656,-0.027144667,0.05232457,-0.031757686,-0.012458464,-0.086557545,0.09962828,-0.014677985,0.04718904,0.11592834,-0.06863731,-0.019195616,-0.06523083,-0.10088922,0.06379254,-0.1225278,-0.08212249,-0.027239494,0.056714628,-0.10199466,-0.09648676,-0.056829493,0.10892142,0.06517049,-0.119692005,-0.1459836,-0.030456673,-0.019942835,0.034032468,0.06957467,-0.032082878,0.092122115,0.06553725,0.02342558,0.072181,0.07578827,0.061925754,-0.12876217,0.006178973,-0.0048620463,-0.06384186,0.020747531,-0.15509017,-0.010180264,0.05631567,0.087998904,-0.022384074,0.04795375,0.021688405,0.029565306,-0.034712244,-0.01068215,0.09484648,0.02643304,-0.027237277,-0.05129492,0.058112722,0.09592145,0.13339704,-0.043053653,-0.046690255,0.02444498,0.02954106,0.05018827,-0.06717268,-0.07245137,-0.03414138,-0.010763354,0.100421906,0.009750712,-0.12893023,-0.040922146,0.021500126,0.0050495556,-0.005294171,0.06068094,0.0566676,-0.02424073,-0.0019193
TCGA-BH-A28Q-01A,-0.045527358,-0.03347674,0.17660299,0.039402425,-0.083174326,0.031314176,0.050057374,0.05729265,-0.044550035,0.004474831,0.012628152,-0.046623357,-0.15071371,0.080752,0.04280188,-0.06805686,0.051604602,0.056961454,-0.09985714,-0.10843133,-0.036234904,-0.069380194,-0.0054212376,0.08090797,0.03605853,-0.069271885,-0.1341127,0.06463905,0.01638176,-0.08261622,-0.14569408,-0.011353922,-0.18081391,-0.084579594,-0.04968364,-0.11223229,-0.0029937034,-0.035006788,-0.008256479,0.015346021,-0.02316079,-0.05304058,0.07385888,-0.10805657,0.0028908267,-0.082067296,0.06959142,0.05815233,0.0355275,0.0827312,0.14304474,0.064890474,-0.02997956,-0.004338345,-0.009291931,-0.011516519,0.05400068,-0.0646916,-0.037827417,0.08232682,0.06651524,0.017713705,-0.06430047,-0.015948711,-0.017676948,0.023304557,0.12545696,-0.11758613,-0.086371966,0.004519254,-0.13349167,-0.04123091,-0.04042552,-0.18335629,0.054343995,-0.034290608,-0.0007024138,0.031300396,0.13118862,-0.09090653,-0.000730148,0.06719275,-0.02489255,0.10067668,-0.04677717,-0.08891211,-0.078033425,0.069493726,0.14952162,-0.055757258,0.04196701,-0.009899789,0.039229926,0.034785967,0.07632269,-0.108925745,-0.04770615,0.04353066,-0.015621332,0.011226796,0.09172667,0.05123124,0.032706086,-0.08115198,-0.014300444,-0.07251023,-0.048356324,-0.057819836,0.033281498,-0.008505256,-0.07318107,-0.12023192,-0.061269116,0.10787088,0.033334114,-0.010819505,-0.0011319628,0.03056859,0.0010152281,0.031890444,0.07542191,-0.09578633,0.12236339,0.011702965,0.026515115,0.056097645,-0.02048654,-0.014590556,0.045891065,0.12717703,0.1149655,0.0028614346,0.025347944,-0.028931899,-0.092248775,-0.02596987,-0.06796632,-0.08032811,0.044554897,-0.012240034,-0.008475602,-0.101655625,0.0053874236,0.08268444,0.064506516,0.007076168,-0.05208638,-0.014524767,-0.068789035,-0.10539387,-0.020386001,0.0419072,0.040719036,0.10766363,-0.11324294,0.073040925,0.09172048,-0.10393312,-0.004045897,-0.05084376,-0.016502347,0.13630718,0.009903924,-0.12616263,-0.10376764,0.07867805,0.018579036,0.05654718,-0.022414492,-0.07070146,0.0023101405,-0.050821036,0.0113124885,0.05546912,0.030645497,-0.049352095,-0.13396268,-0.014699094,0.06699983,0.1559028,0.025380332,-0.027407164,-0.04521788,-0.024690244,0.13659713,-0.0153178,-0.13189386,-0.07541597,-0.032583922,0.013578335,0.10258601,-0.06089064,0.00495375,-0.03744343,-0.07369425,0.043221526,0.040051837,-0.030922627,-0.07776371,0.022035694
TCGA-BH-A1EW-01A,-0.025843062,-0.04404656,0.062368985,0.012441091,0.0038830682,-0.019696714,0.05647827,0.05756435,-0.027278498,-0.02784613,-0.038607508,-0.085938886,-0.085961826,0.07896939,0.057910796,0.017783286,-0.024629522,-0.027071264,0.08739702,-0.0963571,-0.061567195,-0.08752832,-0.14485428,0.11904507,0.021686941,-0.028632099,-0.12572682,-0.0288041,0.029962692,-0.14354084,-0.07242574,-0.02195752,-0.090841115,-0.10901125,-0.07701251,-0.07023083,0.009325223,-0.04963599,-0.023124639,-0.081551075,-0.06852393,0.096485846,0.17606927,-0.07509709,-0.06615602,0.01300056,0.06241912,-0.011182083,0.02184704,0.121243514,0.046593554,0.028126538,-0.039531674,0.09096376,-0.022964822,0.0026987372,0.018451259,0.046258077,-0.037797626,0.028510598,0.06036474,0.010598186,-0.029815065,0.098354444,-0.0660617,-0.05872437,0.17313936,-0.004232954,-0.051215053,0.03912234,-0.097819135,0.027804013,-0.010495614,-0.13586247,0.11418611,-0.091521226,-0.0003060098,0.0868716,0.103656754,0.036221,0.03188876,-0.05369824,-0.007598799,0.084527016,-0.041579198,-0.049028996,-0.07631124,-0.03174579,0.11977912,0.012855664,0.082366124,-0.095101506,0.062674336,-0.0011791572,0.1447513,0.009883371,-0.01786838,-0.030826675,0.052033942,-0.07987002,-0.088039026,0.10132484,-0.015165832,-0.08235721,-0.03677305,0.042627633,-0.008528136,-0.18709785,-0.045365576,0.0004190325,-0.06320049,-0.14163212,-0.065540634,0.11081729,0.11165074,-0.0272061,-0.10618036,-0.052436747,-0.12517798,-0.0055394056,0.12533616,-0.12587965,0.01827799,0.032816086,-0.03157537,0.015789522,-0.09862775,0.047873866,0.00025901129,0.09250102,0.09013522,-0.022312483,-0.06256702,0.0023391861,-0.12806945,-0.11301128,-0.042463038,-0.07910706,0.0073344414,0.088982634,0.059681237,-0.04350423,-0.08352641,0.09763211,0.0021907315,0.012999007,-0.06852644,0.06576987,0.012343897,-0.03663742,0.018412713,0.06671719,0.08479392,0.08827304,0.022154355,-0.01766181,0.05565731,-0.043285485,-0.18080099,-0.066489235,-0.03811298,-0.06518281,0.10559101,-0.071295455,0.08244548,0.04355183,0.04969342,0.018391965,0.0130506605,0.023426535,-0.037801847,-0.039729904,0.07398325,0.040828355,-0.016247481,-0.061949726,-0.056043424,0.066109456,0.114125445,0.102067225,-0.056435257,0.004273097,-0.047207076,0.057437427,0.055698294,-0.08731077,-0.067876644,-0.08031806,-0.0012945755,0.061351586,0.09083222,-0.01809111,-0.07566511,0.017780734,0.031018725,-0.10746038,0.04814672,-0.009143193,-0.0028524757,0.04090588
TCGA-AO-A124-01A,0.012732863,-0.058331568,0.17567275,0.110172525,0.004959277,0.10259979,-0.047747426,-0.024427375,-0.014764453,0.08492524,-0.025231818,0.033151176,0.008957507,0.096555576,0.050880484,-0.0111037465,0.042063676,0.035055637,0.050421678,-0.03522552,0.066341855,0.01783304,-0.116051786,0.05527326,0.056020044,0.017162092,-0.18319462,-0.08654038,-0.007965651,-0.03729987,-0.0051500434,-0.022088025,-0.022221733,-0.05035469,-0.104245774,-0.06480124,-0.08769524,-0.014435558,-0.01989054,-0.06103095,0.06082685,0.089722015,0.08354702,-0.09053109,-0.06499043,-0.01013215,0.029934784,0.092931196,0.037150938,0.07041471,0.06515894,-0.012702389,0.061703555,0.13674393,0.0010009017,-0.010748525,0.0885839,0.013909844,-0.04089796,-0.035980362,0.066311084,0.006378944,-0.0070236735,0.077194326,-0.006582891,-0.051336475,0.12568521,0.047097236,-0.15676299,0.041703857,-0.052078612,-0.07577204,-0.067034595,-0.17501695,0.15620661,0.026151748,-0.028582038,0.017923316,0.08751764,0.040644266,0.013321715,-0.04808662,-0.031187633,0.027959919,-0.04704889,-0.049893852,0.024434036,0.10846112,0.08549503,-0.054125413,0.10203746,-0.04383147,0.011807444,0.1609475,0.057647448,-0.048990842,-0.055948813,-0.06321359,0.038527276,-0.09946888,0.04486568,0.066293575,0.003889127,-0.115405366,-0.019309238,0.07368604,-0.04350649,-0.101266384,0.031720407,0.04124717,-0.0578211,-0.109251186,-0.10538647,0.13148643,0.10281987,-0.058307298,-0.026228268,-0.10016256,-0.10511083,0.046310615,0.08648777,-0.11771801,0.097783566,-0.0003078138,0.04991266,0.03630083,-0.11290719,0.04854235,-0.028123777,0.076294266,0.07011772,-0.08665809,-0.080101155,-0.0517067,-0.19469999,0.012963417,-0.060152903,-0.056000855,-0.008719205,-0.0032130098,-0.056022428,-0.11578749,-0.08344618,0.06826614,-0.011429318,-0.042887893,-0.030863719,-0.076388955,0.052113563,0.019290254,0.07308214,-0.024661236,0.03455939,0.027083835,-0.023644999,-0.032052696,0.050996672,-0.075618565,-0.029831972,0.03357574,-0.028601767,-0.09283895,0.058407556,-0.089741535,-0.00019692244,0.07003658,0.040638633,0.042898268,-0.029546814,-0.048316795,0.08320278,-0.035284325,0.015563068,0.011929428,-0.02723811,0.03635864,-0.07243765,0.078830585,0.024999691,0.1366632,-0.03709781,-0.011272874,-0.012554152,0.08405167,0.033893496,-0.12533936,0.0023098644,-0.11892554,-0.03863114,0.010359678,0.119705655,-0.12757877,-0.080822706,0.16053368,0.09810228,0.05015043,0.04161133,0.00063745526,-0.036304977,-0.017686192
TCGA-B6-A0RS-01A,-0.08877012,-0.013990017,0.16155823,0.047769003,-0.0625816,0.015275426,-0.018628906,-0.008589755,0.008806085,-0.022328539,0.035940465,-0.0005677929,0.012914551,0.09912812,0.0683066,0.041269895,0.11108124,0.12207478,-0.07247039,-0.013938941,0.03146164,-0.062478203,-0.09809918,-0.008444281,-0.08273824,0.02054765,-0.13796747,0.011525557,0.056744322,-0.11020006,0.016015071,-0.06597251,-0.03422876,-0.20313035,-0.17207158,-0.09670589,0.012371629,0.0153859565,-0.042919382,0.033463705,0.13525987,0.12558603,0.03193977,-0.09355264,-0.08943305,-0.07461441,0.031825818,-0.024129953,0.053815324,0.13209917,0.043336652,0.005390491,0.012393321,0.021343881,-0.036891967,-0.06760309,0.061571643,0.002418393,-0.08528882,0.0010953173,0.08711241,0.0056140684,-0.12756291,0.11987751,-0.011029354,0.016069695,0.050116174,-0.017140307,-0.08109168,0.013434911,-0.10388606,-0.029100722,-0.037824586,-0.1361426,0.11774414,0.097824365,-0.08113859,0.034075636,0.10574018,0.019270595,0.01899289,-0.04740645,-0.02791931,0.0088069895,0.009354095,-0.120729364,-0.08657887,0.0736651,0.0848572,0.034068137,0.073745854,-0.039771896,0.06581876,0.025385115,0.00992357,-0.0380303,-0.042849973,-0.0041341893,0.021647764,-0.11729166,-0.05810699,0.05845608,-0.05109497,-0.0951955,-0.1379982,0.026936986,-0.02486094,-0.13784648,0.12682863,0.008836874,-0.051091712,-0.14179777,-0.067975186,0.06811318,0.12575589,-0.0044852234,0.07925155,-0.008797753,-0.14186324,-0.013378405,0.061496817,-0.054299284,-0.010935024,0.017905021,0.01473746,0.03614704,-0.06693751,0.13767757,0.04866551,0.12576403,0.094083115,-0.07853826,-0.088722795,-0.021083318,-0.12998153,0.040116437,-0.061615456,0.023569338,-0.07107406,0.044030443,-0.113648504,-0.051690318,-0.04705342,0.024139246,0.0403175,-0.03002238,-0.10729482,-0.063497014,-0.07287097,0.07355317,-0.034748327,0.07598112,0.05974362,0.06878185,0.006156402,0.06616075,0.02058227,-0.0074744113,-0.1081723,-0.0516221,0.016771676,-0.038967792,0.050381895,-0.15049323,-0.057029318,0.047048055,0.06991723,-0.046474967,-0.095464036,0.0024525828,0.05251681,-0.06035343,0.04834975,0.038909603,0.09779744,0.0742655,0.060575947,0.019212948,0.033052955,0.043749016,-0.051253825,-0.042553354,-0.015809366,0.025298351,0.087176375,0.02261996,-0.075296596,-0.08313553,-0.064933345,0.014260986,0.007866021,-0.0675725,-0.018635992,-0.017190598,0.03891743,-0.016958572,0.041843113,0.10251567,-0.08115074,-0.028433288
TCGA-C8-A1HG-01A,-0.014111068,-0.035817813,0.119764626,0.14311846,0.007998814,0.051039007,0.059352808,0.10760766,-0.08553627,0.034253486,0.0023952455,0.054922447,-0.03499541,0.07655828,0.06126428,-0.018968742,0.0068159364,0.027720172,-0.045381963,-0.11113619,-0.027199747,-0.03561867,-0.101856075,0.052684423,-0.043829437,-0.086147174,-0.08209944,-0.051975325,0.016435603,-0.08144451,0.021339677,-0.008929628,-0.11352557,-0.094803564,-0.13124967,-0.10878153,-0.024715016,0.06139106,-0.050533794,-0.04311004,-0.007725386,0.034159996,0.12628795,-0.12820613,-0.11203688,-0.049436,0.011662222,-0.02763289,0.019243933,0.121000156,0.054824814,-0.008346555,0.049022324,0.072897926,-0.031253926,-0.010528608,0.022389624,0.018418575,-0.111710474,0.009892254,-0.007082051,0.03217588,-0.07285228,-0.0119444365,-0.029957533,-0.07058277,0.028687807,0.027001673,0.006544529,0.011294181,-0.107316226,0.057191886,-0.02925593,-0.12249735,0.033786904,-0.028194597,-0.011610216,0.06537268,0.043042034,0.008471753,-0.068752415,-0.03086516,0.017559731,0.0456278,-0.035221763,-0.026526107,-0.016539052,0.16435388,0.11776581,-0.008675581,0.018871443,-0.024830231,-0.021961741,0.036088716,0.13154072,-0.021624418,-0.038830593,0.09177883,0.11102277,0.016865611,-0.03859493,-0.0030034345,0.047396682,-0.07860527,0.030057281,-0.13312796,-0.05965465,-0.10719963,0.032028228,-0.060432274,-0.057143558,0.009308506,0.02813897,0.114417076,0.14176947,-0.06250386,-0.0053632986,0.023977237,0.106514186,0.02489095,0.12552191,-0.1191576,-0.042843133,0.053033166,0.11783957,-0.11172635,-0.07189867,0.14811149,0.008057642,0.17605108,0.019364035,-0.07919393,0.038167026,-0.060893867,-0.22947486,0.014463966,0.03738695,-0.0555223,-0.07201775,0.00010018874,-0.06416986,-0.14289975,0.022590289,0.012039339,-0.0051077767,0.025540706,-0.067720056,-0.0467091,-0.015137555,-0.027189646,-0.05942608,0.07410879,0.066114716,0.04845306,0.075867966,0.06815058,0.109612815,-0.103366345,-0.05744781,0.05934153,-0.0077529117,-0.046764135,0.09361442,-0.13304901,-0.07155644,0.013244541,0.10638706,0.02332038,-0.02893351,-0.03515362,0.015122729,-0.029416569,0.0111765405,-0.060633596,-0.012638153,-0.012958189,-0.086753,0.08910686,0.104060404,0.12239194,-0.0560819,0.013219045,-0.06637848,0.08814416,-0.007419575,0.036464754,-0.052750364,0.0062590893,0.00080676517,0.093311265,0.047045197,-0.13125575,-0.062406626,0.073377594,-0.06832983,-0.105579644,0.051054806,0.08211116,-0.02401157,-0.086796306
TCGA-AC-A2FG-01A,-0.0072861775,-0.061691113,0.13857237,0.025943259,-0.046770677,-0.05286238,-0.016378008,-0.040144295,-0.047581267,0.06073881,-0.024057513,0.05695014,-0.07387206,0.13783503,0.072985806,-0.04457865,0.04168916,0.110966876,0.01364244,-0.05636661,0.006096988,-0.067552924,0.009288039,0.06711262,0.056154605,-0.00045489057,-0.1297768,0.01250705,0.018021185,-0.0150009375,0.004468366,-0.02419603,-0.07908205,-0.13552554,-0.10263548,-0.120308354,-0.03221771,-0.006493981,0.0065388833,-0.02061577,-0.02117223,0.10658789,0.14834754,-0.13632083,-0.060255356,0.070966825,0.010246583,0.042191505,-0.048296507,-0.004338625,0.116387084,0.028309,0.08840985,0.13864034,-0.09365924,0.0012221286,0.09377482,-0.032309357,0.008239646,0.018454986,0.10163882,-0.06504969,-0.11182872,0.10174699,-0.011308341,-0.051711682,0.10366612,-0.015137286,-0.06742465,0.060581658,-0.20060052,0.08428467,-0.0142283,-0.15324548,0.17268978,0.102572866,-0.049662113,0.024382943,0.06314212,0.0013795582,0.028699333,-0.07229505,-0.028698329,0.019407539,0.17048664,-0.059131466,-0.026830204,0.03960872,0.10179231,-0.0824173,-0.01840425,-0.037324823,0.002388611,0.026017128,0.03969345,-0.014346658,0.011965568,-0.0039647594,0.09765526,-0.03451433,-0.044297505,-0.00077508704,0.021535289,-0.06134696,-0.04966073,-0.024025926,-0.12267389,-0.07296136,0.068024985,-0.013984431,0.02279853,-0.1130101,-0.031723183,-0.0063721333,0.10531262,-0.046060245,-0.02973347,-0.08169403,0.0060090707,-0.038583342,0.11284665,-0.17092076,0.10354493,0.04945339,-0.005152455,-0.030224849,-0.0518823,0.124649145,-0.037314463,0.107714914,0.10591415,-0.042830124,-0.049736537,-0.04670985,-0.14803058,0.01129738,-0.08906766,0.02173788,-0.05412907,-0.06803217,0.016190384,-0.14556721,-0.066345744,0.029495731,0.04381323,-0.0054228753,-0.0632782,-0.13112244,-0.074490495,-0.013099368,-0.038538147,0.020116912,-0.040281523,0.017552765,0.012194134,0.008733089,0.06263686,-0.12331626,0.008145267,0.042358343,-0.052086305,-0.120906256,0.03202315,0.045242533,0.036580905,-0.048892055,0.05990339,-0.030980973,0.0050698887,-0.033060007,-0.026366202,-0.08956725,0.044632062,-0.03600511,0.032810915,0.044302106,-0.041093197,0.060699563,0.09752437,0.09462896,0.034290336,-0.10231743,0.092797264,0.070545495,0.0626209,-0.0022564973,-0.064979695,-0.038175765,-0.09803287,0.0842067,0.06393029,0.008652467,-0.006060814,-0.010420801,-0.047634903,0.10262499,0.052081518,0.098929375,-0.041798957,-0.06801919
TCGA-HN-A2OB-01A,-0.007523169,-0.06461825,0.034234118,-0.061398115,-0.010235334,-0.046089336,0.090165794,0.017671084,-0.061440494,0.03351301,0.022727082,-0.03601494,0.0072749224,0.10133926,0.10632659,-0.10256019,0.009103581,0.12525612,-0.018591115,-0.08584163,0.02327766,-0.033815846,-0.052266594,0.087302454,0.15703481,-0.036644347,-0.115289114,-0.040899042,-0.028538099,-0.040695954,-0.10355326,-0.013131553,-0.12357355,-0.066815734,-0.033646572,-0.046276525,-0.063343726,-0.093839906,-0.12325683,0.061444946,-0.022741877,0.0041658767,0.18923332,-0.06284248,-0.050598685,-0.021642806,-0.013945146,0.019828387,0.0703242,0.039909247,0.096339814,0.08288402,0.021475144,0.09275975,-0.008982249,0.0023254456,0.13161503,-0.0003095108,-0.030939873,0.041212767,-0.044553354,-0.030047445,-0.06399843,0.04550064,-0.02754318,0.011754127,0.05430569,-0.0053503555,-0.08802996,-0.05034238,-0.10242771,0.014698108,0.022932038,-0.16061826,0.08416793,-0.09312354,0.036603358,0.0008006612,0.13234219,-0.10628065,-0.013406417,-0.17683518,-0.061382663,0.092519596,-0.013225871,-0.082830094,-0.08253125,0.07062015,0.077387035,0.01133306,0.057598177,-0.07547145,0.07719194,-0.06266943,0.071495384,0.007178319,-0.053867597,-0.14129347,0.10083455,0.015350152,-0.04970548,0.11040049,0.072953336,-0.009141236,-0.023371976,0.0007790586,-0.018660815,-0.029555988,-0.06785067,-0.01830113,0.011351623,-0.1742533,-0.08615734,0.09654763,0.063379526,0.030040152,-0.04134805,-0.05440034,-0.035638094,-0.051093325,0.11307545,-0.04942125,0.072170004,0.039938804,-0.0017838354,0.0311124,-0.008424879,0.07236657,-0.01763935,0.12712802,0.1302926,-0.094913594,-0.047247503,-0.010981061,-0.15036301,-0.0147135835,-0.060821477,0.0021662675,-0.03800704,0.03167492,-0.014159138,-0.08951018,-0.100644775,0.059476238,0.030131225,0.01569515,-0.13490845,0.016189167,-0.020025162,-0.027523406,0.041480627,0.03622121,-0.05271716,0.14618881,-0.031218253,-0.013761354,0.079620905,-0.04258801,-0.06094088,0.026555521,0.024132948,0.0031730828,0.06430104,-0.103908174,0.001593523,-0.03913797,0.081430286,0.0007128553,0.005067306,-0.06865098,0.05560502,-0.08461379,0.059908528,0.010042683,0.0087950025,-0.042935196,-0.08559774,0.0044152844,0.057670586,0.17560428,0.038349614,-0.06859597,-0.028601574,0.062147245,0.10469171,-0.043594968,-0.056687266,-0.12120733,-0.011780688,-0.0026292996,0.121910475,-0.012159705,-0.15854459,-0.015875107,-0.0015073892,0.024737593,0.062662266,0.09111527,-0.11390691,0.04206392
TCGA-PL-A8LY-01A,-0.007018376,-0.039833024,0.03211002,0.06502303,0.0391938,0.03316104,-0.025620801,-0.0035835854,-0.06398935,0.0059962445,-0.014661598,0.024540527,0.013895169,0.12315294,0.13734426,0.015031731,0.00028517592,0.12136084,-0.038898405,-0.14517537,-0.091470085,-0.087272994,-0.06129995,0.13077322,0.05172426,0.020735772,-0.021942642,-0.09657678,0.02477024,-0.06315975,-0.15199402,-0.010011674,0.0028761588,-0.1403497,-0.03628364,-0.0785739,-0.014682,-0.06021962,-0.026398763,-0.0718739,0.013440843,0.0635929,0.1912023,-0.06062514,0.0072948947,-0.009655377,0.08041476,0.043996133,-0.008464151,0.11214721,0.050064433,0.12381501,0.013961238,0.04546495,0.073390566,0.009164391,0.0515191,-0.0428002,0.0038913412,-0.020331526,0.035313442,-0.022121016,-0.052700896,0.13453546,0.0072516548,-0.039738428,0.094092645,0.029514188,-0.028528431,0.048543718,-0.1380924,0.013605691,0.036836773,-0.14769393,0.11611418,0.0055097304,0.041774493,-0.0065731383,0.12612462,0.006986951,0.079170845,-0.07942872,-0.023465386,-0.029978013,-0.0029776085,-0.15050974,-0.040300287,0.03763414,0.103927985,-0.06308942,0.017498031,-0.101552695,0.107594624,0.014938503,0.10321021,-0.04181074,-0.046015114,0.009309366,0.06779193,-0.06417658,-0.106424354,0.14643514,0.0892914,-0.039762408,-0.0682579,0.05332625,-0.053051267,-0.079199664,0.018545149,-0.054501425,-0.0324941,-0.08740142,-0.08636171,0.083057836,0.087394156,-0.07388322,0.022553284,0.03645603,-0.074953996,-0.11356415,0.08614662,-0.13940476,0.0125749735,0.060219128,0.029257227,0.010231893,-0.12503898,0.057093084,0.039655257,0.14931694,0.14727464,-0.031405054,-0.014353489,-0.10955878,-0.13666072,0.070134364,-0.042434994,0.039259158,-0.070345305,0.05218166,0.09337415,-0.138239,-0.0055594686,0.030800082,0.0819062,0.014503186,-0.12383837,0.012163116,-0.007800253,-0.028857546,-0.03378782,0.03421712,-0.059759,0.037629664,-0.028037608,0.067227334,0.03063219,-0.059617702,-0.05768971,0.04919214,-0.031306267,-0.016968958,0.15796301,-0.16237736,-0.0063122055,0.012646308,0.09480808,0.012644046,0.029389074,-0.06312532,-0.0009714395,-0.019819582,0.10112547,-0.0021055879,0.03708667,0.08002605,-0.0555449,0.06781991,0.08672998,0.06607702,-0.03321443,-0.0495893,-0.03691878,0.025646232,0.027845481,-0.07983185,-0.055493765,-0.03703654,-0.13681687,-0.009404668,0.04753822,-0.025306433,-0.043194104,-0.022808237,-0.036533803,-0.0098480545,0.03956919,-0.030510325,0.009437268,-0.06183332
TCGA-EW-A1PE-01A,0.04618297,-0.08349208,0.075759344,0.02792131,0.008801201,0.11272319,0.033378683,-0.024335066,-0.13485461,-0.059665486,0.034191012,0.02378795,-0.049699247,0.061538145,0.026148278,0.05466283,0.05690382,0.04696855,-0.029915709,-0.072551295,-0.14549625,-0.11068069,-0.009488953,0.050109383,-0.058853447,-0.06070453,-0.18231912,-0.027850147,0.009995172,-0.078541696,-0.116439514,0.07961486,-0.08465979,-0.08393866,0.007624399,-0.08645153,-0.061745822,-0.03443163,-0.19720002,0.010055862,-0.0409404,0.063024946,0.10765785,-0.07976782,0.08358711,-0.051944297,-0.0153332455,0.009849251,0.055225246,0.12818596,0.07428474,0.044829883,0.046694178,0.053920966,-0.05201238,0.019637873,0.08299065,0.067288436,-0.014520028,0.014252589,-0.0045371247,-0.035003107,-0.033821963,0.00706137,-0.021776674,-0.1206189,0.18227395,-0.020491164,-0.093077354,0.031035593,-0.06963289,0.01634023,-0.07148962,-0.06697809,0.05759884,0.043285623,0.05093482,0.029518194,0.17030981,-0.10122063,0.025267456,0.019253775,-0.07077626,0.03359897,0.026702402,-0.021639168,-0.014259532,0.11005561,0.113912605,-0.08939199,-0.0010514343,-0.037655465,0.057883915,-0.006735025,0.13727406,-0.07114344,0.012626116,-0.030435603,0.0066876872,0.013327322,0.017597595,0.011169618,0.048003264,-0.14661077,0.0057707736,-0.006721584,-0.0971493,-0.053811114,0.014453125,-0.04647819,-0.0051752636,0.0014379383,-0.14106463,0.08619468,0.08785056,0.036546774,-0.05555507,-0.07217424,-0.04991216,0.008653308,0.059015572,-0.1287649,0.098529994,0.084088564,0.045952134,-0.020830015,-0.064860314,7.934851e-05,-0.06023429,0.019350061,0.0068059918,-0.038334206,-0.039521858,0.07645129,-0.056443095,-0.0083680535,-0.11518822,0.02802955,-0.058950577,0.03617664,-0.028942978,-0.14261259,0.022872694,0.09000759,-0.005863415,-0.09393551,-0.09230027,0.029547771,-0.05917013,-0.0608795,-0.05750691,0.043442927,0.065379776,0.00914153,-0.03322204,0.085759126,0.03599183,-0.059177432,-0.09000263,-0.09270688,0.03843799,0.00306535,0.042901684,-0.2125752,-0.053321455,0.11414594,0.16283816,0.020611646,-0.046603072,-0.041632455,-0.022686701,-0.10598165,0.024675112,0.004887796,-0.029606007,-0.16409737,0.014930226,0.07134891,0.02010099,0.10213111,-0.0009291759,-0.03488339,-0.00995788,0.06316833,-0.024100022,-0.002662275,-0.110921614,-0.031182783,-0.07040032,-0.004215109,0.050008167,-0.009255818,-0.09405465,-0.011034237,0.038022645,0.0090174265,0.01379374,0.17027536,0.03174078,0.03893145
TCGA-D8-A1JL-01A,0.00756795,0.027479375,0.17069994,0.075093396,-0.0003503974,0.11797536,-0.0044939006,0.0024809286,-0.04821812,-0.065967254,-0.037932005,-0.00705333,-0.0072366935,0.024851928,0.031705666,-0.06501993,-7.552991e-05,-0.009273747,0.042494964,-0.117539786,-0.041760888,-0.10362598,-0.016442347,0.042084932,0.008860979,-0.06380222,-0.13221574,-0.02924823,0.059995573,-0.048243668,-0.03537295,0.045279946,-0.09978515,-0.14313044,-0.0915336,-0.09642084,-0.05118432,-0.025978135,-0.037545472,0.00760351,0.055887304,0.08490673,0.1274962,-0.080294125,0.05592547,-0.005571818,0.042947717,0.08743927,0.073812336,0.10582366,0.048269704,0.04020229,0.011063707,0.08953047,0.009081889,0.012233317,0.07144413,-0.04557524,-0.074941605,0.046445716,0.017429737,0.024113014,0.037462357,0.18470204,-0.07675693,-0.031797905,0.11806255,0.00830668,-0.039540414,0.053771246,-0.1340675,0.029016512,-0.050813176,-0.1826564,0.09074696,0.04517885,-0.0017373818,0.13177164,0.065864086,-0.066437416,-0.036865987,0.0759466,0.010068893,0.004983477,-0.09895097,-0.1108778,0.015509013,0.10081671,0.19850563,-0.14143379,-0.03699432,-0.13512568,0.03999946,0.08474236,0.027816018,-0.015388828,-0.006469735,0.0025877508,-0.039179202,-0.005538829,-0.021590887,0.023797398,-0.117399804,-0.03738917,-0.06828328,-0.01872629,-0.1458138,-0.078040004,-0.0048696045,-0.07950222,-0.0051541803,-0.09306499,-0.07473696,0.017236017,0.12908241,-0.023021918,-0.018759273,-0.045936227,-0.052010447,-0.07375502,0.1242403,-0.14794087,0.098605864,0.09317071,0.041117642,0.012703011,-0.052274402,-0.010209028,-0.009134337,0.11398812,0.066412665,-0.06653945,-0.014194275,0.006943303,-0.1681471,-0.0048097097,-0.057032786,-0.021127073,-0.10743828,0.016004926,-0.040719297,-0.066559754,0.054534454,-0.009440361,0.062923,0.032933142,-0.11444547,0.0065626544,0.007896555,-0.04666425,-0.03845661,-0.016176594,-0.019298537,0.107952066,-0.15233546,0.030890824,0.06146546,-0.051534712,-0.10933561,-0.016506782,-0.01865567,-0.017110128,0.039660264,-0.062169928,-0.08742101,-0.010731442,0.06689668,0.033510413,-0.060107343,-0.08519992,-0.055061225,0.03185239,0.047848783,0.05804809,0.11774068,0.027209796,-0.14900823,0.06211083,0.0680596,0.026386453,-0.03116588,0.033265118,-0.053549185,0.1229721,-0.042717546,-0.018328471,-0.07233804,-0.07052027,-0.03330292,0.023479823,-0.005454786,-0.06961649,-0.081449404,-0.020424377,-0.0072803833,0.005181291,0.06255855,-0.013778284,-0.05308629,-0.0011967921
TCGA-A7-A5ZX-01A,-0.07790741,-0.054621622,0.07243645,0.11538557,-0.011373302,0.07362579,-0.010363246,0.049291138,-0.021025823,-0.023898873,-0.03001402,0.012734542,-0.057706892,0.1616157,0.11538342,0.0016440843,0.044582725,0.030841587,-0.0015910785,-0.06936209,-0.016357915,-0.1238041,0.004559431,0.021331988,0.012588894,-0.031399168,-0.072330974,0.034883473,0.03452012,-0.17953286,-0.12971525,0.0457329,-0.044344008,-0.09925665,-0.051778782,-0.07786145,-0.07361461,-0.044569697,0.03295345,-0.04402143,-0.048842262,-0.0151516525,0.058910344,-0.05955367,0.011004652,0.019943662,0.07757668,-0.0377774,0.007255624,0.07469774,0.037762992,0.045883525,0.023576353,0.031636436,-0.075834416,0.06587554,0.115843356,-0.025868526,0.00060509844,0.06351791,-0.005810039,-0.0034083799,-0.071982965,0.11038956,-0.051529076,-0.052712314,0.17689745,-0.03575611,-0.056058094,0.03378627,-0.18393137,0.028567469,-0.025101863,-0.20054401,0.08212463,-0.037240922,-0.029483926,0.043086845,0.034953523,-0.105515376,0.117569216,0.027717058,0.05283482,0.011985554,-0.030677909,0.011466099,-0.0521866,0.08333094,0.12640637,-0.06787353,0.04254466,-0.049918246,0.04519967,0.08591756,0.026821274,-0.13319528,-0.11913027,0.027415939,0.051206768,-0.045021012,0.03669886,0.063590735,0.084802575,-0.0261939,-0.12178318,-0.014813983,-0.051912062,-0.11522513,0.044177145,-0.021568997,-0.0032884455,-0.061620522,-0.10318406,0.1755681,0.088934325,-0.032657582,-0.009801216,-0.047764663,0.031004393,-0.069770135,0.20633104,-0.06743014,-0.014154835,-0.038651433,-0.05251084,0.07066342,-0.093837395,0.09851937,0.009429626,0.0051852153,0.10399993,0.023621388,0.06283565,-0.10976271,-0.09370678,-0.0088283885,-0.009496752,-0.0406309,0.019508334,-0.06325243,0.005746975,-0.20937966,-0.037250653,0.038867235,0.06322665,-0.038063444,-0.04103163,-0.14199352,-0.047829412,-0.032551553,0.04192326,0.012603396,0.010573618,-0.0038086763,-0.083701,0.030243522,0.029074946,-0.019536546,-0.033137932,-0.06700247,0.023034072,0.02586023,0.0036200406,-0.07535414,-0.032080818,0.05291702,0.10593507,-0.03193544,-0.005869067,-0.08495362,0.046422668,-0.07838258,-0.03272529,-0.051755004,0.029850626,-0.068658076,-0.067767024,0.004120419,0.11952136,0.16109513,-0.0472897,-0.027839627,-0.06917334,0.10758489,0.07497153,-0.025536075,-0.074321374,-0.093719535,0.023229029,0.07828773,0.058231704,-0.0017731378,0.0039096894,0.034764584,0.0009630387,0.06706915,0.0068107587,0.12049539,0.014853451,0.070715636
TCGA-A1-A0SF-01A,-0.042928476,-0.019951226,0.11054595,0.090389624,0.008224681,0.062201757,0.037706427,0.050786883,-0.040697332,0.07072715,-0.012393879,0.017694745,0.0381927,0.15982966,0.025966251,-0.07238105,0.004195621,0.081430145,-0.011153518,-0.13351691,-0.024839278,-0.036730397,-0.037469395,0.10497498,-0.08337164,-0.032107446,-0.10729471,-0.086116694,0.0029672736,-0.021198686,-0.00749866,0.03604842,-0.037670314,-0.10609991,-0.087296434,-0.052760087,-0.016465453,-0.005179311,-0.19865336,-0.04690319,0.0747349,0.10441905,0.15254897,-0.085650705,0.05052264,0.06398471,0.033634983,0.07644327,0.075013645,0.07288454,0.09710507,0.11156128,0.029370643,0.075602576,0.049334284,0.028838689,-0.0072155907,-0.052190695,-0.089505196,-0.06869621,0.061060756,0.07616947,-0.017099299,0.093510754,-0.06684657,0.0118400855,0.13762581,0.0023251,-0.039367065,0.0395703,-0.027911514,0.019013628,0.045829087,-0.13963588,0.15723671,-0.055192403,-0.010033469,-0.009302422,0.107451834,-0.062150113,-0.04337469,-0.077637166,-0.050599415,-0.008741632,0.0027989282,-0.14769705,0.027521387,0.12451397,0.19884256,-0.08848172,-0.020217104,0.002268414,0.07059993,0.06272264,0.06804808,-0.046744037,-0.05889659,-0.03443826,0.049273755,-0.040619034,-0.05139302,0.108570516,0.017198598,-0.10832957,-0.061477724,-0.008543894,-0.033359256,-0.16201508,0.047531284,0.053898804,-0.027648566,-0.083610855,-0.13611437,0.09120471,0.16157453,-0.07419519,0.024627503,-0.05391641,-0.067419,0.019378047,-0.011287011,-0.12617406,0.09278878,-0.048546486,0.021633673,0.013978796,-0.16318807,-0.03183356,-0.03394007,0.07767931,0.09804187,-0.12687993,-0.043438155,-0.11671089,-0.12637766,0.04646985,-0.08271324,-0.014646829,-0.048265874,0.042275183,-0.052023392,-0.0887967,0.04983879,0.046595782,0.027689308,0.000770895,-0.0915937,-0.02972346,0.026579889,0.004499187,0.025669115,0.073791064,0.024146741,-0.0014395693,-0.039614804,0.0072418037,-0.0068615368,-0.05811764,-0.10217365,-0.0015448543,0.08026023,-0.022176301,0.03822153,-0.045604013,-0.018605852,0.052395854,0.10340293,0.061748035,-0.050606254,-0.06021998,0.022804791,-0.019553825,0.068590514,0.04938227,0.03155098,0.0025534504,-0.062454693,0.040078346,0.1264032,0.014581504,-0.08063469,0.008267799,-0.056878053,0.039971206,-0.0140244085,-0.10560583,-0.08183364,-0.04152804,0.033991437,-0.03391405,0.02779801,-0.097805746,-0.04614897,-0.025443293,-0.0047067017,-0.046640147,0.08524061,0.06727627,-0.017195959,-0.030724803
TCGA-D8-A1XY-01A,0.036633775,0.0025735535,0.07885078,0.049626734,0.016680831,-0.0011545288,-0.05964295,-0.016030772,-0.14924955,-0.032048408,-0.05716469,-0.015890917,0.04586489,0.10695622,-0.048964832,0.0071917004,0.014950486,0.13582256,0.04001574,-0.086016975,-0.026282707,-0.015491509,-0.14007957,0.03319001,0.0478069,-0.015971007,-0.15242408,-0.014263943,0.031496946,-0.034157418,-0.06897007,0.027795682,-0.026720807,-0.2027791,-0.0903377,-0.091611296,-0.047037628,-0.00029491427,-0.062068515,-0.029388223,0.052890338,0.07802046,0.17688072,0.011874032,-0.02135129,0.03263567,0.10038662,-0.073226966,0.010248477,0.10713321,0.012987912,0.070612885,0.115711614,0.028206943,-0.095019214,0.012900312,0.02125559,-0.00075960666,-0.067847244,-0.021634122,0.022862492,-0.035991292,-0.037861813,0.073628224,0.007828674,-0.08361937,0.19877873,-0.0027748176,-0.050030254,0.028336082,-0.11548303,0.11969152,0.028266322,-0.18361561,0.0760276,0.0037204584,-0.02019429,-0.009720895,0.06620928,0.009383387,0.04956013,-0.058513004,-0.03273862,0.054375682,-0.067114815,-0.016377036,-0.043846402,0.06978455,-0.0068858787,0.08804932,0.08647613,-0.10854658,0.115589105,0.07021233,0.13847382,-0.0049707126,-0.08472,-0.013012287,0.04807546,-0.077904284,-0.013709909,0.16107203,-0.014876086,-0.07970402,-0.07961395,-0.0074779154,-0.062937014,-0.0064780437,0.037749164,0.005684675,-0.05626696,-0.11983763,-0.1313271,0.073493645,0.01227839,0.04969722,0.048267562,-0.07613742,-0.07845414,-0.070165105,0.092507884,-0.057631616,0.028185835,0.00777791,-0.026495904,-0.032629672,-0.0912992,-0.0069818567,0.03629011,0.11851124,0.094624266,-0.07886978,-0.025762217,-0.0714521,-0.085309125,-0.040467445,-0.0016666681,-0.1138909,-0.06953269,0.031889137,-0.01361393,-0.050199464,0.008148189,-0.04832173,0.02854168,-0.012963355,-0.080426954,-0.046085723,-0.14398135,-0.07097178,-0.047741402,-0.0033474173,0.04470313,0.048619688,-0.03429999,0.10965083,-0.022395575,-0.1119428,-0.031284884,-0.08031884,-0.0068496745,-0.042950746,0.06266942,-0.12024662,-0.020093778,-0.031254172,0.05277773,0.1038212,-0.11425511,-0.011215591,0.001929549,-0.03965321,-0.012272755,0.048721902,0.036438737,-0.14502975,-0.033786394,0.09424684,0.09410922,0.08955176,0.032719865,-0.020414842,0.047978792,0.01564433,0.00041419148,-0.0021642349,-0.148011,0.011275066,-0.009165186,0.009356204,0.10632042,-0.04118009,-0.007147609,0.06723453,-0.015041705,0.090119235,0.050486576,0.14500211,-0.081061184,-0.016141873
TCGA-GM-A2DH-01A,0.057714794,-0.019867394,0.08748222,0.15377028,0.027977565,0.08193949,-0.009901514,0.07945723,-0.04556371,0.0035137108,-0.02573538,0.003020978,0.022384148,0.10971121,0.0968178,0.041626222,0.00529028,0.10241697,0.016260985,-0.07762021,-0.111715235,-0.06324885,-0.08484289,0.113460995,-0.095257565,-0.024829397,-0.14316444,-0.061499655,0.054333273,-0.0583266,-0.03746136,0.0306917,-0.12824683,-0.19474632,-0.07548469,-0.11532242,-0.10074231,-0.031080235,-0.04182083,-0.04181515,-0.0398264,0.14447178,0.022921907,-0.039853767,-0.024242323,-0.09056885,0.025069496,0.11127669,-0.07073394,0.09549068,0.0675388,0.050268814,0.020796329,0.056019664,-0.0667371,-0.019753074,0.05056884,0.03837688,0.02071258,0.095762335,0.02145884,-0.0436893,-0.08492933,0.059297178,0.057520017,-0.036416385,0.08092189,-0.05884809,-0.056176018,0.00014803157,-0.1412237,0.035179857,0.109154806,-0.21997193,0.079699464,0.051512696,-0.03458629,0.02975913,0.04567938,0.06925652,0.096295476,0.09179932,0.020982957,0.020426003,-0.112881325,-0.023670774,0.09766769,0.115149856,0.0012606669,0.028850753,0.01911936,-0.1238407,0.07319506,0.021742148,0.02348123,-0.033465236,-0.026673622,0.017370947,0.045951497,-0.14746277,0.06375517,-0.015740085,-0.0059279148,-0.069391094,0.013548139,0.01901358,-0.026073406,-0.041925255,-0.0034309388,0.011789306,-0.06031952,-0.07711231,-0.08989479,0.029904477,0.18695335,-0.021871991,0.008126396,-0.050117005,-0.13222271,-0.0043800734,0.09519289,-0.040269762,0.057492793,0.019404558,0.020613236,-0.047880422,-0.08182649,0.08705131,-0.010329517,0.05022807,-0.020045632,-0.074555136,-0.09931346,-0.07258841,-0.13367821,-0.020255242,-0.064144224,-0.01309844,-0.0824377,0.032195594,0.01890346,-0.12757576,-0.0074633393,0.011061237,0.038032953,0.02942134,-0.11171673,0.008229165,-0.01564861,-0.023991836,-0.07695851,-0.0021539135,0.009101298,0.118203945,0.0007057794,-0.007543628,0.075896956,-0.08274633,-0.035448067,-0.07908237,-0.013007366,0.013110499,0.083160095,-0.121925816,-0.010124832,0.039472193,0.02974442,0.059380766,-0.053685676,-0.083657525,-0.057909492,-0.06848954,0.010783689,0.08108496,0.098125055,-0.10153973,-0.037860204,0.051983353,0.052022334,0.14496669,-0.089123935,-0.034598544,-0.1247368,-0.032322414,-0.047716614,-0.05410099,-0.0038797546,0.0047267466,-0.045946755,0.008802814,0.03455199,0.001991698,-0.1343303,0.051155437,0.013833797,0.034530688,0.077840604,0.010297022,0.08820927,0.040534347
TCGA-AR-A24M-01A,0.030912792,-0.054482557,0.15566371,0.030691903,-0.004456292,-0.043811355,0.0025282777,0.018633671,0.007496445,0.09602886,-0.0047088866,-0.0050709867,-0.037983347,0.17298946,0.008006797,-0.042174213,0.010470686,0.04420813,-0.05294457,-0.15336253,-0.058512166,-0.038000062,-0.014633351,0.12719828,0.03603344,0.014405439,-0.12585403,-0.034218512,-0.025300782,-0.049369663,0.017843073,0.045722663,-0.09535578,-0.08883682,-0.06635729,-0.13807471,-0.1559143,-0.04616336,-0.116870515,0.029080788,0.00597124,0.04022283,0.081876464,-0.11744821,-0.01433224,0.039837606,-0.011740828,0.029606959,0.038098797,0.09178692,0.12067289,-0.039838728,0.00998555,0.10679803,-0.09003841,-0.020674748,0.05732699,-0.013150375,-0.08522415,0.0658341,-0.030185116,-0.07734215,-0.0317872,0.07368606,-0.041025113,-0.098271154,0.10445373,0.017659558,-0.06435777,0.019821102,-0.10864353,-0.0492032,0.032489985,-0.08840583,0.09913119,0.0054711155,-0.042236958,0.053054377,0.14965239,-0.04780378,-0.019296765,-0.033841286,-0.050454304,0.06410616,-0.018656898,-0.0834508,-0.004840116,0.028075207,0.15766734,-0.026787454,0.026696991,-0.08619694,0.0637015,-0.023568872,0.02664559,-0.08797239,0.0063290894,0.0054407786,-0.05179705,0.021461427,-0.011157803,0.08662073,-0.041226774,-0.09647667,-0.054336425,0.029607622,-0.10011428,-0.16969511,0.0054608574,0.0074347504,-0.03033791,-0.0911904,-0.046375655,0.081903726,0.055378668,0.024133254,-0.026895754,0.012117978,-0.040782437,0.016606843,0.07188345,-0.15352592,0.0002071935,-0.023667404,0.054380022,-0.034123614,-0.022912676,0.105899625,-0.015316303,0.14059962,0.15518482,-0.09792412,0.057516843,0.0029439202,-0.120335855,0.02662339,-0.031972356,0.038866296,-0.079370216,-0.03726865,-0.076383434,-0.13258788,-0.11397734,0.08983405,-0.054089982,-0.002166503,-0.007303473,-0.0066038184,0.061787553,-0.089537464,-0.04541252,0.056988273,-0.03934613,0.05859047,0.05253766,0.052064057,0.074491195,-0.12809667,-0.035498217,-0.048356213,0.08663174,-0.09485679,0.10714481,-0.16566734,-0.019241776,0.0142289,0.061432157,0.14017105,-0.043961223,-0.10588675,0.0025130413,-0.04354777,-0.051462933,-0.017700562,0.07182153,-0.009789411,-0.042584285,0.13159986,0.1370944,0.08959069,-0.014346274,-0.0021707832,-0.0009940043,-0.076560035,0.05685302,-0.069230855,-0.051617265,-0.020880837,-0.05370058,0.06632255,0.07879466,-0.03089664,-0.03160517,-0.028564883,-0.06380599,0.045735154,0.013838782,0.09940302,-0.05891003,0.0069697336
TCGA-E2-A1LA-01A,0.062767565,-0.0077158315,0.053643793,-0.0026363314,-0.015396613,0.006796762,0.010714948,0.0021256877,-0.13968444,0.0051933024,-0.0407725,-0.010550431,-0.035181325,0.087216526,0.043867126,-0.048086226,-0.030701729,0.068861745,-0.048549224,-0.1250283,-0.09236034,-0.057801865,-0.049827445,0.11591266,-0.058835313,-0.08888263,-0.057170786,-0.09553453,0.11224307,-0.013910786,-0.075211674,-0.018370371,-0.046550177,-0.101508155,-0.09987453,-0.124163814,0.046771955,-0.0292624,-0.107770756,-0.034840256,-0.09564909,0.03428499,0.112532325,-0.03138161,-0.046995793,-0.0062700356,0.008649529,0.08625515,0.05988731,0.019980006,-0.020159839,0.041286528,-0.010217138,0.05359677,-0.0992352,0.03973986,0.12114102,0.031635687,-0.07049757,-0.015466495,0.09861218,0.022668904,-0.094007194,0.09393392,-0.0074063353,-0.12654062,0.079634495,0.057625514,-0.007586013,0.040464133,-0.121469714,-0.0006554024,0.09385734,-0.24205619,0.0031132146,-0.0929322,-0.013749749,0.017901085,0.096630566,-0.050041728,-0.011538733,-0.0040045227,-0.08009892,0.029571427,-0.045721933,-0.09957012,-0.1262391,0.16594526,0.047273897,-0.025931299,0.064605944,-0.05420395,0.052327286,0.06475465,0.15711789,-0.04734808,-0.05177123,0.09575884,0.057949066,0.05487761,-0.054820303,0.06779105,0.07878201,-0.084928796,-0.008414329,0.03247706,-0.02655405,-0.072274886,0.00776018,-0.049752958,-0.022336943,-0.074244544,-0.060047835,0.004494191,0.133988,0.013903324,-0.05724398,-0.04979816,-0.052759707,-0.004598874,0.055722095,-0.11019897,0.062842585,0.11374092,-0.062997326,-0.03703344,-0.09289151,0.07867017,0.012394957,0.16830073,0.025789773,-0.04460978,-0.019519296,-0.0488497,-0.19983844,-0.047876112,-0.06797102,0.03563837,0.055052858,0.107203774,-0.06785326,-0.12614408,0.039586157,0.028181713,0.020661391,0.031386543,-0.028823096,0.016924549,-0.02694688,-0.0054250127,-0.074970104,0.013622136,0.060827877,0.015260952,-0.012313686,0.021017252,0.051094357,-0.16365135,-0.07648182,0.0031859286,0.017042462,-0.077357456,0.05440302,-0.06023289,-0.014806218,-0.059078094,0.073360294,0.018179964,0.017384222,-0.003947682,0.007839979,-0.10135461,0.031370506,-0.0692141,-0.025249068,-0.07557804,-0.20182031,0.035334364,0.04248663,0.07907788,-0.06651364,-0.023764633,-0.03893425,0.012342992,0.044324316,-0.012904155,-0.056719497,0.057200667,0.07568256,-0.029735845,0.10185665,-0.041869614,-0.06251097,0.046839427,-0.08212092,0.064603426,0.058220707,0.11269108,-0.043774802,0.016949287
TCGA-D8-A1XF-01A,0.028732888,-0.05288658,0.12974419,0.07377821,-0.07699306,0.036752593,0.031160865,0.001740695,0.07861914,0.034701485,-0.01616837,-0.03771308,-0.024957603,0.07195992,0.06359453,-0.101913705,0.019197686,0.020921202,-0.050417777,-0.062043704,0.051824976,0.0014968573,-0.06539286,-0.0002942343,-0.016281944,0.0041424427,-0.08875171,-0.050164502,0.039514318,-0.03581727,-0.017063241,-0.05284744,-0.1894851,-0.08444303,-0.152814,-0.072875164,-0.03553259,-0.083429165,-0.05851026,-0.049627796,0.09099155,0.01871917,0.07559422,-0.05257188,-0.00880898,-0.03574326,0.075125195,0.07281375,-0.011255658,0.06740591,-0.013554995,-0.01746046,0.05090355,0.039984282,-0.056155797,-0.038210403,0.12043706,-0.046938773,-0.035352245,0.03993813,0.021523716,0.016408266,-0.1341757,0.12476459,-0.10224783,0.03890387,0.1792454,-0.0026713016,-0.142375,0.019315574,-0.054865524,0.058738217,-0.059590273,-0.088938706,0.13214217,0.044000488,-0.024106653,0.041020792,0.10016199,-0.08739665,-0.035069406,-0.06931444,0.08643365,0.039541528,0.051806964,-0.0727934,0.028301712,0.13273956,0.114760175,-0.16638556,0.010016764,-0.026205197,0.0017277146,0.1004068,0.017959613,0.0914873,-0.045793943,-0.042570464,0.0389336,-0.15807793,0.031043613,0.021077236,0.068770215,-0.021258984,-0.044659756,-0.008280301,-0.066376075,-0.09829178,0.028601903,-0.033940524,-0.038801387,-0.072220735,-0.051677983,0.07533344,0.14680241,-0.033299524,-0.03603873,-0.1525488,-0.042954985,-0.014876128,0.062161133,-0.088807434,-0.038168363,0.12844655,-0.030948358,0.03587381,-0.059779365,0.051643223,0.029984385,0.114321806,0.07015737,-0.13586248,0.02052855,-0.021087125,-0.20136976,0.011582889,-0.061203897,-0.038310997,-0.0073276516,-0.06910125,-0.013728945,-0.10976981,0.008345081,0.056934927,0.04612894,-0.035993636,-0.07185713,-0.06210808,-0.051169902,-0.038715232,-0.01725415,-0.043021116,0.1847283,-0.01828662,-0.073013246,0.009915642,0.0063939365,-0.09748912,-0.0040458967,-0.0708382,-0.08973688,-0.06422652,-0.0038363875,-0.084280424,-0.029232437,0.061982732,-0.030422904,0.080904044,-0.039183248,-0.025831461,-0.052171946,-0.025745219,0.01911632,0.061311036,0.040021252,-0.017513888,-0.10665354,0.050085787,0.0353141,0.16854928,0.00066579157,-0.026451534,-0.044623308,0.023703167,0.07467957,-0.066960834,-0.1266009,-0.03340895,-0.06075834,0.06714835,0.1055453,-0.11026624,-0.050280593,0.042688,0.038054533,-0.0044722585,0.069021255,0.025631418,0.029289072,0.053409897
TCGA-OL-A5RV-01A,0.018518716,-0.02530416,0.20622472,-0.004981125,-0.023083948,0.029180184,0.04962546,-0.04896875,-0.086157195,-0.053575803,0.056303173,-0.027575875,0.015851237,0.17866951,0.091913566,-0.07842919,0.05906685,0.0004345642,0.044973195,-0.15444814,-0.07218359,-0.10212551,-0.069650106,0.11772973,-0.04010167,-0.0014009055,-0.15394725,-0.055299293,-0.027798604,-0.10253072,-0.087164335,0.01538235,-0.051650904,-0.15756635,-0.06952286,-0.08095379,0.011880938,-0.07346723,0.0048106057,0.044968948,-0.047438033,0.058797594,0.034696106,-0.09710293,0.042211793,-0.04591503,0.0017432824,0.009194846,0.090404645,0.075915106,0.024829198,0.033775873,-0.0088115055,0.04525768,-0.049354143,-0.03837165,0.0845087,0.014285581,-0.01383644,0.048751082,0.031417713,0.00034553028,-0.023921771,0.14706527,0.014734408,-0.026109472,0.048531037,-0.009284589,-0.087474935,-0.033519227,-0.21660994,-0.0146493,0.0018866144,-0.14470956,0.16179363,-0.04531012,-0.053818047,0.070217915,0.12465143,-0.11546209,0.008480219,-0.03986257,-0.020286094,0.07731322,-0.058409877,0.007648515,-0.09440167,-0.008885467,0.13628687,0.045004502,0.0021052426,-0.024365684,0.009189256,0.0034165534,0.045238364,0.053194094,0.017704293,-0.06301321,0.01658235,0.033721264,0.0153033985,0.08482681,0.05712506,-0.07143035,-0.12281322,-0.019506477,-0.042974308,-0.10665055,0.013576087,0.040067703,-0.08148693,-0.06519793,-0.10859429,0.0085064005,0.06507332,-0.029379426,-0.008147528,0.00038570262,-0.020793935,-0.007163225,0.07110177,-0.12530588,0.11154642,0.040418204,0.05248159,0.09383155,-0.05677903,-0.06540208,-0.021705348,0.16378112,0.18259877,-0.040666282,-0.01584567,-0.054697502,-0.13567115,-0.0030354687,-0.07424242,0.0063089267,-0.05197233,0.00214763,0.023866504,-0.1496968,-0.0433572,-0.05169664,-0.003073526,0.0059707,-0.025765026,0.010989555,-0.098941796,-0.09115756,0.041270167,0.02912914,0.022763649,0.012727721,-0.02580511,-0.013721663,-0.016493239,-0.05174264,-0.025153775,-0.06503099,-0.07153152,-0.06560611,0.07530633,-0.028536504,-0.01841106,0.044274047,0.12335526,0.035422068,-0.020656232,-0.07436336,-0.06200128,0.007783207,0.059524663,0.064995654,0.0884274,-0.023155397,-0.07626048,-0.05524771,0.022841036,0.14615002,-0.011418535,-0.06127429,-0.043245744,-0.006341384,0.1165952,-0.0628031,-0.12919004,-0.114560895,-0.038923133,-0.01195185,0.091277935,0.04771126,-0.09705554,-0.027706357,0.0422843,-0.021348003,0.06412302,0.041811466,-0.006177541,-0.06796803
TCGA-E9-A1R0-01A,-0.03333321,-0.057489313,0.02562181,0.023485305,-0.1120256,-0.012524809,0.016735585,0.046878688,-0.014704225,0.036770567,0.040725388,-0.059165135,-0.025076129,0.20942646,0.03708138,0.0133255925,0.033741154,0.074269004,0.034506235,-0.15862,-0.03410758,-0.01905336,-0.0242515,0.051676013,-0.034525324,0.06329772,-0.07724299,-0.028110921,-0.029119613,0.0593969,-0.030341173,-0.0014026933,-0.08968944,-0.090225026,-0.097872786,-0.10985687,0.048672248,0.016234463,-0.047394123,-0.123405576,-0.0053579025,0.0653242,0.10309171,-0.05266883,-0.11300316,-0.006696957,0.0027614862,-0.0025119719,0.09155211,0.012538969,-0.08479283,0.06680661,-0.047388203,0.08615089,-0.037988473,0.07577423,-0.0009250355,-0.11519224,-0.06362859,0.07502523,0.005731654,-0.050822277,-0.0041312575,0.039840076,-0.0369756,-0.120979875,0.1404554,-0.047998287,-0.034670975,0.031056456,-0.123867676,-0.014415406,-0.019851476,-0.18274362,0.052554894,-0.028770603,-0.04040461,0.07985384,0.10414985,-0.015638595,0.09600892,-0.108535185,0.00030889685,0.10591827,-0.077334985,-0.10957764,-0.020004226,0.12682587,0.12884332,-0.08533727,-0.060591724,-0.055964004,0.076146625,0.009522528,0.028682016,-0.08050218,0.0036827673,-0.0016185316,0.011779078,0.014950762,-0.018411389,0.0334319,0.07883459,-0.07676959,-0.05902459,0.016648347,-0.06630418,-0.11235276,-0.04721757,-0.07711435,0.012736749,-0.1599934,-0.15032814,0.060883127,0.036577314,0.03574051,-0.023015829,-0.060932938,0.02488403,0.035384133,0.17266405,-0.056177787,0.10440311,0.056469455,-0.02105438,-0.038561814,-0.091756694,0.07640602,0.02544141,0.13843377,0.053216673,0.018510118,-0.087972224,-0.046014316,-0.16565478,0.0050369166,-0.022632733,-0.06113356,-0.04373072,0.009104019,-0.095253915,-0.09261592,0.1133269,0.048442572,0.021713024,-0.16199908,-0.025931902,-0.03587008,0.031395342,0.057522718,-0.026823824,-0.048968334,-0.070613906,0.08680104,-0.018633163,0.03576263,0.008509698,-0.07988136,-0.08595572,-0.027969895,-0.05147863,-0.07953808,0.00062133576,-0.12862995,-0.03169098,0.028627135,0.008466396,0.09345031,0.019585984,-0.08357311,0.019218292,-0.081872374,0.029504692,-0.032207407,0.038907375,-0.072222464,-0.08581979,0.09303665,-0.0285456,0.12231249,-0.049291056,-0.039325304,-0.024352757,0.002636518,0.040346973,-0.086417004,-0.16121563,-0.032049622,0.03490796,0.0023691042,0.019756593,-0.015753854,-0.12972035,0.0024576804,0.06338417,-0.02477452,0.06887599,0.0700653,0.0035180377,0.0011302717
TCGA-BH-A0DH-01A,-0.009052907,-0.106133685,0.07793216,0.08643653,-0.058661748,0.021180747,-0.0041375915,-0.020202868,-0.05173542,-0.022775445,-0.05778732,0.09146063,-0.021934247,0.17781253,0.07970722,-0.0031789048,-0.019057224,-0.00012028195,0.04570076,-0.019033594,-0.04608099,-0.13469836,-0.14386435,0.07922928,-0.09336031,-0.025125388,-0.07607214,0.011976505,0.018720422,-0.037530985,-0.15086271,0.034811653,-0.088259876,-0.17757584,-0.1084507,-0.09247626,-0.016640214,-0.08938207,-0.025292035,-0.030474555,-0.037215166,0.04955512,0.053582534,-0.013175933,-0.043935876,-0.021433018,0.008264837,-0.014753155,0.033564035,0.0017862231,0.08105711,0.048446573,0.07510837,0.08947315,-0.06598849,0.067019485,0.15756528,-0.006030784,0.021413293,-0.013480342,0.009764155,-0.044439394,-0.061416194,0.115338646,-0.05666757,-0.00528765,0.1330831,0.032577448,-0.066824846,0.011110252,-0.14186002,0.06307033,-0.0032520855,-0.16424751,0.12764017,-0.011326866,-0.09110552,0.07021745,0.068531275,0.01563609,0.04159861,0.009336477,0.011059259,0.013110768,-0.031800553,0.016395558,-0.07647832,0.04013571,0.101099335,-0.014631038,-0.01830306,-0.008534342,0.071293265,0.10608475,0.029200358,-0.03741838,0.005685855,0.13679835,-0.0008838611,0.008009028,0.004967449,0.050608948,0.06151659,-0.103342004,-0.15913118,0.013149232,-0.07488636,-0.06987666,-0.008805343,-0.00919683,-0.040822014,-0.016410125,-0.062258527,0.07251568,0.109763056,-0.02127707,-0.024017898,-0.061997797,-0.021064129,0.0013447611,0.09793836,-0.035992734,0.028764134,0.037528895,0.004315416,-0.04716724,-0.05623144,0.13580275,0.042161886,0.14662297,0.06035719,-0.04441598,0.029331008,-0.055589605,-0.08227648,-0.056270696,-0.05296331,-0.053083967,-0.099769816,0.04881253,0.1037096,-0.18113789,0.042171415,-0.02563377,-0.0008551985,-0.0020438235,-0.12262294,-0.0715377,-0.12228624,-0.015069259,0.06478313,-0.03212527,0.040191453,-0.004700686,-0.028914524,0.03350849,-9.714327e-05,-0.04684611,-0.016640069,-0.12309057,0.062582895,-0.021983964,0.023421863,-0.14533694,-0.032084636,0.071789406,0.11476385,-0.003453945,-0.1027075,-0.01002893,0.0502072,-0.13172212,0.008927428,-0.00914697,0.037390724,-0.06164724,0.018771846,0.089064986,0.026473524,0.13734485,0.017264148,-0.06388947,-0.044001885,0.030540656,0.056246463,-0.051743917,-0.09732233,-0.07660239,-0.05072031,0.057245966,-0.06399418,-0.09468295,-0.107291214,0.018589186,-0.013437309,0.1676276,0.0321956,0.10845763,-0.03940809,0.025277477
TCGA-B6-A1KN-01A,-0.037397787,-0.0017089874,0.1253382,0.04840583,-0.05338068,0.010197603,0.024274912,0.0076034013,0.005380155,0.023695305,-0.051079832,-0.022799483,0.040232617,0.10473997,0.06398586,-0.08227831,-0.0036381376,-0.040493846,-0.10752308,0.010861677,0.041259576,0.0038020276,-0.1329363,0.024482183,-0.057717316,-0.037051134,-0.121944405,0.04592882,0.043417092,-0.05507684,-0.01517452,0.08328884,-0.09975937,-0.06902298,-0.07203528,-0.08375163,-0.062087838,0.011889414,-0.011861603,-0.14693761,0.029826682,0.057141926,0.09834526,-0.09066585,-0.011523907,-0.044452798,-0.062135484,0.0055245995,-0.028553283,0.10803462,0.00796198,0.067598924,-0.037316088,0.04200605,0.046800923,-0.083458535,0.110618874,-0.03255485,-0.16031834,0.03555939,-0.063024335,0.06615666,-0.062219486,0.02948341,-0.0696571,0.031396583,0.15821554,0.035051834,-0.12378944,0.06248369,-0.04702476,0.012454922,-0.05194227,-0.0934206,0.04587268,0.045085385,0.06288181,0.02495058,0.10391362,-0.10823904,0.060602833,-0.122697026,-0.030731559,0.0033430045,-0.029745104,-0.13375087,0.07349751,0.083791524,0.08967349,0.008410118,0.0006060679,-0.081580505,0.10943067,0.1278845,0.06882395,-0.080203876,-0.04774926,-0.08668214,0.07650109,-0.065803684,-0.0076974714,0.010295357,0.06887992,-0.098911114,-0.043522604,0.08191265,-0.048330374,-0.06791528,-0.0028302474,0.023945276,-0.1122278,-0.19795562,-0.070642926,0.01611495,0.062738225,0.03271685,-0.034715608,-0.07252828,-0.036550906,0.045863554,0.096286334,-0.034292642,0.09158687,-0.007741982,0.0915185,0.025238944,-0.1782478,0.03707131,-0.027913513,0.0829977,0.10861437,-0.13560319,-0.07169696,-0.022139322,-0.12363979,0.06897161,-0.029352047,-0.066960864,-0.06639436,-0.030337375,-0.07558248,-0.060367264,-0.09827978,0.016804358,0.00414214,0.0029758897,-0.10717101,-0.102448314,-0.051282845,-0.031752314,0.10854215,0.026436873,0.0766755,0.063554116,-0.018531067,0.085388854,0.018958727,-0.07098968,-0.111364044,-0.035882708,0.06256098,-0.06333859,0.10961206,-0.121512756,0.037095334,0.109237455,0.019732686,0.029770108,-0.031003317,-0.10018897,0.028381996,0.0010365418,0.047591094,0.011751424,0.038280033,-0.11985853,-0.015088067,0.06443276,0.04655205,0.11520956,-0.024003867,0.010217003,-0.032688845,-0.021174809,-0.034206074,0.052177746,-0.018299717,-0.06400152,0.0073017175,0.029854747,0.043900568,-0.1501576,-0.03516398,0.054829076,0.013832994,-0.0072595472,0.080765404,0.08678608,0.023807928,-0.1069827
TCGA-LL-A6FQ-01A,0.04462926,0.07533958,0.1283999,0.08442033,-0.023803527,0.064553864,0.0138983475,0.01078899,0.010964628,-0.0048268223,-0.009524332,0.0012359475,0.009459027,0.16896673,0.16474608,0.015993932,0.03191335,0.038685676,-0.017693873,-0.056267865,-0.031056093,0.046356313,-0.09543214,0.110288784,-0.051545646,0.052090686,-0.18389061,-0.010951113,0.03841091,-0.054072727,0.020067409,0.027157903,0.029233469,-0.18402736,-0.052451935,-0.10391123,-0.005806395,-0.047715034,-0.06283337,-0.015864847,-0.011289279,0.039678898,0.076775715,-0.087941706,-0.019928502,-0.092749365,0.012516273,-0.025999831,0.09104999,0.18096973,0.035346273,-0.017392509,0.048071083,-0.06288858,0.017322235,-0.12678911,0.026531326,-0.05186466,-0.088312365,0.04947464,-0.0006207727,0.039106224,-0.024380133,0.007967898,0.04390934,-0.07401,0.14890432,0.037854232,-0.08029822,-0.007528163,-0.055004556,0.03961445,0.007291341,-0.21856946,0.07470501,0.003762319,-0.042889234,0.07809691,0.03007989,0.015921172,0.02604841,-0.06624186,-0.047918748,0.096764594,0.013819848,-0.061713967,0.06357251,0.063834816,0.017174574,0.055344418,0.097397335,-0.033791047,-0.020308543,0.09660394,0.116048105,-0.06376312,-0.11913811,-0.00043878664,-0.007969426,-0.1526345,0.06293983,0.007353778,0.05215436,-0.11073382,-0.057201136,0.04445807,-0.090962596,-0.06591865,-0.011810222,0.0057467767,0.007178552,-0.08679852,-0.13330448,0.057348933,0.078728445,-0.029847167,-0.017237755,-0.010805913,-0.06347029,0.03434998,0.13719246,-0.022793442,0.02196313,-0.02273623,0.01279035,0.0976923,-0.06572339,0.038936306,0.067852505,0.064965405,-0.010469899,-0.11190218,0.0049391156,-0.062831596,-0.14735049,-0.040676408,-0.055315554,-0.045682494,0.05468148,0.06748419,0.01974413,-0.10296228,-0.06159508,0.07977166,0.056538194,-0.03121255,-0.07271106,-0.041952755,-0.07273145,-0.04429737,0.019383311,-0.08079273,0.0368438,0.090193056,-0.053886365,0.019125622,-0.07312056,-0.11708295,0.019888317,-0.111757174,-0.019640252,-0.1332291,0.05197488,-0.045748305,-0.08141856,0.05433098,0.0069755474,0.048411094,-0.046826746,-0.044231284,-0.0035268154,-0.031961735,-0.013297707,0.018834094,0.027757844,0.0018093608,-0.13563752,0.043248262,0.016335662,0.15457106,-0.05998383,0.063349485,0.03467245,0.09783832,0.03157389,-0.07984211,-0.085038684,0.036468014,0.048572347,0.046466127,0.20031153,-0.031195384,-0.048133455,0.023391427,-0.04892573,-0.017800419,0.08380189,0.057604354,-0.04329259,-0.09141499
TCGA-AC-A2B8-01A,0.013998807,0.02433214,0.12616763,0.07878275,-0.0078165075,0.067215405,0.007564043,0.060462102,-0.08133809,0.044589546,-0.085540734,0.07533464,-0.06732789,0.13717958,0.03815294,0.03353625,-0.011001337,0.14672895,0.02205124,-0.19287667,-0.024804244,-0.08996588,-0.07575412,0.0065980162,-0.056769356,0.038064964,-0.17468056,-0.06996442,-0.00021136971,-0.062317546,-0.0059520453,0.02217172,-0.0891991,-0.096911654,-0.023825247,-0.15051895,-0.023369888,-0.02075608,-0.055670053,-0.037253894,-0.057187874,0.09834959,0.050683197,-0.09170667,0.03769111,-0.05483761,0.029861037,0.09882738,0.06834376,0.053040795,0.10255009,0.05903272,0.007757233,0.006667234,-0.06307495,-0.066431,0.011480328,-0.068415485,-0.11626893,-0.021598347,0.094014674,-0.03927893,-0.09197842,0.019903004,0.0498354,0.027173294,0.054002758,-0.055754963,0.012577866,0.049178086,-0.13736728,0.014014396,-0.14365366,-0.20867136,-0.012447474,-0.021887822,-0.020415682,0.0271364,0.117995396,0.015705874,0.05905427,-0.027778015,0.06268917,0.017114978,-0.048592664,0.014351759,-0.054940794,0.0011476206,0.15012564,0.0380263,-0.0017419537,-0.05457285,0.048557032,-0.026439289,0.106113,-0.10086049,-0.10082148,0.022856453,-0.042868853,-0.04117073,-0.0039746254,0.1674572,0.099721745,-0.040452164,-0.07908544,-0.047467887,-0.032616165,-0.10013809,-0.010316992,-0.046536352,-0.046997033,-0.1116416,-0.06737881,0.06384621,0.1186398,-0.020228192,-0.008470593,-0.064093575,-0.05539784,-0.020444201,0.12110825,-0.11767495,-0.051506814,-0.024323625,-0.019268926,0.022355646,-0.027566405,0.049329303,0.048416298,0.016769765,0.09470027,-0.051363148,0.018843539,-0.030579053,-0.1617102,-0.089515306,0.00047228928,-0.08428011,-0.003696987,0.02126608,-0.07656194,-0.08374981,0.037750732,0.06457748,0.016069615,-0.02053886,-0.066420645,-0.060712226,-0.0083312355,-0.024150023,-0.0010587046,0.113356814,-0.12347299,0.03680661,-0.11065041,0.059355035,0.05064057,-0.01751538,-0.091104195,0.0054606944,0.011759032,-0.06570922,0.030915504,-0.15897214,-0.07053153,-0.002540309,-0.012104729,0.028527355,-0.100313246,-0.071563154,0.046192784,-0.06333672,0.034841496,0.00918116,0.09487864,-0.023793211,-0.12789166,0.07027404,0.010726772,0.14575692,0.056449734,0.054654624,-0.072590746,0.0036908586,0.05187995,-0.053359173,-0.11301755,-0.013667165,-0.03499793,-0.0012617842,0.045467045,-0.026480751,-0.011902918,-0.0012877041,-0.07844737,-0.025368635,0.045285814,0.1323463,-0.026449086,0.04620337
TCGA-E2-A1IL-01A,-0.07044376,-0.022262687,0.15847647,0.0019456953,-0.012129269,-0.024714975,-0.060647856,0.0015784485,-0.07092359,-0.0066540306,0.05659276,-0.08574171,-0.030171786,0.18209125,-0.0030984182,-0.016281776,0.042338725,0.060404893,0.050478134,-0.08031751,-0.025782473,0.0073524704,-0.051465724,0.058863465,-0.026471112,0.013881145,-0.17357057,-0.08777192,-0.058831953,-0.034075692,-0.08188436,0.04248869,-0.054059014,-0.057565592,-0.12189574,-0.07828846,0.046212446,-0.0045042117,-0.0013469384,0.07457819,0.03688876,0.05714321,0.11160418,-0.11158471,0.031022115,0.060072146,0.019760901,0.02638484,0.020630676,0.04753091,0.065374956,0.09442674,-0.0076646428,0.05549982,0.010139792,-0.059583727,0.05655344,0.046881218,-0.05062127,0.011466749,-0.049134437,-0.012168008,-0.06946883,0.02060455,-0.030486533,-0.044252146,0.24233393,-0.01704997,-0.07540748,-0.0003224188,-0.16050741,0.055905238,-0.07306989,-0.16103768,0.091086596,0.0138490535,0.049249332,-0.010671366,0.122148864,0.01290863,0.04269103,-0.08799187,-0.0066946703,0.008800808,0.07696348,-0.023232328,-0.00042005992,0.07510729,0.1043945,0.00097112195,-0.0070509063,-0.03665173,-0.015813945,0.06323621,0.14429687,-0.055869833,-0.070450105,-0.039637562,0.019035954,0.024376603,0.052309565,0.03050438,0.021677727,-0.14804293,-0.052173845,-0.06664465,-0.055440824,-0.0075940774,0.09863972,0.009933528,-0.0066040936,-0.06201816,-0.06514821,0.15461373,-0.014580693,-0.08556299,-0.03413861,0.004225483,0.008580679,-0.018774489,0.049266163,-0.19845575,0.12756652,-0.015321704,0.07210027,0.025853865,0.027360588,0.056653086,-0.06984493,0.118435375,0.11789265,0.05730614,0.025859574,0.00064937543,-0.17241332,0.021562861,-0.016777784,-0.14410068,-0.0056676744,-0.0015546044,0.088721894,-0.108827315,-0.096234426,-0.007443334,-0.015300896,-0.03942119,-0.09037543,0.046665967,-0.00036634709,-0.030107794,0.062329654,-0.042257696,-0.04848436,0.052757002,0.014646834,-0.0036789486,0.01780183,-0.11135197,0.031419545,-0.046402987,-0.1507885,-0.08571118,-0.04110801,-0.09214458,0.0047000544,0.120619416,0.042354014,0.011640838,0.027331013,0.018406348,-0.026032234,-0.042456888,0.020437099,0.042143565,-0.014630617,-0.09732888,0.043768875,0.09640653,0.13002321,0.082134254,-0.026778584,0.05277589,-0.009054303,0.0019951048,0.025956204,-0.021527639,-0.17154811,0.006400937,-0.05203236,0.03476601,0.13147578,-0.0015237774,0.01736387,0.056103654,-0.066804014,-0.06961295,0.081178665,0.089315034,-0.019377425,-0.08294503
TCGA-A2-A0EU-01A,-0.015656212,-0.005177523,0.09805242,0.07474411,-0.045934957,0.11944404,-0.015729185,0.021734843,-0.024201073,-0.023079118,0.03067409,0.03579774,0.07770904,0.08671785,0.069168985,-0.007179377,-0.0061792596,0.054717135,-0.010847121,-0.048725106,-0.059514385,-0.0041373093,-0.15261841,0.10582938,0.027754242,0.053887248,-0.19617116,-0.065297894,-0.037680194,-0.019093093,-0.057920136,-0.033913374,-0.09749737,-0.12268401,-0.08585779,-0.18773896,-0.0091733,0.032697883,-0.03360549,-0.10751967,0.026699796,0.05184335,0.05096572,-0.041792892,-0.066532135,-0.050670892,0.01752321,0.0044260817,0.045326345,0.05015775,0.07120772,0.07377545,-0.019162638,0.07239782,-0.06627081,-0.017944442,-0.0179162,-0.035737015,-0.028534397,0.10070911,0.15622292,0.0614714,-0.10134877,0.06522726,-0.079003386,-0.022841003,0.01492698,0.034851555,-0.1256568,-0.04668297,-0.09273276,0.034536112,-0.06519958,-0.039129436,0.16614567,0.054429974,-0.07035021,0.07727757,0.1655342,0.0084046535,-0.012692465,0.046977818,-0.03228668,0.052678563,-0.09613706,-0.053924765,0.05275987,0.089275375,0.035219822,0.010872474,0.089249656,-0.0068428027,0.04722121,0.068014756,0.09995342,-0.005998474,-0.025398286,-0.06490767,0.030542633,-0.04747597,-0.069374345,0.08304123,0.019436348,0.0031260874,0.028477587,0.008440969,0.0083893435,-0.06277454,0.013050235,-0.01332732,-0.03319067,-0.08931293,-0.12710781,0.105182834,0.16765116,0.07292281,-0.02331992,-0.06318363,-0.043990713,-0.0023602308,0.07844989,-0.11491247,0.039535563,-0.032869264,0.07532928,-0.035543773,-0.053379897,0.008046651,0.017571134,0.10143267,-0.052077413,-0.16395137,-0.050970435,-0.12327953,-0.11656121,-0.0007267179,-0.030753832,0.04398109,-0.015237408,0.03633954,-0.110586345,-0.14897753,-0.027777959,-0.002371594,-0.010170261,-0.04927192,-0.047714427,0.008351832,-0.004464861,0.032432146,-0.008906689,0.03092897,0.03563538,-0.0058780895,-0.045442685,0.13275938,0.05106437,-0.023787057,-0.09678812,-0.016633552,0.101576135,-0.11078065,0.12506728,-0.108649835,0.013324683,0.09360147,-0.0032291133,-0.030212164,-0.07592224,-0.07245489,-0.050103936,-0.020182889,0.040053733,0.033219766,0.0069260504,-0.035855677,-0.09378529,0.08155522,0.015531394,0.08559049,-0.025773648,-0.058597606,-0.063398115,0.0575711,-0.033113267,-0.06946935,-0.12041893,-0.104317464,-0.07953759,0.04569769,-0.00043818288,-0.17438291,-0.12256315,0.060258906,0.060321793,0.045092545,0.08537761,0.060727604,-0.053246956,0.024157329
TCGA-BH-A0AU-01A,-0.052317757,-0.0012527745,0.0074888654,0.11745573,-0.025901323,0.011294074,0.07178812,0.0010396284,0.024837762,-0.009679635,-0.075112864,-0.057300955,-0.013101152,0.14627339,0.07040731,0.02645867,0.0038966804,0.06267826,0.024372935,-0.10218701,-0.004979196,-0.056050587,-0.058515165,0.0040700347,-0.016241508,-0.0144599965,-0.13075295,-0.09573141,0.04873757,-0.092269585,-0.0831179,-0.0054814867,-0.08020204,-0.11434364,-0.07400901,-0.017878551,-0.039450232,0.011686133,-0.024022628,-0.0018580717,-0.011883841,-0.035428833,0.1607579,-0.06082871,-0.020274894,-0.09528556,0.050842945,0.086700626,-0.04025398,0.07739712,0.1702786,-0.0006019393,0.014276224,0.0692037,-0.040256042,0.044538107,0.05742096,-0.038540334,-0.084812045,-0.024444692,0.034208618,0.12002539,0.059424084,0.09469045,-0.046494216,-0.022737633,0.108085096,0.052006993,-0.11033645,0.01735634,-0.0632522,-0.06545788,0.015653227,-0.18138021,0.14791381,-0.082268946,-0.041877832,0.035057545,0.065734,-0.040182307,-0.044838134,0.020540003,0.0015548791,0.10232376,0.046607677,0.019142196,0.0011063734,0.11837426,0.112935565,0.002406182,0.0643842,0.034222957,0.0031525334,0.04297559,0.0019162556,0.005907727,-0.026141621,0.037125785,0.038128767,-0.0026799426,0.022846246,0.06496945,0.029147495,-0.09758663,0.03448876,0.05868258,0.002622064,-0.21069962,-0.08293481,0.0679114,-0.011253751,-0.09788936,-0.11040432,0.14424028,0.10837665,-0.07075102,0.046412047,-0.037489794,-0.01317243,0.016193701,0.15128365,-0.06321375,0.02699343,-0.016059166,-0.011016659,0.014367481,-0.1332585,0.10760457,0.14753385,0.043914657,0.059320692,-0.02520385,-0.01944944,-0.0863968,-0.19855896,-0.015556482,-0.030435326,-0.010128026,-0.0034531131,0.012640864,-0.089723565,-0.19588806,0.017218845,0.025077919,0.014604175,-0.082767464,-0.07032325,-0.017867861,-0.0029034917,-0.010068,-0.023102693,-0.030050961,0.12671345,0.044581775,-0.0053426423,0.078383744,0.01627034,-0.04283235,0.044846714,-0.010316847,-0.038698837,-0.011832811,0.05998514,-0.06342378,-0.022409454,-0.049759008,0.003728421,0.045050517,-0.022861013,-0.12658319,-0.041388415,-0.10051726,-0.040433448,0.09982512,-0.002873041,-0.035203304,-0.12559645,0.069241665,0.07096436,0.15251426,0.00409444,0.038179826,-0.11155236,0.10178458,0.023500651,0.004040865,-0.09116536,0.012967848,-0.003591198,0.028256437,0.13441186,0.016394598,-0.07256501,0.04127201,-0.009938404,-0.044765286,0.09086257,-0.006007079,-0.103437185,0.035618145
TCGA-C8-A26X-01A,-0.036898218,-0.032476418,0.11255412,0.05924608,-0.0033494257,0.12784421,0.02049542,-0.00692454,-0.10447819,-0.0010923675,-0.009996129,-0.07637616,0.014593518,0.10440078,0.042881876,-0.03154806,-0.026009517,0.014306232,0.0219585,-0.0725275,-0.16503567,-0.03880417,-0.034871094,0.042510785,0.05779375,-0.0708346,-0.1583971,-0.038778923,0.023058206,-0.07624885,-0.03197932,-0.0074357563,-0.036672592,-0.06031769,-0.06663349,-0.06254381,0.059067108,-0.0033456257,-0.025026435,-0.011208165,0.0028767756,0.11534751,0.190947,-0.035665657,0.03891373,-0.03640181,0.016415315,-0.009611928,0.026804589,0.027510522,0.038455114,0.07893761,-0.0004911041,-0.018418929,-0.08032665,0.008500507,0.059175503,0.060812417,0.008750049,0.05407759,0.101074964,-0.043737467,-0.038067795,0.012343875,-0.027523434,-0.03937413,0.07999558,-0.04939983,-0.11324797,-0.07602916,-0.09154611,-0.0021387702,-0.09157696,-0.21993382,0.043776855,-0.041116677,-0.06178558,0.06235778,0.09752667,0.0071845017,0.04103171,0.049324308,0.062506996,-0.016679624,-0.07029068,-0.07626897,-0.050441086,0.103192985,0.06847088,0.01035243,0.06075601,-0.07579378,0.07341715,0.1389604,-0.045789734,0.03891649,-0.14211683,-0.007696494,0.10578769,-0.067596555,0.012840268,0.0772794,0.05606135,-0.010931075,-0.09643187,0.045698415,-0.06817186,-0.041871965,0.058081012,-0.0495428,-0.07235006,-0.123975284,-0.11604762,0.1447463,0.19495618,-0.048634034,0.008453945,-0.14589788,-0.047906615,-0.053869113,0.11688291,-0.10904746,0.03764344,-0.045316637,0.0155010875,0.06142052,-0.008375437,0.13200337,-0.0007175515,0.088170834,0.07577387,-0.10992612,-0.09546199,-0.08972958,-0.14599822,-0.029697627,0.0124058975,-0.071011886,0.009126368,0.025006682,-0.096634276,-0.09402808,0.0053762295,0.115814626,0.07693275,0.01561127,-0.073188625,-0.032245312,-0.049404133,-0.019139897,0.030402271,0.054099683,0.032357235,0.07938418,-0.072414525,0.00801234,0.08297292,0.038243,-0.04294835,0.009526134,-0.0294303,-0.035949472,0.034099568,-0.16375034,-0.034251075,0.034568712,0.08020904,-0.036324665,-0.14975783,-0.02020492,-0.08178866,0.0056932233,0.045207586,0.061196454,0.019056667,0.013611304,0.023247866,0.002672158,0.11843325,0.09946008,-0.0070373877,-0.036497947,-0.09646075,0.014457752,-0.021072943,-0.097612806,-0.05654712,-0.046040554,-0.08411263,0.037451256,0.11152918,-0.089000985,-0.043758735,-0.029115284,0.051652744,-0.01704769,0.043979008,-0.011867934,-0.031673707,0.006404241
TCGA-AR-A1AO-01A,-0.06654934,-0.11397379,0.118994236,0.008895372,0.08303713,0.07632573,0.08123044,-0.018588003,-0.02339542,0.00040715796,-0.019652588,-0.007069489,0.01793002,0.15313716,0.06403866,0.060413837,0.043192405,0.054949652,-0.037717767,-0.14554012,0.025625464,-0.10192971,-0.038684443,0.072563194,0.0054293196,0.023259763,-0.15793648,-0.031685665,0.0065828552,-0.04554471,-0.07777194,0.081410386,-0.022061178,-0.16584505,-0.014228896,-0.0645605,-0.048371963,-0.07211961,-0.029104508,-0.026771644,-0.053637024,0.049601797,0.020015057,-0.052120537,0.05283459,0.031779736,-0.010416449,-0.041017883,0.027833162,0.12562193,0.009909463,0.0543051,-0.09175796,0.08437645,-0.020709444,-0.047523998,0.06862158,0.061148267,-0.038689427,-0.0020046334,0.050696492,0.006690508,0.04365425,0.099586725,0.039237473,-0.021739304,0.10023809,-0.027408177,-0.003898158,-0.057927273,-0.18624748,-0.030916644,0.004498213,-0.19271472,0.18065514,-0.023752112,-0.024960766,-0.04051727,0.14990513,-0.10304446,0.01997204,-0.017014774,-0.04866235,0.0694217,-0.10410327,0.048289098,-0.0024874017,0.04903472,0.11961737,-0.03514498,0.01895403,0.017201982,0.10896591,-0.026431745,0.0736275,-0.005830119,-0.1016409,-0.0649463,0.074919336,-0.06718372,-0.061812613,0.050136827,0.14288992,-0.07029435,-0.008869007,0.04604559,-0.029932003,-0.11211007,-0.06355638,0.0038555774,-0.0790714,-0.123694934,-0.099571414,0.064861916,0.13236393,-0.033926893,-0.027527502,-0.09460474,0.011639746,-0.07057689,0.15797566,-0.024122395,0.06810818,0.011561364,0.03684714,0.039271597,-0.11192776,-0.038416643,0.06769328,0.0895626,0.10932693,-0.022786187,-0.039867856,-0.0064969375,-0.2023604,-0.038189933,-0.023483887,-0.011968037,-0.050721906,0.017024957,-0.041665696,-0.11559205,0.04092834,-0.009944036,0.11382309,0.010710727,-0.05807221,-0.08738588,0.015791232,-0.0104490835,0.04875255,-0.00864939,-0.051762387,0.080152415,0.009449873,-0.010586612,0.044026617,0.00051303743,-0.0481856,-0.007609337,0.023354482,-0.02685247,0.07514757,-0.13865241,-0.07918754,0.10585934,0.054448593,0.007251897,0.0012206757,-0.077127986,-0.0037929516,-0.009004276,0.04984403,0.06951918,0.049446184,0.015448032,-0.049158785,0.047608294,0.052375603,0.18400592,-0.00027269145,-0.05174179,-0.084064,0.0006993529,0.084816016,-0.00041030074,-0.12041856,-0.02987393,-0.037394237,0.026997963,0.10134969,0.019376839,-0.06459817,-0.030841004,0.10552656,-0.04925356,-0.012456559,0.01983357,0.0040159235,-0.075909995
TCGA-XX-A89A-01A,0.04667738,-0.0671147,0.15078643,-0.021458844,-0.014040508,0.075022705,0.065306075,0.08882576,0.023340393,0.025259782,-0.04358757,0.016155628,-0.07151191,0.123249,0.0149450535,0.008735831,0.048952352,0.08348758,0.018030453,-0.08673661,0.019012105,-0.0011048253,0.021510817,0.07076129,-0.07162596,0.010803717,-0.11941381,-0.13191898,0.037975766,-0.062083583,-0.07798484,-0.04231152,-0.03346989,-0.104400836,-0.051752407,-0.16327381,0.035080235,-0.023895066,-0.057916377,0.030133083,0.065794915,0.024870003,0.13394597,0.0056252666,0.013390813,-0.00039417768,0.016318278,-0.028759351,-0.049143773,0.037729163,0.12627988,0.09952095,0.027868094,0.07197298,-0.016441818,-0.10885925,0.10209742,0.020454882,-0.09933046,0.026835985,-0.08696104,0.036350425,-0.06362022,0.048953447,-0.043117214,-0.027108364,0.116955765,-0.017758386,-0.05288961,0.019263936,-0.14879836,0.05711637,-0.09737594,-0.1237162,0.13088511,0.047444914,-0.097900786,-0.0044638827,0.08665274,-0.031919636,0.013696488,0.030212402,0.077048056,0.035385214,-0.008235829,-0.14527519,-0.034691174,0.10588391,0.07829261,-0.031092305,0.03799032,-0.10423346,0.057891358,0.037551355,0.10518444,-0.087535106,-0.044223007,-0.030868782,0.12580682,-0.11233716,-0.028887356,0.1224152,-0.001543415,-0.10135594,0.007530106,0.03171392,-0.12700206,-0.14780508,0.032256264,-0.028979206,-0.026058208,-0.11858647,-0.08524702,0.10397868,0.047643725,0.04564057,-0.019853313,0.008078264,0.0020133166,0.009702508,0.07500241,-0.04039336,0.06783622,0.07106559,0.047244478,-0.003509366,-0.103188835,0.059803877,-0.036107987,0.108772404,0.14738771,-0.07140414,0.066169225,-0.021823728,-0.19437768,-0.027068064,-0.033557914,-0.019896615,-0.08404494,0.06485974,0.033622306,-0.056646366,-0.12101114,-0.052610595,0.045637876,0.044582907,-0.05106647,-0.014647719,0.008467816,-0.02498456,0.008145967,0.019937357,0.06400411,0.11705027,0.010423159,0.08299067,0.032589324,0.035344854,-0.117329516,-0.063720144,0.08875761,-0.050902117,0.06574946,-0.18604158,0.022419203,0.08557392,0.13324471,0.0266254,-0.05775814,-0.087306954,-0.0861636,-0.046230815,0.06978021,0.067277364,-0.0053503085,-0.06485684,-0.010391554,-0.00409404,0.08479582,0.07966893,-0.023552313,0.0050652595,-0.0047745644,0.020453742,0.0027147755,-0.07195321,-0.034186304,0.030816128,-0.0010644015,0.0044616074,0.07052276,-0.06475838,-0.08157932,-0.06630212,-0.06615665,-0.022313764,0.059765883,0.04110446,-0.06449561,-0.0016759688
TCGA-D8-A1JJ-01A,0.028530886,0.08298375,0.103483304,0.018667825,0.029055415,0.047480945,-0.0015534678,-0.01634551,-0.03632588,0.03822145,0.0015282761,0.10098474,0.05219707,0.09876313,0.067637935,0.00035514025,-0.032253146,0.04037419,-0.05445188,-0.115987174,-0.01981064,0.04317844,-0.09262079,0.056854792,-0.029357253,-0.06439556,-0.17745627,-0.060162943,0.048835494,-0.09642971,-0.07795263,-0.06630834,-0.08508985,-0.14936139,-0.10235304,-0.08002684,-0.06561593,0.016569708,-0.11391365,0.08770372,0.05493473,0.05893381,0.1300667,-0.013452182,-0.0019544102,-0.04367985,0.019978352,0.018248826,0.07490867,0.12622012,0.012695773,-0.01155505,0.033243854,-0.037639283,-0.070290305,-0.03994015,0.008516572,-0.0060046962,-0.07296225,0.018952386,0.013534611,0.031744227,-0.07004572,0.008193073,-0.0609637,0.025942095,0.078048415,0.019419376,-0.052108772,-0.045318805,-0.15291078,0.051575743,-0.059296962,-0.04717815,0.12842526,-0.004973672,0.0099581415,0.022158228,0.129567,-0.022062449,0.050951425,-0.03491921,-0.015060867,0.06283373,-0.068066694,-0.08962811,-0.039167058,0.16657467,0.09542095,-0.036749594,0.113894224,-0.025947578,0.06023532,0.13023224,0.16952142,-0.04143642,-0.024390772,0.0279797,0.101380266,-0.063059896,-0.053138465,0.09973781,0.026128542,-0.10958997,0.0036114482,0.047907427,-0.08261121,-0.042452227,0.008583781,0.0003340177,0.0031709895,-0.12469653,-0.08512997,0.096042834,0.09277205,-0.10036342,-0.025906572,-0.027139043,-0.17493096,-0.018769767,0.09187357,-0.039242305,0.050695613,0.04029409,0.05335575,-0.02199119,-0.12542264,0.034475997,-0.09156042,0.13781685,0.055816956,-0.13153842,0.12395795,-0.048917823,-0.11231456,0.0053624786,-0.07136926,-0.04010857,-0.010577034,-0.009719776,0.01607055,-0.11941359,0.023965556,0.034997307,-0.0015107207,-0.026919775,-0.08875665,-0.022009488,0.035988018,-0.08588633,0.056599177,-0.031850923,0.06886719,0.062166415,-0.017541436,0.059945878,0.07947112,-0.012708586,-0.062881224,0.03277748,0.07672818,-0.12331092,-0.031749237,-0.14340334,-0.049965262,0.05903557,0.02256682,-0.038936123,-0.009610323,-0.107357465,-0.01422558,0.04596648,0.020180985,-0.011031167,0.051560048,0.047573775,-0.085500404,0.08267602,0.14604561,0.15939346,0.014719059,0.016805453,-0.030058801,0.08068283,-0.0066580824,0.01379384,-0.072000295,-0.1146913,-0.017021842,0.046893775,-0.046099715,-0.109377444,-0.059436038,0.030847276,0.0088193575,-0.028521758,-0.0031005894,0.0841315,-0.035892706,-0.0019415985
TCGA-BH-AB28-01A,-0.07568888,-0.089351565,0.1987756,-0.0070851226,-0.01915932,0.04132252,0.040360853,0.03410283,-0.0068371412,0.0015599423,-0.058299348,-0.004522256,-0.07245461,0.08940627,0.04596277,-0.068748325,-0.043678503,0.054760493,0.055884175,-0.06325227,-0.0260372,-0.030832902,0.029957486,0.10347546,-0.019231271,0.0030401149,-0.18849333,-0.030926688,-0.16226389,-0.028623367,0.0075056343,0.025606385,-0.017995719,-0.06262321,-0.10141044,-0.17316458,-0.05079337,-0.07335263,-0.073833436,0.019818172,-0.017186888,0.018892003,-0.0025535645,-0.11886738,-0.03689103,0.024684167,0.04887169,-0.01714117,0.016415073,0.07601817,0.010800563,0.03900341,-0.018472098,0.072358735,-0.002848381,-0.093918264,0.06903083,0.092913814,-0.06564514,0.05486651,0.05385789,-0.04900531,-0.08046351,0.17275582,0.00019319683,-0.117075555,0.11363911,-0.04635995,-0.021445345,0.050553646,-0.078031145,0.014078127,0.051740423,-0.17690964,0.054393828,0.026529858,0.008377116,0.020877462,0.041654084,-0.007673446,0.026485734,0.039717596,-0.03615591,-0.016129019,-0.017086381,-0.06748611,-0.026069986,0.103659496,0.13039704,-0.03175534,0.014117705,-0.1398416,0.039455555,-0.003302953,0.069600046,-0.07074842,-0.09420319,-0.07215611,-0.045492828,-0.06503692,0.05468847,0.030815821,0.028748369,-0.07556684,-0.06699456,-0.044651788,-0.015436458,-0.07452793,0.0441683,-0.032179885,-0.057091307,-0.06487453,0.008890835,0.15053555,0.18689898,0.004762913,0.011729754,-0.10387076,0.018214721,0.022937573,0.09447531,-0.123727664,-0.0042663678,0.012390939,0.05098341,0.05992727,0.030272432,0.026558459,-0.04186663,0.096390225,0.028637838,0.04280342,-0.050400186,0.03336301,-0.19914566,-0.0425983,-0.056509625,0.0060744514,-0.00091720576,0.044963557,0.0061516836,-0.119687445,0.014948896,0.087288976,0.007586373,-0.11298124,-0.16499552,-0.0005054224,0.053318493,-0.047169242,0.06822069,0.046029326,-0.009682085,0.14315495,-0.08455889,-0.012968827,0.024281248,-0.05413483,-0.0904912,-0.051607564,-0.027290618,-0.046430867,0.12179279,-0.10365417,-0.08130499,0.051591996,0.10544233,-0.021095065,0.012597602,-0.03751996,0.011151795,-0.026343755,0.19590504,0.035797115,0.013018565,-0.032607097,-0.038124703,0.1244908,0.1035456,0.09945841,-0.012489548,-0.018768543,0.0015239442,0.030424146,-0.007872636,-0.0183882,-0.057639144,-0.01006482,-0.05541607,0.067250654,0.16856913,0.012223808,-0.047484092,-0.001900888,0.03776092,-0.06108186,0.02954858,0.04456021,-0.0023483508,0.0351054
TCGA-D8-A1JD-01A,-0.004127202,0.030317524,0.14621477,0.014200734,0.016424011,0.03159395,-0.0018636732,0.025386104,0.054323953,-0.06538512,-0.0070211645,-0.035490263,0.00706829,0.14806962,0.06305044,-0.08217539,-0.07050083,0.002072496,0.08946979,-0.026882667,-0.039291453,-0.020574035,-0.07794931,0.03516715,0.009408862,-0.08226968,-0.14663987,-0.048825882,0.021068418,-0.043854978,0.0023431566,-0.06160523,-0.105346866,-0.09401885,-0.05275048,-0.11938823,-0.06284459,-0.030982591,-0.0902604,-0.0058054007,0.0443856,0.12187431,0.122751504,0.00045672792,-0.10800809,-0.034133695,0.09659911,0.0053675883,-0.024772484,0.08457562,0.05660823,-0.017049355,0.05190427,0.075561,-0.048820395,-0.09059217,0.010233371,-0.09002009,-0.06778744,0.0149983745,-0.06453909,-0.07886272,-0.12426736,0.07279362,-0.13342859,0.010082796,0.09133327,-0.029074833,-0.122238316,-0.08723354,-0.12135949,0.0059471377,-0.012155835,-0.15882227,0.030153321,0.0273472,-0.013543034,0.00078155147,0.099363804,-0.010252248,0.035623457,-0.09858111,0.010234102,0.020465542,0.054530926,-0.07041752,-0.011956818,0.12193876,0.14557321,0.028822526,-0.018024424,-0.054539956,0.08130252,0.065797664,0.13089183,-0.0341132,-0.0037853052,0.030912042,0.07537776,-0.06909052,-0.10288597,0.016629405,0.03641787,-0.032138016,-0.057888202,-0.051719453,-0.11251517,-0.18039224,-0.011335166,0.02930752,-0.05937405,-0.118553065,-0.011691986,0.12899464,0.20940381,0.023892514,-0.007926685,-0.05087019,-0.05729692,-0.0072740316,0.05986417,-0.05317254,0.0002493833,0.047419775,0.03083351,0.024788314,-0.029034225,0.09782559,0.00086187804,0.052222442,0.1056432,-0.10165669,-0.074654505,-0.01988912,-0.19881101,-0.012500552,-0.034012966,-0.08026311,-0.049287565,0.004857563,-0.061948538,-0.10055166,-0.035380986,-0.027979132,-0.00983051,-0.0057687312,-0.009988357,-0.020404948,-0.11842593,-0.08069022,0.045424294,-0.016442101,0.110401526,0.054025576,-0.029359203,0.06374079,-0.008045961,-0.03939345,-0.042267058,0.004846819,0.031228958,-0.084164456,0.063573,-0.12000746,-0.027708085,-0.004632048,0.015961608,-0.006192562,-0.14973296,-0.028199403,0.019244049,0.005196742,0.12678444,0.076254606,-0.08079749,-0.09202947,-0.054665282,0.0057149786,0.12585258,0.12424451,0.04307705,0.038825836,-0.07057735,-0.040357944,-0.077781655,-0.04307023,-0.053444732,-0.0014355665,-0.025617415,0.06634959,-0.0017801998,0.002041256,-0.044441294,0.041895088,-0.018143926,0.102356,0.10354998,0.06089896,-0.052132126,0.015974255
TCGA-PL-A8LV-01A,-0.07134781,-0.020246,0.13636844,0.070804045,9.2838476e-05,0.0072644427,0.022461554,0.043394804,-0.051699594,0.07447369,-0.08751791,0.011197455,-0.007074247,0.16528589,0.11922384,-0.0144595,0.03450872,0.055684596,0.0407728,-0.055867977,-0.019234193,-0.044842076,-0.071999185,0.06471791,-0.0926189,-0.06991804,-0.19399635,-0.08869155,-0.03230442,-0.066819154,0.024960645,0.07682389,-0.026342485,-0.1386062,-0.059985075,-0.03532535,-0.036122177,-0.05965615,-0.008506133,-0.09212203,0.049805515,0.04737115,0.033811085,-0.15906912,0.01912122,0.0016518029,-0.055909656,-0.069134295,0.080738984,0.14046858,0.0647026,0.030290028,0.072933264,0.05643776,-0.0005969286,-0.021447685,0.052258078,-0.015962187,-0.046714667,0.040565208,-0.043583192,0.058970127,-0.09036967,0.09025806,-0.04068729,-0.03844944,0.15258166,0.0727792,-0.07256648,-0.043286182,-0.024877172,-0.04372321,0.03471826,-0.13128452,0.13540474,-0.039544486,0.0115331,-0.015086392,0.15099029,-0.010965227,0.033774838,-0.0062871487,-0.079216324,0.0139801875,-0.022048192,-0.022985196,0.058647152,0.020430803,0.09638915,0.022602126,0.117031574,-0.115242206,0.049177673,0.030160004,0.069903485,0.005792319,-0.0744434,0.01636703,0.06476014,-0.08499883,0.029946627,-0.022434786,0.06489906,-0.08351221,0.057265762,-0.044232532,-0.011140262,-0.04694819,0.0354916,0.03840153,-0.08358204,-0.030566245,-0.09525837,0.1234508,0.1356461,-0.061290007,0.019644853,-0.066761024,-0.05452967,0.07778339,0.058361605,-0.045357123,-0.022283277,0.0023566096,0.019805327,-0.02938399,-0.06892105,-0.016239883,0.05127566,0.06301433,0.106577635,-0.061044578,-0.036926564,0.04324977,-0.18662238,0.04719358,-0.06543502,-0.05067619,0.0030484428,0.060683023,-0.009533987,-0.10735911,-0.03943788,0.003964628,-0.020438893,-0.013966987,-0.11637923,-0.071545765,-0.028568773,-0.09044651,0.0083529325,0.06417004,0.10770476,0.021369902,-0.038096074,-0.046413224,0.034600288,-0.097431496,-0.012810222,-0.06703262,0.023804786,-0.0938171,0.073722094,-0.16539988,-0.119243965,0.13549395,0.13537726,0.053489655,0.011276513,-0.004799677,-0.03334165,-0.1523696,0.027777074,0.05199513,0.002830322,-0.1515593,-0.051054828,0.111933276,0.053878184,0.13182421,-0.04419885,0.025325133,-0.07378167,0.061951578,-0.074571885,0.017905414,-0.023713296,-0.002643469,-0.014924416,0.0020763401,0.121842645,-0.119311646,0.0058392454,0.06874047,0.011861168,0.019307515,0.037572473,0.06910757,-0.01391141,-0.022130126
TCGA-A2-A0T5-01A,-0.009249449,-0.05936294,0.0923739,-0.0081194425,0.024119657,0.059827384,0.027578205,-0.054739684,-0.0002530207,-0.016066134,-0.022495473,-0.047884878,0.03323421,0.15517204,0.108883195,-0.008973478,0.010827302,0.08693413,0.042848304,-0.10867987,0.08117159,-0.009519552,-0.0679927,0.095048554,0.019343855,-0.040786892,-0.17088138,-0.015874378,-0.028745484,-0.04479682,0.009735713,0.03172791,-0.09859403,-0.0970851,-0.060022935,-0.13658881,-0.03657405,0.003059425,0.0019366089,-0.04766459,0.04444752,0.0039044532,-0.03543597,-0.06271351,-0.030044539,-0.026712766,0.008129022,0.072262816,-0.014170655,0.07947663,-0.041082777,0.0074089994,0.04100123,0.22585085,-0.01592443,-0.014726701,0.09773354,-0.030901453,-0.07824596,-0.02523863,-0.031714167,-0.0204151,0.05370073,0.047994256,-0.016509168,0.029044619,0.042103145,-0.043486413,-0.07605134,0.0026717088,-0.113969184,0.05245432,-0.03884706,-0.19441968,0.06668686,-0.040646132,-0.020412121,0.107108355,0.017428892,-0.095265694,0.054018803,-0.023435744,-0.048228305,0.1486264,-0.0043134466,-0.039472643,0.08821242,0.07264844,0.13658458,0.010799147,0.041700765,-0.14700083,0.10069195,0.045128983,0.09826166,-0.09330608,-0.092912875,0.0155087495,0.01159752,-0.048771784,-0.0061192294,0.023690937,0.009655199,-0.068169616,-0.14279392,0.1323814,-0.12508889,-0.06587937,-0.018414484,-0.08835377,-0.04880826,-0.10844237,-0.095006675,0.027474409,0.057355076,-0.04890731,-0.0736904,-0.07271041,-0.05809247,-0.04701479,0.111385345,-0.038436536,0.18037952,0.035541806,0.05103176,0.053721637,-0.0038703042,0.099254265,0.10199425,0.0895195,0.10627117,-0.0588969,0.05697937,0.030993676,-0.102400154,-0.04223663,-0.06355735,-0.057050522,-0.05439523,0.05535648,0.00024801973,-0.12590013,-0.099454574,-0.011241317,-0.026176658,0.003460232,-0.15817498,-0.106141396,0.009827527,-0.03158404,-0.022178074,-0.096130826,-0.0005901209,0.081171855,-0.022375783,-0.06472052,0.13702051,-0.092051096,-0.008487372,-0.023050249,0.0011326845,-0.1177295,-0.05742336,-0.118614055,-0.03465644,0.011757772,0.06944175,-0.012739657,0.012326417,-0.011175226,0.028084612,-0.08926861,0.0012722847,-0.025223253,-0.007914321,-0.026272656,-0.12414293,0.04456312,0.029140377,0.13309644,-0.07867187,-0.049019415,-0.025881726,0.053518552,0.06866545,0.018399836,-0.06824149,-0.037890982,-0.003945654,-0.002645382,0.06139167,-0.040631033,-0.028473655,0.042376954,0.06544826,0.07131314,0.043536518,0.122980244,0.01206731,-0.027325807
TCGA-EW-A1J3-01A,0.01753268,-0.10633728,0.07105159,-0.026109375,-0.0073358137,0.045870274,-0.07226068,0.016174069,-0.084732205,-0.008404846,0.009548073,0.040943034,-0.08218125,0.16829835,0.025346097,0.0047455477,-0.0022645143,0.049967617,0.022396056,-0.10788974,-0.036124323,-0.034831967,0.029386261,0.067943886,0.0032713534,-0.028812576,-0.11317351,-0.060649734,-0.08135416,-0.06807185,-0.027247746,-0.04184943,-0.15010531,-0.015191559,-0.11090343,-0.07888181,-0.061206844,-0.08778669,-0.039388373,-0.033046056,-0.008807307,0.0701454,0.11816858,-0.012567402,-0.010899256,0.005807293,0.0073958607,0.041741908,0.050585326,0.0052099,0.008470085,0.03673727,0.05668581,0.057938475,-0.038276438,-0.029402908,0.10201053,0.006645407,-0.06340077,-0.016895562,0.0699621,-0.06123104,0.0045731505,0.06900334,-0.027229687,-0.031790998,0.08300653,0.12517406,-0.0957535,0.05440572,-0.1487131,-0.036433924,0.032227773,-0.23427135,0.111597784,-0.058345575,0.0071297274,0.045496304,0.08002963,-0.03439663,0.024464728,-0.07320466,0.008672723,-0.02831356,-0.01231725,-0.08417424,-0.051145237,-0.032572594,0.037247036,-0.0800275,0.016470699,-0.0864998,0.083354555,0.04028045,0.02820608,-0.01773361,-0.12811995,-0.01364398,0.007525674,-0.005770375,-0.030181054,0.043392707,0.094233096,-0.09505694,-0.12835523,0.029591562,-0.020020217,-0.13722816,-0.053959403,0.005154632,-0.05386092,-0.06101163,-0.110934064,0.038523808,0.16642381,-0.060793858,-0.04185332,-0.008661097,-0.045819644,-0.04431332,0.096134126,-0.13060428,0.091707505,0.032804754,-0.035035796,0.06596838,-0.064680636,0.06407127,0.09524035,0.13582595,0.06910967,-0.062482875,-0.00083326217,-0.1463147,-0.09873174,-0.00028483992,-0.074574314,-0.019501774,-0.032610912,-0.08097179,-0.08126596,-0.15015508,0.019582734,0.0741289,-0.0082818195,-0.017196795,-0.20296626,0.008312692,0.05383866,-0.010080668,0.06804315,0.03575789,0.055871446,-0.049606945,-0.0050019235,0.033110596,0.012650571,-0.06717585,0.039976485,0.09003519,0.04277222,-0.0070404396,0.044774413,-0.24944778,-0.044747837,-0.04399919,0.07846805,0.053456854,-0.011894201,-0.006225821,-0.03603019,-0.12072818,0.060113173,-0.08160958,0.045332268,-0.113508455,-0.015707765,0.06079621,0.04337082,0.115594774,-0.013405685,0.01954698,-0.024738371,-0.04632876,0.061017763,-0.009170564,-0.059215665,0.0010568982,0.1255218,0.016532073,0.10134425,-0.083211966,0.011431465,-0.013142351,-0.07186562,0.037370764,0.07889358,0.06689302,-0.039893758,-0.016997058
TCGA-AR-A2LH-01A,0.04834545,-0.081450626,0.17534691,0.019056154,-0.09340514,0.082845755,0.07460362,0.067044236,0.012223679,-0.044763964,0.007037488,0.037027013,-0.016315676,0.107540265,0.09606902,0.0057214596,0.027876612,0.045599245,0.0021813435,-0.1062252,0.0024922942,-0.077944666,0.035318267,0.061707,-0.043538447,-0.005618346,-0.1375306,-0.030570855,-0.09251074,-0.096443735,-0.015402421,0.043523196,-0.12864603,-0.11930917,-0.061261583,-0.116219305,-0.07147021,-0.12552017,-0.0322285,-0.021681905,0.050292984,0.11343725,0.037384003,-0.024685474,-0.10466954,-0.02522073,0.13568945,0.09209494,0.03356025,0.099232346,-0.056613293,0.012891767,0.07678357,0.16252357,-0.06362439,-0.060537033,0.04891044,0.043104753,-0.05386926,0.022062661,0.09135169,0.032615703,-0.07622739,0.1327982,0.044342443,-0.04602487,0.108031936,-0.06651524,0.0092360955,0.030232629,-0.15200697,0.0868205,-0.057134196,-0.15087596,0.14840104,-0.008275668,-0.045142803,-0.0043644407,0.0532967,0.013876561,0.08291865,-0.047454637,0.055748552,0.00080206915,0.03837745,-0.030179786,-0.01941927,-0.057124816,0.09369959,-0.029393157,0.01698753,-0.054244775,0.04639733,-0.033777863,0.13846415,-0.033497732,-0.04989646,0.012757523,-0.014353576,-0.1270141,-0.05453874,0.061329447,0.025146881,-0.119902484,-0.06708298,0.029845431,-0.0010434757,-0.13387959,0.032668296,-0.0013934791,-0.078656174,-0.0734995,-0.026443906,0.108999,0.11342256,-0.05964142,-0.0951062,-0.029178156,0.0066699344,0.028099904,0.11571589,-0.07967207,0.046311464,0.06527442,0.08318885,0.062828176,-0.028494874,-0.051089525,-0.005925491,0.14662151,0.0560779,0.014968766,0.03930632,0.055841632,-0.31660154,-0.061106216,-0.06357471,-0.01892454,-0.07501367,-0.014966381,0.0061071403,-0.09766792,0.0482236,0.04035735,0.09586338,-0.008292872,-0.0886681,-0.07464846,0.03812012,-0.059012834,0.058094457,0.07233821,0.036987603,0.016310487,0.0072978507,-0.10155445,0.031540502,-0.08745371,-0.01844369,-0.031889275,-0.021155078,-0.047654945,0.022992404,-0.08480789,0.008996864,0.07706356,0.079000294,0.017528616,0.054994274,-0.079630725,-0.016415764,-0.04263466,0.020095475,0.04296267,0.026565786,-0.0024951473,-0.060672622,0.036558192,-0.010023812,0.118322365,0.022442998,0.034824617,-0.03478452,-0.0012472343,0.053907886,-0.10140795,-0.016588649,-0.030328894,0.021182768,-0.03756233,0.0321256,-0.009096456,-0.049911574,0.020049812,-0.0451472,0.016595365,0.027844874,0.07900932,0.011881747,0.003220189
TCGA-GM-A5PX-01A,-0.05558085,-0.01465516,0.004750889,-0.005738633,-0.0055840793,0.077155985,0.04683306,-0.02157755,-0.025768034,0.07630012,-0.03632992,-0.040608395,-0.00041235212,0.07344132,0.06797664,0.017384967,0.034624442,0.023901455,-0.013929847,-0.10617154,0.020379867,0.0593562,-0.069985524,0.105921336,-0.04061225,0.049639907,-0.14517991,-0.072817266,0.024273472,-0.09458188,-0.07323838,-0.015062572,-0.018481296,-0.09441065,-0.07229295,-0.11540844,0.02121055,-0.04354334,-0.1060808,0.021130744,-0.025873858,0.0751774,0.13254942,-0.040699102,0.013626674,-0.08005074,0.089983135,-0.052126735,0.04593407,0.10733438,0.07845961,0.027765645,0.021755386,0.077398755,0.029291416,-0.042427022,0.048220113,0.012163283,0.009000015,0.10788254,0.06648335,-0.017638901,-0.09938665,0.07766093,-0.060244124,0.026314842,0.12640388,0.05053229,-0.06563803,-0.08425927,-0.07619879,0.0153153185,-0.021232784,-0.119297974,0.08878899,-0.07879585,-0.009449133,0.02404415,0.08248282,-0.025230363,0.028956287,-0.009748459,-0.10443967,-0.01771665,-0.020285657,-0.041247647,0.011630436,0.1428035,0.11785851,-0.0035263107,0.06104886,-0.01782961,0.17351778,-0.024351388,0.15387104,-0.03234403,-0.046757385,-0.0068888445,0.06978472,-0.022118947,0.03196461,0.12902153,0.07619227,-0.04750476,-0.07998855,0.023807721,-0.038408495,0.023578603,0.04475581,-0.074725546,-0.07582595,-0.017353326,0.053268082,0.0747422,0.037467644,-0.0322155,0.016700484,-0.059324935,-0.019663913,-0.111034475,0.080398105,-0.10436239,0.05138952,0.009196707,0.107563354,-0.070317835,0.01431068,-0.000974121,0.015685355,0.12359046,0.122791916,-0.1737769,0.06126329,0.050709326,-0.15865852,-0.05455512,-0.018560866,0.039506204,-0.05014543,0.04284123,0.015279386,-0.10943902,-0.11928724,0.0020910853,0.0012401647,0.03487115,-0.13272868,-0.027040845,0.022118531,-0.022595286,0.038212147,0.0016223654,-0.06349711,0.124867566,0.06500046,0.055887155,0.035234205,-0.048040368,-0.06685983,-0.0067864894,0.026369115,-0.12131097,0.065312415,-0.1936635,-0.04870042,0.06704695,0.090169504,-0.08271673,0.022783287,-0.02054857,-0.05577064,-0.08602033,-0.043894123,0.11382949,-0.037607234,0.017835252,-0.014890408,0.06440739,0.061283052,0.15434133,0.01997564,-0.060577277,0.008562919,-0.034585018,0.035087395,-0.12706111,-0.09510073,-0.056306068,-0.11950427,0.06095987,0.0522031,-0.031596117,-0.036841415,-0.02141771,0.051429514,0.057739504,0.16429222,0.0872998,-0.10000236,-0.037176657
TCGA-AC-A23E-01A,0.0052548014,0.03393876,0.1379421,0.0065876157,0.07141635,-0.03467192,0.15326428,-0.0067094318,-0.034325976,0.06377878,0.029357428,0.09258569,0.010324234,0.12224492,0.14358972,-0.076009005,0.009602513,-0.04870171,0.014097088,-0.06501542,-0.16653126,-0.0010471037,-0.055269472,0.08700286,-0.027494593,-0.025705928,-0.09445687,-0.0687095,0.09665034,-0.09403528,-0.12574497,-0.032662254,0.005686004,-0.10643492,-0.04289196,-0.16915405,0.0042542946,0.009701036,-0.07402934,-0.043675575,0.0029907776,0.03807369,0.14600486,-0.0033701977,0.022021145,-0.04753632,0.10469392,0.07366335,0.06794576,0.054023664,0.10451816,0.018218167,-0.033104446,0.028105168,-0.05150949,-0.051426996,0.027842559,-0.0397971,0.05422394,0.001610881,0.078743234,-0.04645583,-0.07120458,0.10308273,-0.051864468,0.00089576346,0.11292953,-0.012191515,-0.062267575,-0.034219157,-0.147139,0.024306746,-0.013977743,-0.2027979,0.19827177,0.03985985,-0.075259835,-0.009057755,0.20059223,-0.083643205,-0.005609239,0.02286737,0.027615514,0.06946074,0.045764264,-0.03689352,-0.04256122,0.07510909,0.07827224,-0.007538048,0.011532554,-0.0453405,0.057407863,0.053395085,0.093072176,-0.071189806,-0.07229943,0.002429977,0.042624246,-0.033683043,-0.05602255,0.1118805,0.10701881,-0.0459833,0.030643225,-0.028844392,-0.09803249,-0.074952886,0.04181588,-0.031918455,0.058813013,-0.037096366,-0.054351244,0.048006777,0.07269419,0.028414972,-0.027622385,0.028423455,0.0007521612,0.0033381674,0.056562852,-0.11658802,0.009376921,-0.030993452,-0.062187143,0.06903901,-0.08293909,0.004681755,-0.011712075,0.10396928,0.13909845,-0.022039812,-0.043761108,-0.068139516,-0.111445464,-0.012888696,-0.08040217,-0.058237024,0.06339462,0.111839235,0.024144463,-0.11625048,-0.04326341,0.06936088,-0.03703939,-0.005176122,-0.020078536,0.09801084,-0.11058521,-0.057466548,-0.05923877,-0.029215645,0.06502309,0.0712031,-0.103186004,0.06361875,0.023504307,0.026645765,-0.09738774,-0.09807779,-0.001253714,-0.05871379,-0.03350129,-0.12919584,-0.026539316,0.100699864,0.112045705,0.0033519084,0.006949946,-0.04356672,-0.09155118,-0.021221688,0.06460717,0.043131273,0.10758742,0.01105153,-0.020230098,0.019495137,0.10389548,0.059326157,-0.04606274,-0.068651885,-0.055818874,0.028331257,0.047012758,0.0349642,-0.09449898,-0.013796564,0.027751854,0.047574397,-0.009321739,-0.112386815,-0.060577236,0.005805858,-0.009684356,0.036167506,0.06208971,0.065314084,-0.08173161,0.012322855
TCGA-HN-A2NL-01A,0.0048595546,-0.088445716,0.12987943,0.045852847,-0.059451632,0.050264955,-0.0039869035,0.044121396,-0.05025212,0.10792422,-0.0051892716,-0.016949981,0.09563528,0.15435964,0.10039733,-0.10116109,0.0029599092,0.1089596,-0.022813616,-0.15071541,0.010951162,0.035817772,-0.047094695,0.010843203,-0.017097207,-0.025838556,-0.10499316,-0.09036017,-0.016052669,-0.012575918,-0.0296231,0.013271666,-0.025046824,-0.105340675,-0.14507894,-0.10791136,0.06739152,0.012300077,-0.06405809,-0.026875589,0.05814476,0.04486779,0.06374749,-0.03711016,-0.0117908595,-0.038088903,-0.008517451,-0.072638065,0.08019965,0.08269334,0.04986084,0.08621564,-0.0015818423,0.07404168,0.0043116687,0.0014203151,0.021080535,0.009726922,-0.021686777,0.08136024,0.03075545,0.003462624,-0.06294689,0.11405775,-0.014361179,0.06907529,0.080305226,-0.038140826,-0.05804176,0.015753252,-0.11064409,0.06262351,0.0066401893,-0.14985539,0.050121654,0.0047553196,0.046386175,-0.025260575,0.083661,-0.010737637,0.039888993,-0.10486159,-0.04841624,0.08435331,-0.044488188,-0.15328975,-0.0007487553,0.10889983,0.09803171,-0.06420638,-0.00826647,-0.16924746,0.06810704,0.09140947,0.09721597,-0.048528973,0.05952908,-0.03347145,0.009704102,-0.07409446,-0.069374554,0.01842085,-0.012551616,-0.09692189,-0.0776197,-0.028026545,-0.010629711,-0.0118005145,0.06613461,-0.043066952,-0.06219507,-0.094860986,-0.08926214,0.17146902,0.0027860391,-0.07837581,-0.06356521,-0.09125376,-0.004717108,0.00031942542,0.04859452,-0.0451526,0.055609077,0.076219924,0.06644391,-0.088766985,-0.10684207,0.046712838,-0.03763163,0.0652623,0.13741003,-0.10734014,0.056654003,-0.05772432,-0.115103826,0.021222379,-0.13965982,0.008544328,0.03990909,0.028020713,-0.014309149,-0.054502655,-0.09033339,0.017681208,0.026580838,-0.08463664,-0.13256924,-0.0021514539,-0.021905016,-0.020507108,-0.10046036,0.042349473,0.034288116,0.14278983,-0.020277096,0.060336396,0.027106356,0.009734491,-0.071036965,-0.03238742,-0.025223574,-0.081557214,-0.059913673,-0.06789756,0.0046543395,0.10198338,0.103730485,0.07664529,0.030007727,-0.05545753,-0.01475632,-0.08039993,0.042838562,0.0774223,0.032511935,-0.046966583,-0.021994099,0.13113202,0.09676352,0.19198875,0.033178646,-0.08377235,-0.050452966,0.08264069,0.051273882,-0.03451799,-0.07808093,0.0020830072,-0.07353911,0.031963706,0.14103752,-0.093935676,-0.016166871,0.055393342,0.017506395,0.008388783,-0.020614803,0.061118364,0.08586586,-0.06172103
TCGA-EW-A1P4-01A,0.010229029,0.02657027,0.16033876,0.08070785,-0.0059572957,0.062348075,-0.07794112,0.061317485,0.03663615,-0.016975451,-0.01407444,-0.014231227,0.02861893,0.11393362,0.008437764,-0.071784414,-0.0054173064,0.004777861,-0.0061595202,-0.031927917,-0.014343744,0.00052957534,0.010402709,0.09917309,-0.0028009117,-0.036414728,-0.08977811,0.009064168,0.025748326,-0.060066976,-0.0055795135,-0.002493542,-0.015619423,-0.16941704,-0.026497638,-0.11242427,-0.09949149,0.012437499,-0.05227256,-0.07006455,-0.04086818,0.07887389,0.04479513,0.01448097,-0.053387396,-0.06083986,-0.014443367,-0.0026108187,0.023614082,0.15779793,-0.029647455,-0.0099456925,0.08080384,0.0890841,-0.09253276,-0.005857148,0.046589825,0.054074645,-0.07842636,0.040926885,0.016540717,-0.09497218,0.076242276,0.07684085,0.0062546073,-0.14046575,0.07577545,0.07570235,-0.08415811,-0.0017696717,-0.11354796,0.0064686765,-0.02621845,-0.16217388,0.10992927,0.07610767,-0.041894644,0.09263991,0.07022918,-0.01641132,-0.045573376,0.045950606,-0.04444404,0.01014595,-0.06198901,-0.059859317,-0.012351489,0.15935715,0.056331806,0.024361692,0.09074032,-0.1145659,0.12435567,0.0023040927,0.060899787,0.0156394,-0.0043225256,0.028114751,0.03472497,-0.026451563,-0.017866556,0.08086714,-0.03512209,-0.09310645,-0.03362586,0.020180857,-0.18041553,-0.03995183,-0.024162577,0.104154326,-0.0003036335,-0.051888697,-0.03534874,0.06480661,0.080242746,-0.019106766,0.009659724,-0.028640961,-0.056941196,0.0631313,0.0070966156,-0.036744505,0.046974506,0.01861867,0.0016008057,0.04183955,-0.045417506,0.11280438,0.0017204117,0.15866669,0.08603242,-0.023510028,0.00010058136,-0.008010532,-0.16038385,0.045626726,-0.0091209775,0.04691552,-0.051512193,-0.020995494,-0.01855523,-0.2140371,-0.0003167916,-0.055456217,-0.014251511,0.019907521,-0.039700314,0.018915785,0.07318168,-0.12863763,0.022657255,-0.028493978,0.12747017,0.0700361,-0.008780547,0.02451199,0.01322074,-0.10439444,-0.005972128,-0.035697673,-0.0071157147,-0.14577095,0.030267783,-0.20774119,0.0075423187,-0.002213517,0.088814646,-0.0056730155,0.02360836,-0.04663003,-0.076208934,-0.04855487,-0.0030204915,0.035400167,0.06588041,-0.04021187,-0.09096879,0.16730742,0.08262892,0.15912315,-0.032385632,0.043342788,-0.07269041,0.052667763,-0.065731496,-0.05521357,-0.11942053,-0.038238164,-0.063680604,0.032835018,0.08634335,-0.061261736,-0.11266311,0.04922823,0.011817503,-0.09957891,0.12874097,0.10765739,-0.043394547,-0.009185767
TCGA-B6-A0RN-01A,-0.07498148,-0.06200718,0.11430227,-0.001883051,0.018083667,0.02817759,0.031932097,-0.06504355,-0.046433944,-0.029883062,-0.046236813,0.028070292,0.041531716,0.15996353,0.06861299,-0.0074680364,0.06317466,0.08651859,-0.0010321226,-0.14910637,0.018954774,-0.03637526,-0.03973731,0.042923324,-0.044065665,-0.0009867019,-0.14406759,-0.10082627,0.022919612,-0.15049174,-0.018369058,-0.057846703,-0.03954584,-0.11630692,-0.09994744,-0.16675639,-0.04966009,-0.009639479,-0.063254766,0.08835594,-0.093161605,0.09244784,0.015985956,-0.081938945,0.017870715,-0.0153026385,0.040564466,0.01465388,-0.048889153,0.05432898,0.0705782,0.06187522,0.0472529,0.06536275,-0.054303464,-0.004015342,0.09303853,-0.03609686,-0.020827666,-0.012846081,0.042262085,0.052521788,-0.132279,0.105852276,0.021839313,0.02983882,0.12673125,-0.023055494,-0.020339556,-0.0635352,-0.13741109,0.07179128,0.0386716,-0.16754094,0.09132366,-0.08292971,-0.09218327,-0.11684967,0.041697323,-0.072250605,-0.005814515,0.040312693,-0.010533536,0.042674247,-0.039121334,0.04849257,-0.054528322,0.035665996,0.12639356,0.0056382446,0.039468687,-0.07544412,0.0062201833,-0.028810116,0.075634636,-0.014741527,-0.1044949,-0.08430061,0.047841914,-0.08104877,-0.014350182,0.075786516,-0.036193434,-0.16172288,-0.09727573,-0.04324701,-0.08125038,-0.027569823,0.030459654,0.0008197691,0.013967124,-0.08595297,-0.10736253,0.13688807,0.06933234,-0.11730234,0.026694288,-0.08868733,-0.040993102,-0.07079143,0.07174678,-0.05654684,0.07046923,-0.00087303383,-0.008575633,-0.0395819,-0.05713231,0.037395336,0.0075530657,0.125843,-0.0335,-0.050459325,0.055815108,-0.04850109,-0.038968675,-0.11458866,-0.041513477,-0.016669905,-0.040947564,-0.029767113,-0.03540433,-0.19581114,0.02161379,0.030376682,0.021855917,-0.05497785,-0.14300469,-0.025417672,-0.059460275,-0.062436946,-0.020421071,0.089553624,0.084672846,-0.04373365,-0.056896977,0.07098054,0.02046106,-0.026609508,-0.03487786,-0.017512046,-0.023899846,-0.047539264,-0.010468268,-0.07099553,-0.08941235,0.058769558,0.094847746,0.0024414258,-0.08298735,-0.050624266,-0.04256112,-0.033301346,-0.0305807,0.0019679416,0.00071815157,-0.018890511,-0.06549061,0.03473695,0.13386719,0.14977582,-0.007957402,-0.056681804,-0.00048709597,0.043718893,0.038007826,-0.09281597,-0.14198576,0.009742206,-0.07145707,-0.028514108,0.14291854,-0.06348358,-0.0068267183,0.03443543,0.009175211,-0.027509354,0.058282513,0.122020416,-0.089510955,0.109435685
TCGA-E9-A22A-01A,-0.029151808,0.007646032,0.09972572,0.0037040648,-0.013852973,0.1009024,0.03945315,0.005621985,-0.041003775,0.032513343,0.031874187,0.039771672,-0.03826356,0.18650593,0.02246533,-0.01754684,0.015391857,0.06673343,0.016687037,-0.12563676,-0.011606354,-0.07272474,0.014996771,0.032456286,0.019364858,-0.029571522,-0.14596637,-0.033784993,-0.033801313,-0.049235534,-0.08527244,0.08232037,-0.048233066,-0.14791837,-0.04791511,-0.1019011,0.030499123,0.01701911,0.011570627,-0.008244822,-0.037041694,0.025628213,0.0534765,-0.06620116,0.011064656,0.05104406,0.064426534,-0.008583543,0.06254792,0.13001506,0.00021743169,0.024550859,-0.06474662,-0.023985928,0.029083041,-0.00017404862,0.08817919,-0.0185606,-0.018742237,0.0017067088,0.05390595,-0.02782741,0.038821436,-0.0014987431,0.0055932635,-0.034598555,0.15850717,0.016824666,-0.0476687,0.063865595,-0.15585667,0.024462726,0.010568145,-0.15145725,0.10694897,-0.034628168,-0.022002364,-0.0038878156,0.047179352,-0.028001834,-0.06883974,0.040676508,-0.022614479,0.043776553,0.056367423,-0.07141584,-0.0760772,0.07901326,0.19688725,-0.10133429,0.05389859,-0.009126737,0.036227312,0.048972975,0.033502527,0.033313375,-0.09464911,-0.025139531,0.027349165,0.117690064,0.078162156,0.090546675,0.06394321,-0.06303744,-0.02285498,-0.00037629294,-0.017891496,-0.09584716,0.04731588,-0.023255179,0.09629917,-0.06135338,-0.09198071,0.12528624,0.0966314,-0.06744498,-0.016781045,-0.0065463055,0.030572992,0.02961913,0.06087368,-0.049272478,0.10192364,-0.030895283,0.0576592,-0.0025834655,-0.07251556,0.102741964,0.0031134093,0.14872079,0.14319696,-0.034600753,0.083193414,-0.07425388,-0.14724506,-0.0008814277,-0.034309767,-0.03660432,0.025619462,0.046375606,-0.066904314,-0.18385889,0.090295106,0.10771546,0.005017016,-0.03897325,-0.106984034,-0.054165225,-0.03158839,-0.034863185,0.0742386,-0.019089593,-0.01187858,0.08774288,-0.040424965,-0.046094596,0.028872402,-0.0427629,-0.027148403,-0.04261928,-0.03496019,-0.046142112,-0.006551664,-0.09922509,-0.06466511,0.07457414,0.15386322,0.04444825,0.010643917,0.008269791,-0.015821127,-0.011799563,0.14149448,-0.017293084,0.09848196,-0.01949187,-0.11837768,0.085163176,0.024272347,0.17067209,-0.009725997,-0.010020761,-0.089348026,0.112002276,-0.015847215,0.012191715,-0.19925588,-0.035375938,-0.056542654,-0.08457904,0.082042806,-0.09998603,-0.10274306,-0.024380516,0.060234934,0.07262223,0.0012735948,0.12036588,0.013140978,-0.028497733
TCGA-E9-A22B-01A,-0.07519498,-0.033756807,0.16214257,0.03549196,0.049918454,0.06376149,0.10993233,0.026080413,0.0072648805,0.05267606,-0.064812146,0.029349253,0.01654087,0.07988826,0.060621157,-0.025522776,0.03460076,0.06779728,0.005259459,-0.085509755,-0.0020143979,-0.08389048,-0.07597933,0.087064594,0.04131449,0.0052132187,-0.13028833,-0.0070643667,0.08091251,-0.12241654,-0.027577568,0.082509704,-0.017613936,-0.11844455,-0.09794744,-0.1026718,-0.05916318,0.07474844,-0.014891059,-0.0017282263,-0.07281944,0.035668645,0.14018354,-0.063325725,0.047413964,0.0033808046,-0.11646981,-0.07299402,0.026880745,0.13201295,0.13357383,-0.027073722,0.037325498,0.09547947,-0.004631379,0.04622411,0.028423782,0.019205535,-0.088234045,-0.059812054,0.06332198,0.03573915,-0.048243653,0.0767657,0.023763888,0.0021162124,0.0940033,-0.026470702,-0.113904655,-0.025786795,-0.022843556,0.06287647,0.04471379,-0.1603617,0.04755536,0.0032419267,-0.08164753,0.046087664,0.11066904,0.012316662,-0.041443653,0.017340822,-0.00686616,0.024920287,0.0391456,-0.043064382,0.03611596,0.14314862,0.09710417,0.028860597,0.025628082,-0.04078652,0.020125287,0.055920858,0.0951098,0.010994485,-0.101397276,0.041980606,0.04023253,-0.089365914,-0.03194997,-0.006851234,0.15909757,-0.07489304,0.0036543747,-0.018139163,-0.006635043,-0.11352966,0.009997622,0.0061458307,-0.033596218,-0.076234646,-0.14294504,0.14684854,0.14449024,-0.0014797733,0.043440033,-0.053715542,-0.009544889,-0.051239893,0.09860804,0.018611763,0.027803682,-0.07307,-0.021878118,0.02755517,-0.16353542,0.07735491,-0.0033053989,0.080442175,0.06762429,-0.100652434,-0.008569506,-0.11018002,-0.10791768,-0.032999948,-0.05287262,-0.051643487,-0.0638405,-0.06072477,0.029473582,-0.18061833,0.038750466,0.07933216,0.026752515,-0.016382663,-0.15164705,-0.08449302,-0.027751228,-0.038283918,0.0433414,0.04620102,0.0055055367,0.047585584,0.02920269,0.059642356,0.041630436,-0.0076103862,-0.12986927,-0.04064079,0.08173106,-0.061128505,0.08737824,-0.057735987,0.07989278,0.0690918,0.11390138,-0.096599594,-0.095193274,-0.071680665,0.02393282,-0.045730792,0.0020146845,0.0047253827,-0.014514836,0.05160838,-0.106398486,0.0840395,0.14064784,0.09112414,-0.05825281,-0.014928335,-0.029676132,0.0589769,0.10300903,-0.020859426,-0.030256048,-0.009739651,0.022867315,0.08606537,0.019365516,-0.060195953,-0.062846005,0.06830219,-0.097118534,-0.056515757,0.05908201,0.06975887,-0.007841012,-0.02600585
TCGA-D8-A27E-01A,-0.01311682,-0.076952316,0.083219334,0.06141991,-0.020332487,0.007736942,0.029908372,0.01762666,-0.03190228,0.030237092,-0.031555295,0.051863,-0.03932946,0.15304697,0.10994634,-0.09631602,-0.010324794,0.081655934,0.007347995,-0.0593831,0.05094503,-0.07683906,-0.026513504,0.10084284,-0.010803152,0.001022101,-0.15040913,-0.13677654,0.07694483,-0.02922043,-0.074130945,0.0012152635,-0.07921359,-0.11733244,-0.106746,-0.10924471,0.01736098,-0.06083401,-0.13449012,-0.086355254,0.03850916,-0.017439973,0.015035437,-0.015070408,-0.13068049,-0.060009185,0.12133658,0.05566762,0.03894703,0.11470082,0.08115163,0.09820976,0.021935163,0.12182968,0.010043172,0.028926654,0.08133923,0.047735635,-0.03752132,0.10409199,0.116841555,-0.006659492,-0.06742113,0.028291412,0.056252792,-0.08690587,0.08302208,0.020843668,-0.078365184,-0.011257529,-0.14206468,0.041193556,0.036549333,-0.19765328,0.13526292,-0.060783338,-0.006336751,0.007326461,0.062434975,0.0047949045,0.027874585,-0.03007126,-0.04943654,0.06723497,-0.0048928685,-0.041209016,-0.02626173,0.08734452,0.094320506,-0.010886338,0.019808374,0.06531119,0.059704773,-0.051691588,0.12588973,-0.10438348,0.08209163,-0.014524254,0.020207278,-0.08606564,0.046886668,0.01405571,0.0650744,-0.012635099,-0.09165495,-0.008020384,-0.0150824115,-0.04495812,0.014352797,-0.104796395,0.018626645,-0.10112777,-0.05524259,0.087066166,0.060199525,-0.09445652,-0.09483317,-0.04540655,-0.073480435,0.047393605,0.1467029,-0.093154475,0.09456344,0.040529728,-0.033662908,-0.058079034,-0.004559805,0.017627856,0.071737826,0.08047289,-0.01725994,-0.043816134,0.033158623,0.012539676,-0.12465776,-0.04802044,-0.018874139,-0.044396162,-0.047028076,0.06831276,0.025122123,-0.089506105,0.0125352675,0.015429013,0.08925335,-0.005577437,-0.11264405,-0.050297674,-0.0005721018,-0.06868217,0.060989283,0.037882634,-0.0063276766,0.14371952,-0.12256594,0.052724265,0.035113133,-0.05454406,0.0029745803,-0.006769515,-0.044177953,0.026168367,0.002995983,-0.04757159,-0.027070573,0.0069098757,0.12420252,0.08956648,-0.0079220645,-0.07022678,-0.055566564,-0.16598937,-0.004655309,0.05689894,-0.04798564,0.04791841,-0.07292032,0.09306734,-0.054011136,0.17991099,-0.04389572,-0.032666653,-0.009449933,-0.033849332,0.09015062,-0.017633537,-0.10018808,-0.040992677,-0.0073146657,0.054926574,0.13973036,0.0016162426,-0.03874969,0.040175408,0.046923317,0.07965103,-0.0011102518,0.12871811,0.004222057,0.038668808
TCGA-BH-A1EV-01A,-0.003376482,0.024832502,0.123543404,0.08627395,0.02473633,0.059129145,0.1169056,0.0047499523,-0.05683802,-0.005323733,-0.07815124,0.02136566,-0.026474893,0.19027261,0.0377814,-0.03427198,0.011969133,0.016021637,-0.036073174,-0.024617236,-0.020948423,-0.12215608,-0.03980068,0.10992563,-0.0013452892,-0.062184524,-0.059755392,0.009624154,0.057708718,-0.027922418,0.0137229785,-0.02295997,-0.08216448,-0.1117557,-0.022681603,-0.12961106,-0.07163737,-0.072437786,-0.078849204,-0.1146367,0.045647115,0.11956656,0.11134456,-0.10093173,-0.03732106,0.029503474,0.060685903,-0.02838498,0.021340823,0.02053629,-0.015824676,0.09944826,0.013077383,0.17548908,-0.081250735,-0.045096226,0.093187846,-0.012982871,-0.0010662014,0.023264376,-0.024891661,-0.02681982,-0.0168243,0.042479448,-0.04914352,0.0089226365,0.12443083,-0.05861126,-0.11624108,0.008612995,-0.15509422,0.018732226,0.013523657,-0.17174532,0.123607285,0.012532027,-0.074011885,0.000534727,0.09259495,-0.0354734,0.023189286,-0.0033804923,-0.03607252,-0.046800733,0.031570733,-0.078061774,0.04193226,0.05507151,0.10848411,-0.025856668,-0.01967359,-0.013387571,0.020198384,0.13252823,0.047879808,-0.062095694,-0.048475962,-0.008403239,0.0316122,-0.075967014,-0.038152646,-0.015299977,0.021659577,-0.12344939,-0.054826304,0.109731816,-0.008207721,-0.19951774,-0.016169207,0.021482557,-0.030882627,-0.12266874,-0.19668625,0.08528825,0.12246352,-0.013399936,0.021297581,-0.07621233,-0.0023714872,-0.06189975,0.07586777,-0.054194834,0.098849,-0.004898042,0.077559985,0.004812865,-0.14858106,0.0810136,0.09322138,0.10877896,0.0446754,-0.07302949,-0.14676721,-0.01470347,-0.18690604,0.0005535964,-0.043378085,-0.06437548,-0.01934148,0.015533823,-0.083108254,-0.10353681,-0.038104765,0.12841459,0.008996019,0.030565942,-0.045800105,0.023359763,-0.0060942825,0.031278696,0.001770698,-0.02071489,0.064387955,0.033266716,-0.021755565,-0.028645046,0.047749534,-0.06707747,-0.047256485,-0.09481184,0.013829584,-0.030224375,0.077171326,-0.09880126,-0.007403178,0.10696403,0.080172,-0.043235213,-0.035492145,-0.009823044,-0.05767927,-0.13874975,0.06939223,0.059682153,0.014622605,-0.016695343,0.028888624,0.06616155,0.010108495,0.076839276,-0.02194418,-0.03938469,-0.035632994,0.11677429,0.015275326,0.067697965,0.007918252,-0.010312525,-0.048362795,0.037897673,-0.025570279,-0.13424516,-0.0010825829,-0.008557165,0.039961513,0.038959365,0.044319768,0.06668155,-0.05713766,-0.024435388
TCGA-BH-A0BZ-01A,-0.062149193,-0.0490473,0.091958955,0.023454549,-0.065841064,0.0048347213,0.051904563,0.0031681673,-0.040683858,-0.026517509,0.0033750397,0.03774823,-0.0566628,0.085086234,0.13669382,-0.035257638,0.05169835,0.12075676,0.02886471,-0.03269913,-0.002116098,0.0012649235,0.0026659737,0.091899455,0.04820341,-0.06811043,-0.12423831,0.021032855,-0.09990858,-0.08497726,0.001085535,-0.01678807,-0.045094013,-0.11015124,-0.09578432,-0.09856099,-0.043215368,-0.0011094628,0.032274213,0.010433634,0.04523216,0.056152433,0.13284767,-0.15574467,-0.010629839,-0.01353048,0.010476269,-0.03508618,0.08430673,0.084433995,0.18496414,0.06566787,0.032396033,0.10887296,-0.05988142,-0.00064937084,0.058659695,-0.019234192,0.026533386,0.05195321,0.007859926,0.028106852,-0.08769389,0.14972852,-0.052511275,-0.03693309,0.17341712,-0.053124078,-0.10432558,0.023091298,-0.15934797,0.020706257,0.047684886,-0.14063545,0.066214964,0.07849745,-0.061525907,0.10191793,0.14598548,0.009322335,0.011565113,-0.0073541813,-0.017465847,0.08110081,0.016723106,-0.102227196,0.059528925,0.11221124,0.11391888,-0.09474118,0.05863906,-0.07967802,0.010356448,0.023890927,0.078091145,-0.04522675,-0.08933732,-0.0454799,0.0015080083,-0.10115587,0.054936,-0.0126120355,-0.012166526,-0.07131576,-0.01356451,-0.07681733,-0.004391949,-0.047698442,0.06791048,0.030727895,0.08204429,0.018237598,-0.17554572,0.09465787,0.09759872,0.003670914,-0.014568182,-0.08428664,-0.057100095,-0.122970454,0.07505251,-0.16574404,0.03910168,0.05510993,0.05285491,-0.009059357,-0.04567843,0.09172012,-0.012398568,0.05448734,-0.007576778,-0.009437262,-0.0896706,-0.04646584,-0.15618579,0.0050810208,-0.043592818,0.009867219,-0.031070257,0.008731881,-0.015390546,-0.07086532,-0.07838902,0.045746647,-0.08768829,0.004682893,-0.12516093,-0.039718673,0.004521345,-0.035203878,-0.0032988945,-0.031624734,0.07775715,0.1040378,-0.026498824,-0.031448986,0.08615929,-0.06850631,-0.06827189,-0.06259238,0.0028191446,0.074672066,0.045621295,-0.048490748,-0.079957604,0.040728457,0.030233772,-0.009885367,-0.08451119,0.009512907,-0.019109828,-0.08825778,0.11602316,0.043117195,0.051934782,-0.066357955,-0.15536092,0.08613828,0.14225475,0.06472411,-0.014625341,0.0017896601,0.0049680723,0.00814769,0.069078624,0.003864635,-0.12518144,0.009579466,-0.0020436922,0.08898155,0.077286296,-0.07426888,0.037358128,0.070899025,-0.07537955,-0.0049791927,0.024535595,0.026700284,-0.039737277,0.03953919
TCGA-A2-A0YC-01A,-0.040483788,-0.0616461,0.06901341,0.03698408,-0.07511354,0.061708357,-0.08348362,-0.008856128,-0.057063434,0.0728359,-0.020194693,-0.0177915,0.03859841,0.1274701,-0.010639221,0.020479346,0.007427737,0.025324237,-0.10315589,-0.100907795,-0.0066269133,-0.05801101,-0.018358009,0.017022168,-0.027398178,-0.008072087,-0.15346405,-0.020676546,-0.000559179,-0.14650148,-0.02451943,0.045950096,0.021955885,-0.07777863,-0.06765323,-0.031161278,0.030723797,-0.005533943,-0.15893075,-0.04994833,-0.039900955,0.0719361,0.10828755,-0.10453298,0.055797048,-0.064825244,-0.017375182,-0.05804542,0.07615984,0.117782876,0.111455694,0.0478446,0.07366736,-0.009531072,0.014815159,-0.061498974,0.0016141776,-0.07892365,-0.04250237,0.06829584,0.06565719,0.001177288,0.06172588,0.03184056,-0.013845919,-0.030076971,0.10238938,-0.005003701,-0.121783234,0.067170784,-0.15401967,0.009188998,-0.062407352,-0.100724995,0.07439371,0.028473007,-0.008732686,-0.021841766,0.15028213,-0.09059772,0.02023976,-0.13744722,-0.007433668,0.08833776,0.05946524,-0.14669295,-0.005928002,0.087174416,0.12693235,-0.08583087,0.076552756,-0.076877244,0.04689235,0.0899832,0.18358128,-0.074867435,0.05852739,-0.06527886,-0.006649693,-0.07635408,-0.094449155,0.047514483,0.08886934,-0.078058705,-0.05337644,0.026294399,-0.057359282,-0.106419794,-0.002570452,-0.039367687,0.005064458,-0.039436355,-0.04462485,0.07603503,-0.008490114,-0.032526884,-0.0035404551,-0.024086777,0.0787492,0.027100088,0.039209258,-0.078266054,-0.010631417,0.05471992,0.0042102034,0.023422634,-0.12737976,0.0053344406,0.03589153,0.18383907,0.076119736,-0.09457678,0.05202034,-0.09388934,-0.15510845,0.027835175,-0.03249976,-0.05119109,-0.07254493,0.0250278,-0.08302396,-0.14755672,0.089154206,0.024489999,-0.071064845,-0.09801012,-0.07256598,-0.006099545,-0.042646293,-0.052989602,-0.031186026,0.028445883,0.016650843,0.030031726,-0.039643034,0.09358552,-0.045990203,-0.02483085,-0.036514025,0.022933098,-0.01124295,-0.0223575,0.04255149,-0.20711026,-0.01851182,0.11418469,0.14172888,-0.015916793,-0.06262395,-0.041339695,-0.007774198,-0.033760484,0.015853617,-0.0006104213,-0.028540436,-0.061322585,-0.14608492,0.06484265,0.024406783,0.1302719,0.005907957,-0.0708177,0.050522827,0.03176093,0.05668939,-0.027985457,-0.06753927,-0.055019762,-0.03560874,-0.02633739,0.0784083,0.00446581,-0.09100961,0.006671291,-0.008799728,0.021648675,0.0988694,0.10485902,0.014220926,0.015424679
TCGA-BH-A0W5-01A,-0.030172845,-0.083785914,0.14732812,0.07050989,-0.028111342,0.0605029,0.019593066,0.049966745,-0.014687545,-0.02548288,-0.016832998,-0.020982444,-0.022575567,0.14556876,0.095026724,-0.009492793,0.022039922,0.12290127,-0.035434257,-0.09395699,-0.07569974,-0.081187226,0.037660763,0.052923426,-0.008718982,0.01344864,-0.13858531,-0.07544959,0.020910786,-0.10894218,-0.086156696,0.056453407,-0.07965332,-0.13429074,-0.101650916,-0.13946651,-0.070045516,-0.0012427861,-0.04234836,-0.052284703,-0.046337806,-0.022640463,0.009694819,-0.0723857,-0.01912999,0.014711916,0.040930938,-0.1147906,0.022683728,0.10825296,0.025548335,0.05112204,0.01770268,0.09739446,-0.058460496,0.057526235,0.049295705,0.013967898,-0.04639018,0.042961165,0.045653842,0.002557293,0.017807601,0.043276776,0.082656935,-0.08033235,0.09117153,0.0039934325,-0.07537955,-0.02222468,-0.19058523,0.06688776,-0.023525529,-0.14686294,0.045718055,0.0021117467,-0.08182732,0.03850657,0.0796966,0.021869956,0.04496691,0.059512444,-0.03354211,0.09796073,-0.044562712,0.014029118,-0.030358749,0.07177517,0.17762718,0.060067702,-0.0016937227,-0.070144616,-0.0010047831,-0.07226352,-0.018666927,-0.019328916,0.004374942,0.04202032,0.03322999,0.009154757,0.1227932,0.030507892,0.09417447,-0.16607113,-0.045846365,-0.024353478,-0.042792093,-0.056730878,0.0033098622,-0.0022518195,-0.052325156,-0.0507331,-0.106637515,0.08954233,0.13532428,-0.06667757,0.054508302,-0.07444111,0.039771814,-0.02891353,0.0011744095,-0.032701086,0.03070376,0.011357252,0.077657335,0.11985422,-0.021775141,0.00363142,0.040114053,0.09067321,0.15597323,-0.051195197,0.05774856,0.012748603,-0.17533162,-0.023271786,0.025847342,-0.045810644,-0.06642121,0.062606424,-0.009099686,-0.17085077,-0.004512525,-0.018317465,0.067311026,-0.048661776,0.067196116,-0.005978765,0.019560631,-0.05330685,-0.0066421297,0.029686643,-0.011740361,0.018213296,-0.0056685796,0.015275587,0.075788684,-0.13351248,-0.060447283,-0.13459736,-0.07929386,-0.0446535,0.10096987,-0.06498301,-0.08424522,0.06449782,0.095539466,0.039135158,-0.03776253,0.012593216,-0.014623049,-0.18280664,-0.036337208,-0.014789124,0.045813736,-0.008852197,-0.026597593,0.08896134,0.16209619,0.04928626,-0.0076393806,-0.07894261,0.0013809934,0.062086444,-0.006764543,-0.014358281,-0.14276852,-0.018747631,-0.05559168,-0.036783896,0.14946787,-0.0069800774,-0.12597604,-0.046913657,-0.037519954,0.023867149,0.08398021,0.010874794,0.026724733,-0.04110842
TCGA-GM-A5PV-01A,-0.077718556,-0.049718842,0.09956763,0.064978495,-0.09204767,-0.026248172,0.027531834,0.042054,-0.055233095,0.0386092,0.03650969,0.034024224,0.02094757,0.17194211,0.12208952,-0.06451105,-0.015636452,0.14078487,0.022176405,-0.03544314,-0.03608704,0.02303596,-0.005468988,0.056409437,-0.033534825,0.035021216,-0.0947212,-0.06567179,0.036247436,-0.08754141,-0.03340413,0.049506433,-0.07557815,-0.08971171,-0.048497077,-0.12396013,-0.0012922271,-0.06256942,0.0276313,-0.05085479,0.015679328,0.1257157,0.06892103,-0.08267852,0.056725476,-0.04507838,0.09077055,-0.02303488,0.0021501216,0.008843949,0.04345694,0.11465018,0.12066565,0.004253052,0.058385197,-0.0773024,0.09826825,-0.013901652,-0.026844941,0.02470122,0.02882826,-0.0869771,-0.09955838,0.16277674,0.027673256,0.02880445,0.10979821,-0.011145366,-0.09845879,-0.04759221,-0.1923965,0.0595106,-0.079594776,-0.25785,0.06569767,0.077857606,-0.028059954,-0.05695886,0.082001895,0.020653369,0.053752683,-0.030589726,0.050924435,0.018589688,0.015504196,-0.029176528,0.03146567,0.034762062,0.050003763,-0.0007212173,0.08339381,-0.07743469,0.07648408,-0.07354799,0.04742744,0.0370021,-0.02926314,-0.037076317,-0.05437261,-0.013700188,0.024188379,0.022152854,0.032780036,-0.08958728,-0.042108987,-0.018201739,-0.13595171,-0.0738044,0.054633804,-0.05027433,-0.044370815,-0.10834142,-0.058037147,0.06421902,0.08873987,-0.0018786308,-0.06321373,-0.050100338,-0.020453334,-0.046234265,0.16533282,-0.1479747,0.03235436,-0.04163067,0.038413353,-0.04648638,-0.020160832,0.14914604,0.06812677,0.02636815,0.08773852,-0.041818466,-0.01962787,-0.044377174,-0.19264257,-0.06514035,-0.013282604,-0.021613125,-0.05171202,-0.0030314438,-0.0054939254,-0.14416867,-0.040459298,0.04711753,0.0006117677,-0.011836074,-0.17781639,-0.05768617,0.01091872,-0.021986287,0.0900772,0.072929315,-0.030327702,0.10707437,-0.022250205,0.013529876,0.054644033,-0.065415405,-0.10707052,0.031517327,-0.005956158,-0.071757555,0.041996717,-0.100595206,-0.02048543,0.0058988556,0.05907408,-0.026181646,-0.041999873,-0.013626441,-0.021467365,-0.04249107,-0.0684744,0.020848408,0.08804249,-0.05221574,-0.11696832,0.12410409,0.026682751,0.15919489,-0.009022836,-0.047722355,0.014944051,0.014750458,0.081509605,-0.045767006,-0.0906837,0.0009971603,0.006116826,0.09899177,0.045998797,0.020001305,0.023054583,-0.010828211,-0.058938332,0.0430411,0.08730646,0.038619455,0.017175825,0.0437469
TCGA-B6-A0WX-01A,-0.0257168,-0.07306995,0.09811935,0.005338693,-0.008034538,0.04924458,-0.026726944,0.019330733,0.02599501,0.03266768,-0.02737224,-0.0069837198,-0.046834428,0.14024225,0.10700476,-0.025852209,0.013972025,0.13570601,0.09061305,-0.122994885,-0.07174024,-0.04607233,-0.09515098,-0.0072369,-0.033686694,-0.032980464,-0.16439083,0.02056171,0.022837285,-0.045715097,-0.0750847,0.0065521416,-0.1801245,-0.17600584,-0.0050088353,-0.06792426,0.028374115,0.066398084,-0.009602545,-0.008305351,0.09662367,0.101131424,0.11559379,-0.02029244,-0.039403223,0.02219282,0.013144007,0.034373246,0.058129538,0.06656787,0.004389184,0.0703278,-0.0075507336,0.07070802,-0.01906774,-0.008435542,0.029217012,0.00032467017,-0.120168574,0.1143643,0.10233961,-0.0031704057,-0.0714519,0.064341664,-0.101572014,0.016590282,0.13264391,-0.045322977,-0.1034796,-0.047970843,-0.11610515,-0.025405552,-0.02685118,-0.12897383,0.12087316,-0.03722968,0.05017214,0.10856822,0.13807258,0.02594968,0.055260982,-0.097161435,-0.011368031,0.06264994,-0.05378484,-0.06003981,-0.032254666,0.08747745,0.21120712,-0.0776001,0.14764471,-0.06713818,-0.028091671,0.06735571,0.051770616,0.0019742786,-0.117119715,-0.0066960137,0.1093384,-0.04443334,-0.04068457,0.04427607,0.037986636,-0.043393526,-0.016412554,-0.08465264,0.045304522,-0.035144273,0.044204492,-0.023018269,-0.030339887,-0.15284115,-0.12886418,0.0996744,0.026837328,-0.1243619,-0.09921416,-0.050740685,-0.09221557,-0.05182902,0.08923178,-0.11873958,0.12830089,-0.026983853,0.104670204,0.030651767,-0.01667227,0.06491222,0.01251708,0.06657299,0.045620367,-0.026925834,-0.040312715,-0.024875475,-0.11806368,0.0019167324,0.007696519,0.020321649,0.0014685112,0.023179987,-0.056862712,-0.11842371,-0.04192761,0.100584865,-0.02786009,0.06133124,-0.10314146,-0.004208783,-0.01682697,0.046151876,0.009477417,0.0051456178,0.060621325,0.06904052,-0.019015873,-0.0013169073,0.109938554,-0.08244747,-0.038630474,-0.0022208611,0.004652229,0.042372514,0.026760178,-0.119476266,-0.0959551,-0.03000791,-0.010610512,0.099183455,0.006617656,-0.02888772,-0.09361735,-0.13869604,0.033291213,0.034227684,0.015767395,-0.04034142,-0.077974394,0.016147714,0.036164805,0.092474416,0.038117304,-0.077993184,0.048184395,0.020645319,0.025343169,0.043931577,-0.081677906,-0.0340394,-0.022969114,0.018022183,0.025089273,-0.0659721,-0.06920988,0.048219707,-0.03219682,0.027407238,0.07223696,0.046323735,0.052334104,-0.060052715
TCGA-A7-A0D9-01A,0.0647053,-0.14428143,0.11155264,-0.023613762,-0.018789042,0.13372271,0.029211055,0.021405308,0.020706119,-0.0095607685,-0.073791854,-0.035405263,-0.056030773,0.121790044,0.054219484,-0.026692629,-0.010885916,0.025778422,0.07397523,-0.11183367,-0.019851612,-0.0005288697,-0.040431987,0.1103352,-0.11215745,0.021614728,-0.17361788,-0.046683393,-0.0057722153,-0.12741832,-0.003965507,0.038183514,-0.064782545,-0.042301938,-0.1547425,-0.09568963,0.026115572,-0.03936268,-0.06087115,-0.045740534,-0.01442079,0.022458948,0.13215108,-0.055439163,0.016684707,-0.01285893,0.0075442973,-0.026001535,0.08279499,0.1345451,-0.004134707,0.039457582,0.016131543,0.16375425,-0.024031386,0.016656289,0.03478188,0.030487305,-0.11866081,-0.02651345,0.006050111,0.026136363,0.0022845143,0.08608722,0.022360716,-0.029798774,0.13105175,-0.005994804,-0.11052211,-0.054422695,-0.11920281,0.03169419,-0.044410788,-0.14796805,0.12877981,-0.06855976,-0.03862879,0.0123323025,0.12481734,0.00090674614,0.0679915,-0.055230044,-0.020060083,0.04415062,-0.052681353,0.0016794696,-0.018652137,0.12043829,0.21938387,-0.020041967,0.010979186,-0.0340899,0.023027949,0.048362922,0.09861832,-0.09814052,-0.029991195,-0.05792113,0.033376433,-0.00035415177,-0.03635704,0.06968771,0.028567275,-0.09834556,-0.061386805,-0.05258128,-0.045673113,-0.06483271,-0.00089366594,-0.026445545,-0.10799271,-0.07823568,-0.111731276,0.09984281,0.08644331,-0.036681388,-0.052006926,-0.08230081,-0.006847764,0.010151973,0.12443599,-0.14404988,0.09837403,0.0020553854,0.027729,0.024507588,-0.115861505,0.036507677,-0.039429795,0.12545328,0.21957731,-0.02237178,0.08133825,-0.08490716,-0.1738646,-0.006666278,-0.015571468,-0.0896548,-0.011656203,0.07693342,0.0018759469,-0.16095458,-0.04625344,0.049372368,0.017927198,0.00836363,-0.103742845,-0.03758074,0.05821044,-0.019511292,0.045006804,0.038817037,-0.013471942,0.033839807,0.054526553,0.013471927,0.05239472,-0.062129427,-0.10467355,0.016076457,-0.004519693,-0.037202436,-0.032390222,-0.09476797,-0.060619354,0.033965375,0.04437712,-0.028466873,-0.0240773,-0.01073458,-0.037788965,-0.053263847,0.02008057,0.044654347,0.01113815,-0.029949624,-0.10703642,-0.023949772,0.053368535,0.11898016,-0.0598525,-0.08363722,-0.000402957,0.0076221162,0.070788264,-0.07718338,-0.04229757,-0.0539737,-0.023279183,0.050170895,0.072742224,0.038627554,-0.052076314,0.0023448954,-0.039179377,0.039534703,0.05554986,0.044497024,-0.021696338,-0.008179121
TCGA-S3-AA17-01A,-0.063571066,-0.0425237,0.03775071,0.0087525025,-0.063458696,0.0372164,0.09226793,0.058851656,0.0036596083,-0.07098666,0.030251909,-0.009052483,-0.00014751544,0.1328363,0.16986634,-0.07481934,0.010647151,0.039118454,-0.04336771,-0.103941366,-0.045534395,-0.042338356,-0.037549887,0.21178775,-0.012937031,-0.1096854,-0.13842098,-0.028647102,0.1193392,-0.026944898,-0.05692631,-0.013294789,-0.06743767,-0.17127044,-0.13813041,-0.05776258,-0.048109587,-0.019873383,-0.0902812,-0.025505695,0.009364544,0.07985422,0.07405809,-0.04519371,0.009291354,-0.05866772,0.04965954,-0.041635968,0.07109882,0.11956366,0.10334989,-0.03257212,0.051125616,-0.011256194,-0.019639552,0.0016318808,-0.0023288282,-0.029180026,-0.110535964,0.010560735,0.0843382,0.06553697,-0.056396775,0.026607806,-0.1092552,0.025713583,0.06797753,0.004953774,-0.038763575,-0.07073574,-0.08174193,0.10673872,0.06697425,-0.15660325,0.14998744,0.062774286,0.018008811,0.0006728641,0.117510796,-0.015269121,-0.037268758,-0.015740264,-0.0020986428,0.06507692,-0.05534552,-0.13005766,-0.055339057,0.10157916,0.07784936,0.022116747,0.11848547,-0.13211758,0.04634256,-0.041677304,-0.009939619,0.0033810332,-0.15328269,-0.014415135,0.066427045,-0.03148771,-0.06272885,0.035104383,-0.06308026,-0.05064058,0.035612505,-0.0027443431,-0.006356444,-0.06714704,0.038844734,0.03167608,-0.014173268,-0.034090813,-0.08194715,0.13667598,0.06575805,-0.05370655,0.014840058,-0.06084685,-0.061407633,0.025604775,0.13267855,-0.1492711,0.06582006,-0.049801778,0.059188884,0.0338631,-0.05559229,-0.0345414,-0.078395106,0.20022209,0.037231274,-0.13341206,-0.043350108,-0.059579,-0.16206813,0.042283453,-0.02791067,0.024822365,0.0009488989,0.08904548,-0.08653055,-0.12297344,0.005573035,0.0054516173,0.033670604,-0.021858348,-0.09857728,0.01645954,0.007452526,-0.051331293,0.053790696,0.024649687,0.12768191,-0.040044893,-0.00048424976,0.04921057,0.010429479,0.003621306,-0.030443314,-0.08996019,-0.05255365,0.028046433,0.03812094,-0.07256415,-0.030454433,0.045581166,0.081008755,-0.057946846,-0.072737254,0.0025518932,-0.030943729,0.04134319,0.012051794,0.039417725,0.0940923,-0.038903892,-0.05794199,-0.045109358,0.12960333,0.11853491,-0.047012042,-0.026665114,-0.063545905,0.07862884,-0.006023132,-0.050323747,-0.082870506,-0.06260469,-0.048475977,-0.0031828035,0.1324151,-0.016173042,-0.04706561,-0.010762294,-0.023763096,0.022068692,0.022408338,0.020781534,-0.03536769,0.000119576805
TCGA-C8-A274-01A,-0.042390708,-0.0010112165,0.06338429,-0.015704326,0.02260726,-0.006959037,0.09668917,0.1424829,0.00356533,-0.0011055109,0.030699128,-0.11348022,-0.055413622,0.18272339,0.114443816,-0.07677181,0.024267426,0.06792647,0.060768776,-0.084970735,-0.08280535,-0.06707071,-0.030163532,0.08483509,0.0029860588,-0.06885338,-0.16341482,-0.09557378,0.028467651,0.02644106,-0.06618427,0.033087675,-0.053615782,-0.16830684,-0.058162842,-0.12708597,0.013017345,-0.036521457,-0.027379159,-0.060824525,-0.019939903,0.02450149,0.11925814,0.042700775,-0.03333378,-0.0026399246,0.019137641,-0.031131543,0.019922053,0.12930335,-0.0022325309,0.04518021,-0.056132127,0.13100208,-0.027445413,0.03717307,0.043631885,-0.0022141854,-0.08550923,-0.021472093,-0.062800616,0.021943394,-0.076666445,0.07700162,-0.05896505,0.0065427236,0.11672335,-0.037135635,-0.011727454,-0.013229548,-0.1261627,0.032722905,-0.040892083,-0.12644753,0.14540946,0.0010438215,0.008580009,0.015644576,0.15370025,-0.009315747,-0.010785391,-0.04000712,-0.014373829,0.009773058,-0.08321655,-0.12337845,-0.13476752,0.05885994,0.15019813,-0.04793378,0.012296345,-0.06538986,0.11271083,-0.052008465,0.05150307,-0.097060196,-0.041472144,0.017688774,0.088652425,-0.013821873,0.048319843,0.10082524,0.045878693,-0.10141973,-0.12037923,-0.022746515,-0.025371723,-0.046562057,0.05838465,-0.023827026,-0.008454505,-0.09874265,-0.04851561,0.13323328,0.13875602,0.0052601793,0.020324614,-0.09395445,-0.08034741,-0.020644436,0.044762723,-0.0671028,0.075508,0.02356764,0.022836193,-0.06455508,-0.028999338,0.057188496,-0.021535786,0.121024296,0.07337365,-0.039485242,0.046151567,-0.061858397,-0.102371655,-0.011498152,-0.06051147,0.048189536,-0.0482496,0.06370664,0.011088215,-0.18354961,-0.09174901,-0.017193694,0.097424336,0.03916681,-0.041924518,-0.02975397,-0.03644644,-0.0056764856,-0.07325544,0.007211408,0.031576768,0.063450776,0.00965691,0.067337595,-0.01959927,0.03405231,-0.116281144,-0.12591295,0.07955113,0.038262874,0.042087324,-0.120157704,0.0178451,0.04034246,0.031961255,0.05559435,0.022979727,-0.013043032,0.008488592,-0.14370865,0.12448162,0.021074217,0.060579475,-0.026773127,-0.05666028,0.03461965,0.12366055,0.033830196,-0.056471787,-0.03064489,-0.024880696,0.051901817,-0.00032680845,-0.12192557,-0.09259338,-0.06401919,0.031671975,0.029500911,0.082278535,-0.06116252,-0.087513104,0.0017127418,0.021000508,-0.033661474,0.06219052,0.073233455,-0.061606165,0.07672167
TCGA-E2-A1LL-01A,-0.02660937,-0.018060563,0.04247926,0.054705005,0.053508356,0.037795406,0.02523183,0.12195413,0.01229625,0.045202553,0.02490571,-0.075263135,-0.04982603,0.17268701,0.11302466,-0.051325418,0.06595001,0.059437547,-0.1094657,-0.06699332,0.0017205746,-0.06514348,-0.07939384,0.023918381,-0.018500192,0.022876587,-0.15505584,-0.05351742,0.030614898,-0.04746999,-0.041631248,-0.0436685,-0.03177794,-0.050374046,-0.13161366,-0.10678331,-0.024701996,-0.09830722,-0.10993007,-0.07878325,0.018646322,0.048649296,0.07717157,-0.08258733,-0.0018672431,0.024662774,-0.034807656,-0.04085667,0.032807525,0.028817581,0.048347823,0.013320203,0.04040993,0.034897354,-0.02226592,-0.026286004,0.029315123,0.08737303,-0.009718397,0.1493832,0.09362703,-0.01797273,-0.021082973,0.08252907,-0.03802611,-0.116789766,0.13089913,0.08167298,-0.03731125,-0.04944873,-0.075612016,-0.020503208,-0.003602374,-0.113940515,0.16503845,0.015611826,0.02602362,-0.011543436,0.10700067,-0.028048329,-0.016797855,-0.09776577,0.014878748,0.018126506,-0.0376736,-0.08128544,-0.04776381,0.045105286,0.18132077,-0.05945196,0.13946156,-0.07863324,0.09386905,0.023118116,0.16195145,-0.049773663,-0.09662898,-0.015285306,0.015562557,-0.10837684,-0.06445738,0.052879352,0.040640835,-0.08118,-0.032115214,-0.025566459,-0.07853,-0.078222275,0.0019882391,0.0010943384,-0.06196456,-0.018291857,-0.061198026,0.02047396,0.08828938,-0.0034399854,-0.012145583,0.055092808,-0.018807054,0.030310974,0.07703912,-0.037036028,0.009154099,-0.054133162,0.057632003,0.06967925,-0.09402392,-0.013604198,0.0068828836,0.15485732,0.14048102,-0.11796598,0.05017575,-0.07169456,-0.13143045,0.006535622,-0.10282022,0.012599235,-0.04486823,-0.08671711,-0.011087331,-0.1779704,-0.025231402,-0.029407494,-0.016324561,0.015820272,-0.09924191,-0.06944848,-0.08085659,-0.013275625,-0.057529315,-0.012594717,0.014819557,-0.0019939204,0.05961975,0.02071019,0.07301491,-0.045040976,-0.07133111,-0.09747174,0.0591454,-0.0683966,0.023032872,-0.158897,-0.017532758,-0.04750719,0.1044927,-0.0129807,0.025102418,-0.05478964,0.121531,-0.109792165,-0.003989537,-0.058350135,-0.02361106,0.061436545,-0.03644363,0.1580232,0.09533501,0.06450373,-0.0357903,-0.037482247,0.017678168,0.14569119,0.012173388,-0.06499623,-0.05500054,-0.08297339,-0.03424483,0.0017358224,-0.0028960733,-0.043887272,-0.009619588,0.007034601,0.0635787,0.020338321,0.0348941,0.15895545,-0.05171709,-0.004572655
TCGA-C8-A275-01A,0.0037176192,-0.12682591,0.19779631,0.044069476,-0.0049161706,0.042494882,-0.018665656,0.036428854,-0.0201018,0.00037547824,0.024313662,0.034164414,0.07137461,0.17288797,0.055715702,-0.04017625,0.028227104,0.0290782,-0.008809773,-0.12538208,-0.10121429,0.0083357785,-0.0013872318,0.060725145,0.005293485,0.034288406,-0.11145905,-0.07689187,-0.054144215,-0.09955843,-0.035572283,0.03619481,-0.03368383,-0.0749421,-0.12407037,-0.20005213,-0.024519855,-0.08126105,-0.07158087,-0.008432429,-0.030413423,0.06877853,0.1139102,-0.020994797,-0.0021315487,-0.052769013,0.0073405206,0.014238493,0.055126686,0.08864646,0.016324546,0.05331969,0.042638198,0.036412213,-0.040225018,-0.039466448,0.11241765,0.03981201,0.021547316,0.040923886,0.030349853,-0.007804719,-0.071228504,0.16182792,-0.029114895,-0.03579886,0.0796121,-0.025876665,-0.04219339,0.039537504,-0.16968489,0.0019093208,-0.03004548,-0.21709709,0.12932573,0.07153792,-0.028398303,0.05179168,0.12470072,-0.06863258,0.06068041,-0.04050656,0.005008164,0.06628875,-0.043055445,-0.062807225,-0.024961533,0.15789269,0.076395415,-0.0074392576,-0.11968741,-0.034701534,0.08750214,0.028327031,-0.013217278,-0.056697022,0.0043372563,-0.007119166,0.05684966,-0.043987844,0.06693497,0.06752305,0.030667193,-0.06263081,-0.013713185,0.0182421,-0.07275037,-0.013911059,-0.006690742,0.07693955,-0.081735194,-0.07100494,-0.085071184,0.07834572,0.1197015,-0.010290629,-0.057463303,-0.089423485,-0.03526757,-0.026306638,0.06717895,-0.042348243,0.0017096582,0.07867658,0.082786374,-0.012307496,0.06734394,0.020673389,-0.01577279,0.13931692,0.097168475,-0.06346345,-0.011701531,-0.019458877,-0.27281567,0.032555185,-0.018883772,-0.037437495,0.0059094797,0.006841866,0.04349259,-0.13441823,-0.09031292,-0.035421528,0.00025335042,-0.0009623743,-0.077379026,0.05509272,-0.024311302,-0.021141112,0.004266294,0.0330593,-0.0026981418,0.098465286,-0.069258995,-0.053300407,-0.010350964,-0.027746502,-0.018357454,-0.027704379,0.046168756,-0.063979894,0.07963154,-0.13130902,-0.0951345,0.056142293,0.051435433,0.047213886,-0.025991853,-0.0321378,-0.045058113,-0.13387632,0.07769055,0.038159426,0.1810759,-0.075490035,-0.0064706085,0.02734394,-0.014654838,0.015665151,0.02018915,-0.009760617,-0.060903918,-0.013294478,0.06902065,-0.08349612,-0.092191815,0.0295979,0.017442437,0.033715293,0.08360869,-0.050903782,-0.052968804,0.023182265,-0.013939778,0.011802757,0.11222244,0.06991242,-0.05856178,0.010769915
TCGA-AR-A24S-01A,-0.06879113,-0.080294676,0.17821275,0.07272677,0.00092667,0.012127654,-0.049905356,0.06349362,-0.049780834,-0.020381851,-0.008878457,0.06582707,-0.04784794,0.1273362,-0.012729811,0.08419547,0.059264146,0.043699235,0.001165039,-0.068769276,-0.008529353,-0.061835457,-0.15125372,0.05820232,0.030075017,-0.08290553,-0.17113708,0.02901634,0.031419683,-0.042931102,-0.060836125,0.004305052,-0.031738274,-0.17451431,-0.08795241,-0.09611077,-0.12139727,-0.036873937,-0.109740436,-0.01739453,0.012685261,0.16371654,0.051602487,-0.07304514,-0.012950207,-0.03885876,0.046254255,0.03244395,0.059238095,0.076419644,0.07008663,0.03929329,0.029044367,0.09830594,-0.09443043,-0.05232023,0.08542456,-0.039730623,-0.050608136,0.043105777,0.018446317,-0.012771885,0.03627513,0.08714767,-0.08459777,-0.01295762,0.11785446,-0.017864117,-0.055904552,0.08266464,-0.100135766,-0.036055084,-0.009681427,-0.05577151,0.14384325,-0.013332771,-0.027345315,0.0012078088,0.099173196,-0.01375674,-0.024688702,-0.060541395,-0.0006223865,-0.009119945,-0.059516244,-0.01732681,-0.07100426,0.13250686,0.117212385,-0.03908903,0.10630518,-0.057056695,0.04484306,0.12709574,0.088725455,-0.00472778,-0.11780188,0.026460635,0.044190265,-0.06615931,0.0033152918,0.042948402,0.056135125,-0.107022315,-0.043454763,0.041431684,0.011522459,-0.0748665,0.036097206,0.024078364,0.010091569,-0.08468279,-0.060319226,0.097573295,0.11995709,-0.0103044305,-0.0038491518,-0.049455293,-0.07596488,0.013705239,0.047389604,-0.060090438,0.05634952,-0.042214546,0.0150684705,-0.051009975,-0.10119523,0.067620784,0.053735737,0.115432076,0.097507656,-0.10375009,-0.075333886,-0.05300689,-0.17894176,-0.048619147,-0.07671114,-0.09597419,-0.056030184,0.023914427,-0.0416004,-0.13517103,-0.0063059838,0.0641987,-0.07308202,0.00807381,0.017001584,0.012315569,0.013032991,0.027852815,0.009550146,-0.09262586,0.019199237,0.026955549,-0.11326548,0.029692458,0.011772324,-0.069479294,-0.04906887,-0.0031301558,0.010436598,-0.095817894,0.10477582,-0.14478453,-0.10805698,0.006008713,0.008867714,0.062286757,-0.09092642,0.02997032,-0.00081253564,-0.118997455,-0.036315706,0.053158697,0.11454704,-0.06836039,0.00014802656,0.07082667,-0.00078882964,0.07394028,-0.03782331,-0.08706332,-0.09331949,0.020781465,0.017231723,0.0007917994,-0.09774837,-0.019547451,0.025368279,0.03193715,0.060127195,-0.114071995,-0.04511196,0.07864151,0.025894923,-0.006934817,0.092049256,0.15587346,-0.06409294,-0.004395193
TCGA-BH-A0DP-01A,-0.008245961,-0.011472372,0.15014052,0.04114792,-0.0253303,0.0019064136,0.06869316,-0.0014499294,-0.06879302,0.054919332,-0.029549912,-0.029315174,-0.025665283,0.12827918,0.11649366,-0.061506532,0.009003699,-0.05547919,0.0118415905,-0.10968816,-0.051954642,-0.03095308,-0.12749235,0.11328871,-0.0054968926,0.0058287433,-0.06809077,-0.0708035,0.0829634,-0.015021073,-0.03502568,0.02076478,-0.05597599,-0.114400364,-0.093528286,-0.10654674,-0.037304383,-0.008250349,-0.106268086,-0.14301905,-0.0064398674,0.048999496,0.16374172,-0.12557405,0.0060790866,-0.047299042,0.054530066,0.040380664,0.03037307,0.12631637,0.014468376,0.055682562,0.075177,0.058947578,0.047288224,-0.0624308,0.10865666,0.010197769,-0.05206813,0.007006315,-0.04220416,0.042290322,-0.09468163,0.060616545,0.017715773,-0.020000344,0.14544311,0.006188122,-0.08390774,0.0011942678,-0.06982165,0.0024901503,-0.042294633,-0.13787302,0.044442065,0.024222726,0.030028129,0.079179294,0.07826516,-0.072546594,-0.005341694,-0.02631824,0.024122132,0.052556876,0.014960796,-0.003585493,0.01726265,0.146928,0.13000098,-0.039752025,0.01716078,-0.0805595,0.077321015,0.07409159,0.08702114,-0.01781615,-0.10989703,0.033000164,-0.028785288,-0.1328664,-0.08226809,0.060978476,0.08771846,-0.08512982,0.05331274,-0.03013352,-0.049075477,-0.14020243,0.0019305357,-0.033968743,-0.054346774,-0.07950668,-0.08493002,0.03927906,0.13952222,0.05168515,0.046002287,0.04371383,-0.11819076,-0.08355679,0.11825319,-0.08839043,0.06209724,0.05489368,0.049794964,0.0058540218,-0.08382138,0.02877536,0.048401892,0.023829967,0.12561113,-0.106522515,-0.038574163,-0.09888794,-0.108387455,0.07725982,-0.09378021,-0.07328327,-0.010845908,-0.00010841474,0.04066852,-0.12262769,-0.114649884,0.060143407,-0.017532734,0.04473542,-0.11778036,0.0056144907,-0.13500495,-0.021458846,-0.084416635,0.024520196,-0.0067991726,0.08934248,-0.06359848,0.034821328,0.05288459,-0.03166616,-0.071755506,-0.0059685144,0.04892409,-0.07383998,-0.00040566878,-0.10107737,-0.022652958,0.10311219,0.0500239,-8.333292e-05,0.008678221,-0.08889815,-0.024012366,-0.06640304,-0.027366027,0.031366974,0.080368586,0.015072569,-0.044886608,0.0913124,0.058785047,0.0936422,-0.032736544,-0.029191192,0.01784413,0.07594145,-0.00082205114,-0.07030064,-0.07726406,0.0052560703,-0.062504716,0.08696858,0.081305556,-0.0587119,-0.09872665,0.026794543,-0.07880287,-0.10906558,0.050641898,0.033136636,-0.110677026,-0.06975226
TCGA-C8-A1HJ-01A,-0.05325095,-0.012263657,0.07351467,0.07187107,0.043199576,-0.0073864907,-0.14021803,0.07254992,-0.029460428,0.07850656,-0.030711485,0.04040469,0.04624356,0.14715233,0.0936084,-0.051480547,0.07660536,0.11823921,0.009789071,-0.18547927,-0.0057824375,-0.1265079,-0.12838063,0.072324656,-0.096204184,0.03708269,-0.14039692,-0.027377723,-0.014828257,-0.046092812,-0.061327185,0.0021774573,-0.106553905,-0.14160526,-0.089329645,-0.07345068,-0.024820428,-0.08735733,-0.007434016,-0.025219044,-0.022678286,0.084238075,0.026636848,-0.035956826,-0.037804753,0.0077827857,0.09012937,0.031768046,0.020802764,-9.6249205e-05,0.06446976,0.08911922,0.06974462,0.056003343,0.04607906,-0.020484138,0.020586533,-0.076720096,-0.07795735,0.0024132077,0.052656967,0.04942599,-0.09435464,0.14956792,-0.02928877,-0.0068398113,0.13823465,-0.02561074,-0.05755042,0.020266278,-0.11046296,0.04154332,0.0029246565,-0.10648156,0.018778658,-0.047328565,0.063629836,-0.040702075,0.07006848,-0.071033254,0.014532207,-0.11413736,-0.06617618,0.008104834,-0.077863574,0.0058208723,-0.04305194,0.07288025,0.1272909,-0.07921358,-0.029667776,-0.0748182,0.09529482,0.062455837,0.11571761,0.006485569,-0.02999515,-0.02462832,-0.022394529,0.034229122,-0.016109712,0.05408609,0.015247798,-0.10916764,0.027094947,-0.028465876,-0.08121905,-0.05204926,0.04450395,0.028637053,-0.0058778245,-0.07699428,-0.07046861,0.14307776,0.08930439,0.013157746,-0.039327398,0.019815974,-0.103818886,-0.031114958,0.052057065,-0.09416084,0.10372481,0.023655243,0.073024504,0.050932378,-0.04775348,0.014017948,-0.036368355,0.14255376,0.17573531,0.07402132,-0.049187515,-0.05449304,-0.06536082,-0.054216467,0.017750498,-0.06047222,0.021393223,0.012849062,-0.033509616,-0.14172883,-0.011173615,-0.021642504,0.07759137,0.0007378586,-0.11599923,-0.02284365,-0.02398869,-0.10518776,-0.016529843,0.011419816,0.01743439,0.07071908,-0.11663813,0.0572247,0.043341603,-0.15728743,-0.1051622,-0.016434973,0.02869005,-0.07779906,0.064477414,-0.040362496,-0.052270427,0.08999132,0.03369022,0.063949406,-0.015183791,-0.045216177,0.019393066,-0.066066444,0.039054934,0.10131859,-0.04720249,0.010162789,-0.02088225,0.110088356,0.065348335,0.14595242,0.09401394,0.0071867616,-0.06663357,-0.028854227,0.07538097,-0.0850009,-0.14003979,-0.021194503,-0.09466684,0.10370044,-0.018397806,-0.061220586,2.642656e-05,0.10680656,0.0022857215,-0.019655518,0.08074268,-0.001506191,0.014339854,-0.0048068096
TCGA-AC-A8OP-01A,-0.016916722,0.0057273256,0.077122085,0.089528255,0.08873199,0.052057732,0.0075667975,0.05873265,-0.037409276,0.036056533,-0.017715521,-0.03739423,-0.054058537,0.15172027,0.042684387,-0.031767663,-0.011911167,0.030979037,-0.013275115,-0.054854903,0.0010729289,-0.067823805,-0.09866922,0.03779445,-0.06741511,-0.0086653065,-0.13871165,-0.017449928,0.003190634,-0.09797014,-0.08185311,-0.08637122,-0.15191501,-0.036092244,-0.08305896,-0.19461994,0.026599593,0.00990585,-0.15955135,-0.15694527,0.07262866,0.10891628,0.17444801,-0.040478483,-0.0059372177,-0.062373653,0.054279547,0.061783984,0.030053332,0.078284994,0.1481101,0.022666268,0.051460486,0.04002308,-0.007670207,0.013431648,-0.020132435,-0.0012437233,-0.027492879,0.048444793,0.05152308,-0.023331128,-0.07011887,0.008011589,0.016071007,0.039114255,0.13916652,-0.072991095,-0.063450955,-0.022004444,-0.077999085,0.07343468,0.021687627,-0.08648907,0.18310213,-0.004578721,0.019195866,0.005100606,0.177807,0.032683004,-0.0027652762,-0.011389102,-0.12219623,0.030189227,0.08059233,-0.10537302,-0.002465686,0.12090986,0.030717533,-0.036397964,0.05208596,-0.07800563,0.05028242,-0.025817655,0.12627575,0.007459179,-0.023945967,-0.056512043,0.09435317,-0.094532534,-0.010222736,0.09767894,0.067499384,-0.11234046,-0.010554566,0.062550046,-0.035340853,-0.08103385,0.07319662,-0.018947864,0.018647034,-0.06612734,-0.090619445,0.035646982,0.17283916,0.017521674,-0.030458016,-0.020471608,-0.075544104,-0.055565186,0.01475413,-0.07545585,0.023298426,0.08120457,0.048769735,-0.035877213,-0.14266326,0.048305858,0.022592843,0.07063806,0.10402607,-0.09054585,-0.0004260915,-0.059501808,-0.12067754,-0.014975434,0.0038325344,0.05307224,-0.034453753,-0.064399056,0.03441485,-0.12515214,-0.012969057,0.01910226,-0.013544236,0.04363971,-0.12194859,-0.0128284665,-0.0262386,-0.07375267,0.02480097,-0.056576923,0.15805428,0.0377317,-0.02767769,0.09480948,0.06743316,-0.10593831,0.00029813015,0.0339327,-0.05230941,0.010580311,0.008376199,-0.114050336,-0.008280952,0.051144555,-0.069301896,-0.014632315,-0.014770023,-0.052677564,-0.0439464,-0.09016963,0.015232758,0.06618776,-0.02289957,-0.123550296,-0.030660173,0.0966621,-0.00978909,0.11506657,-0.041647084,0.0015366246,0.009731385,-0.07222059,0.041253623,0.012698376,-0.088306285,-0.045562744,-0.055620976,0.016758375,0.06961293,-0.09705718,0.01568798,0.022869704,0.026142476,0.010317894,0.11652098,0.06737167,-0.060027737,-0.021821702
TCGA-AN-A0XV-01A,-0.023718277,-0.07385528,0.16782856,0.019453432,-0.040458366,0.11983171,0.039001234,-0.062299978,-0.015344992,-0.10355875,-0.10882028,-0.012911619,0.02071125,0.12603812,0.08203663,0.032776505,0.041512743,0.09153911,0.026120657,-0.10895274,-0.007843357,-0.079459295,0.0005930856,0.008840206,-0.0044752923,0.0076293903,-0.08243927,-0.06825484,-0.0069667287,-0.07482004,-0.09051517,0.045518566,-0.021245904,-0.06059581,-0.059839226,-0.15728934,0.019621465,0.04901623,-0.016355254,0.033213656,0.017069085,0.09824737,0.11183105,-0.059013925,0.026226712,0.04461895,0.06665968,-0.0029513373,0.012443487,0.018633038,0.040661506,0.041408766,0.01583271,0.022935519,-0.09068268,-0.06720629,0.044344414,0.0143283475,-0.051423606,0.006696997,0.09168279,0.009949804,-0.104812786,0.11179547,-0.03735392,-0.088431045,0.17234884,0.0018207091,-0.07210582,0.048616555,-0.13237616,-0.02146952,-0.014097694,-0.19816355,0.087243594,0.07578035,-0.10027287,0.008470597,0.06384282,0.017026477,0.04592963,-0.044810195,0.021330446,-0.003284812,0.024422232,-0.0624203,0.06170879,0.08032079,0.11602677,-0.09966643,0.09739917,-0.08998341,0.041891187,0.06309721,0.11903883,-0.09670038,-0.033992544,-0.037735425,-0.02812443,-0.08062627,-0.0067105344,0.06029865,0.022090966,-0.106093585,-0.054101016,-0.01803071,-0.04541557,-0.083603986,-0.00067132805,-0.037467834,-0.094124384,-0.11498547,-0.09373696,0.11164994,0.14158694,-0.03956847,0.087595806,0.03855585,0.036578637,0.07774525,0.19097467,-0.09955088,-0.007380859,-0.035376884,-0.00020946575,0.035172857,0.005788686,-0.0658249,0.010381309,0.08948121,0.027146589,-0.07815937,-0.03386907,-0.03891004,-0.11527792,-0.07318814,-0.08189098,-0.13065518,-0.04723933,0.015841775,0.0032298467,-0.15742268,0.057395425,0.052677028,0.06364963,0.0020763988,-0.08824069,-0.053466406,-0.09481863,0.032783143,-0.04985784,0.019391546,0.03164976,0.021901447,-0.10942054,0.076191165,-0.00471898,0.027152216,0.006435239,-0.052801665,-0.06926564,-0.09031149,-0.015304246,-0.16247113,-0.029072814,0.07598427,0.16619834,-0.0015171996,0.020673081,-0.011663374,0.041444834,-0.040276,0.049254037,0.029871693,-0.05606714,-0.04041246,-0.05263367,0.07784078,0.036658604,0.12864803,-0.04331491,0.03410869,-0.004947352,0.04667446,0.06480767,-0.0077370754,-0.1569936,0.049849566,-0.03245869,0.033558995,0.049228575,0.024811735,-0.0008296878,0.060437363,-0.061524734,0.024846386,0.0575516,0.10639132,-0.01986601,0.0026022573
TCGA-A2-A0SV-01A,0.025190245,-0.03143208,0.09354977,0.021272175,-0.053304847,0.13369025,0.09224,-0.013273553,-0.056026097,0.047379997,0.007669097,0.062126588,0.0051082294,0.1520199,0.112647675,0.047381654,-0.032007128,0.017297555,0.0054275063,-0.14051773,-0.069280654,0.0012193057,0.012763595,0.1941757,0.00976353,-0.039921626,-0.13681163,-0.0899629,-0.084027186,-0.07354352,-0.050021987,-0.01238739,-0.11903608,-0.097279094,-0.03156219,-0.14939436,-0.0408682,-0.007955291,-0.015416546,-0.029786598,-0.074741594,0.13389492,0.09091869,-0.043191925,-0.017970039,-0.093402326,0.0066576805,0.01620356,0.019503657,0.1281608,0.055478424,0.110615894,0.107060045,0.087500066,0.0055238,0.012206838,0.06354542,0.025427887,-0.0979488,-0.039353833,0.0024302164,-0.038498066,-0.04514317,0.05166312,0.037258297,-0.013161676,0.026520738,0.012042054,-0.074027255,0.0038472863,-0.16230138,-0.0010699475,-0.06367926,-0.1866869,0.079815894,-0.07387833,-0.017852062,0.04168105,0.094396666,-0.014131311,0.008351869,-0.007950926,-0.031280067,-0.05809952,-0.06604332,-0.05839976,-0.03626267,0.10540058,0.1346622,-0.040031303,0.110497236,-0.0925819,-0.010836979,0.080952555,0.0644087,-0.057790674,-0.052011725,-0.022083823,0.01931619,-0.08699358,-0.064371265,0.024332713,0.040547803,-0.07983136,-0.070210256,0.04519173,0.03376243,-0.05547085,-0.0111028375,-0.037680175,-0.001800942,-0.11501607,-0.110812224,0.08450139,-0.0010790238,-0.03746065,-0.08500782,-0.05487886,-0.09834423,-0.06910115,0.09668557,-0.15279901,0.07882744,-0.024365064,-0.046183415,-0.081356905,-0.032116957,0.016103584,0.00025093107,0.11757033,0.040754214,-0.09302108,-0.030941835,-0.042606115,-0.15830813,-0.033624317,-0.053639583,-0.12541585,-0.008513647,0.0052511543,-0.085333586,-0.104524456,0.06124967,0.021910468,-0.13218273,0.023666618,-0.042665,0.056605067,0.0059943274,-0.0642458,-0.022791255,0.06916491,-0.07554759,0.0047582528,-0.002240684,0.021834556,-0.04546032,-0.02389837,-0.05166361,-0.05675111,-0.05175351,-0.0327351,0.038033944,-0.14734359,-0.034239274,0.012722913,0.14363734,0.050609518,-0.011917659,0.0136910565,-0.021078093,-0.12788326,-0.0138449315,-0.0053544845,0.13218267,-0.061512657,-0.08302667,0.02806763,0.020717744,0.1254354,-0.04089066,-0.097413816,0.064824745,-0.030417055,0.033988368,-0.06624987,-0.08818158,-0.055612244,-0.036420286,-0.037715834,0.02895096,-0.013545623,-0.07707329,0.038530204,0.0669243,-0.02130998,0.094047524,0.027627451,0.028177751,0.061040085
TCGA-BH-A6R8-01A,0.031629737,0.0050841738,0.11104551,0.1029308,-0.0038985957,0.04981569,0.047461186,-0.04522959,-0.054210845,0.046347387,0.037623305,0.060991745,-0.038985033,0.17983466,0.05690513,0.058416184,0.010695675,0.12012134,0.023749186,-0.045731593,-0.04860787,-0.09134689,-0.05883847,0.12461696,-0.0032783032,-0.011777988,-0.04939355,0.0058785956,-0.06185686,-0.12330328,-0.05198637,0.01405144,-0.09939787,-0.12547643,0.00066027115,-0.10143044,-0.04863467,0.015424668,0.029980637,-0.010148498,-0.059103526,0.065564066,0.06451397,-0.033829056,-0.05036584,-0.0062443134,0.08869926,0.057645828,0.05367274,0.111017406,0.06168434,0.00080712384,0.04088415,0.013145951,-0.12770942,0.0244058,-0.013910589,-0.017546512,-0.022712382,0.01578305,0.10530437,-0.055164605,-0.10828662,0.09922368,0.013608849,-0.068126515,0.040711906,0.0030128784,-0.05809704,-0.0015173878,-0.22936252,0.03458396,0.014859656,-0.21924172,0.072666086,-0.03871521,-0.03946277,0.1146846,0.1103859,-0.0064403974,-0.020773826,-0.0065410337,-0.056637187,0.019331623,-0.051125508,-0.09134005,-0.100209944,0.09663012,0.12668227,-0.048053235,0.08539279,-0.07314785,0.06262252,-0.021429798,0.10775696,-0.13814631,0.045658298,-0.043948118,0.05326235,-0.030038958,0.0111387465,0.054536395,-0.02686219,-0.11954347,-0.05132094,-0.03149779,-0.086244985,-0.075464085,0.00010944602,-0.041218277,-0.07745166,-0.13129765,-0.0648375,0.039095473,0.073650144,-0.058847234,-0.07820523,-0.02670821,0.01603897,-0.020498047,0.1306412,-0.216847,0.017070694,0.0036162478,0.09330037,-0.025006797,0.025908211,0.048728317,-0.015273479,0.12413907,0.069665514,-0.04305341,-0.060435858,-0.06938019,-0.16063134,-0.002157336,-0.078248285,0.008838832,-0.007530314,-0.047387645,-0.088993154,-0.080662616,0.009387729,0.037184242,0.013796187,0.008299371,-0.13676998,-0.025597908,-0.0037327837,0.07537724,0.012007562,0.028967232,-0.041573737,0.042998083,-0.016121926,0.03517921,0.10243873,-0.07657642,-0.06426017,0.014354485,-0.008411021,0.018214779,0.087049656,-0.13740243,-0.024179822,-0.04198348,0.074420825,0.046706054,-0.008812569,0.03132114,0.010483496,-0.10223271,-0.043155394,0.015593012,0.07820983,-0.051891457,-0.09826773,0.09497536,0.03219307,0.105206266,-0.0076322043,0.016745081,-0.10199359,0.03755437,0.05556503,-0.0146856345,-0.05100129,-0.078687035,-0.014395872,0.09277977,-0.007146727,-0.025441572,-0.08537179,-0.058512516,-0.027193436,-0.040534355,0.07722404,0.12472266,0.040498268,-0.00083578867
TCGA-D8-A27K-01A,-0.071852975,-0.022027336,0.077244006,-0.001350483,-0.066921666,0.009337924,0.026515137,0.0141568985,-0.09075439,0.04763487,-0.025803002,0.011249378,0.07597878,0.17528282,0.06485832,0.060799237,0.02854461,0.1386866,-0.030903988,-0.032564744,-0.04905081,-0.0033005653,-0.07844035,0.022076273,-0.011377775,-0.07530535,-0.13737467,-0.016003147,-0.033667926,-0.08044343,-0.07248803,0.018448895,-0.122729994,-0.10700939,-0.04766498,-0.06754969,0.031025114,-0.040087745,-0.058049135,-0.10284067,-0.031170573,0.0066978405,0.07673505,-0.1446623,-0.012669244,0.016211638,0.061891705,-0.052715927,0.13389504,0.052776337,0.017741114,0.04707642,0.02574482,0.079209246,-0.010346788,-0.096698314,0.08157322,-0.09092966,0.023779586,0.07947754,-0.05270601,-0.020793818,-0.058453582,0.008809143,-0.03577637,-0.023955036,0.11421559,-0.033699226,-0.03907669,-0.094427,-0.13180506,0.03495785,0.029474447,-0.21865983,0.011147603,-0.12172605,0.030106522,0.008881338,0.059783645,-0.030087737,0.042829763,-0.034038678,-0.040436286,0.04762482,0.0318674,-0.033082873,-0.012795261,0.09930316,0.20329604,0.016903477,-0.0015484893,-0.13678391,0.06007402,0.025994543,0.05080853,0.017938921,-0.03229121,-0.081579916,0.029040128,0.08309674,0.040006094,0.11102187,-0.04551954,-0.17706804,-0.011854692,-0.058944795,-0.086347476,-0.062431365,0.026531087,0.049724888,0.08243483,-0.110129304,-0.11875817,0.13137145,0.061141305,-0.0023290885,-0.052172992,0.011481593,0.0058114347,0.02760783,0.08387256,-0.10911368,0.1099455,-0.041653596,-0.00017478394,-0.01535026,-0.09682428,0.04188573,-0.027301973,0.12509127,0.130446,0.006282425,0.013136248,0.017559648,-0.118723154,0.010869504,-0.08100975,0.03367445,-0.044167638,-0.00075261015,0.02008793,-0.10938717,-0.033154003,0.10970948,0.07520591,-0.022017393,-0.1182859,-0.02336517,-0.043546528,-0.0150289815,0.074517354,-0.08081648,-0.10462189,0.042550232,-0.047231715,0.05452918,0.022748558,-0.06869451,-0.08515799,-0.007815037,0.059991535,0.003579554,-0.0096780425,-0.22090939,-0.0119032785,0.00905394,0.038697675,-0.025713403,-0.09189392,-0.058562066,-0.04358175,-0.0058670584,-0.063083544,-0.01668011,0.09993342,-0.007883597,-0.10669831,0.08316821,0.090997756,0.06504029,0.078602545,-0.030922068,-0.01710125,0.07441503,-0.01695589,-0.05414324,-0.032537643,-0.078370094,-0.018530035,-0.0011396836,0.0807803,0.034588847,-0.088126294,-0.017928518,-0.051746916,0.06291817,0.05127234,0.07663568,-0.06668369,-0.002258284
TCGA-BH-A0H7-01A,-0.043407153,-0.013145906,0.07692293,0.132088,0.003197496,-0.048630133,0.031157741,0.11377211,0.046082783,0.04321197,0.0027979617,-0.13304628,0.0102323955,0.20780267,0.00657761,-0.062352147,-0.001127731,0.058323186,0.038486447,-0.119437926,0.021302858,-0.039766725,-0.07274416,0.03643119,0.07189594,-0.041768927,-0.113366954,-0.042177062,0.071203105,-0.019499121,-0.02304406,0.042569,-0.07981572,-0.05431055,-0.14941834,-0.15077002,-0.07215548,-0.00071812235,-0.09300221,-0.068415,-0.015045855,0.054781433,0.13475984,-0.050343234,-0.0135510275,-0.0026012284,-0.024663726,0.027922925,0.02208322,-0.0068625226,0.07401544,0.020521527,-0.03643572,-0.0415024,-0.07049326,-0.0014623462,0.09370636,0.063598074,-0.060201153,0.044916764,0.06514558,0.005545138,-0.09305104,0.011500454,-0.056847643,-0.11581587,0.16371213,0.03888873,-0.099344134,0.009893545,-0.11221296,0.03613232,-0.017141033,-0.20899518,0.028878856,-0.013630293,0.052294713,-0.039845716,0.05163814,0.032394256,0.070404924,-0.033570725,-0.003486413,0.05145008,-0.04180117,-0.08586978,-0.07398361,0.12681332,0.03374693,0.024629205,0.082433626,-0.09295954,0.01715059,0.039294805,0.07893666,-0.025804728,-0.13556719,0.03358253,0.033028014,-0.032661937,0.0155984005,0.13074178,0.047268596,-0.039381955,0.057869036,0.07362964,0.0741758,-0.06991904,-0.05191416,0.009507012,-0.011680776,-0.096709326,-0.07429584,0.102322705,0.10160515,-0.09342963,0.039872497,-0.053858463,-0.1004683,-0.04595195,0.12541771,-0.09511876,0.0037905117,-0.024446858,-0.007114079,0.05600412,-0.05088798,0.019953718,-0.009992174,0.1569674,0.10248219,-0.13849732,-0.059829414,-0.11139195,-0.18471028,-0.03246307,0.031299807,-0.06347862,-0.053203568,0.013658939,-0.025237612,-0.14390212,0.07956954,0.07514874,0.011995393,-0.00015087641,-0.09168528,-0.011247775,-0.0029930267,-0.0063130194,0.0383687,0.032203767,0.07499659,0.056267153,-0.035539746,-0.0010008706,0.07743424,-0.07672297,0.03868279,0.0005668751,-0.05559372,-0.027651308,0.010983124,-0.09834546,0.020233154,0.053080734,-0.0050534746,0.013728219,-0.010277685,-0.029367361,0.04530371,-0.037580866,0.07884821,-0.07754934,0.02409164,-0.042315222,-0.05243655,0.03896814,0.09867097,0.095757805,-0.03201749,0.10411468,-0.040563863,0.060203206,0.009777887,-0.049584847,-0.0712905,-0.014039094,0.011100022,0.017239587,0.13877371,-0.035795175,-0.028519204,0.054585267,-0.076269835,0.06744271,0.03480113,0.16824873,-0.11204598,0.0073332316
TCGA-BH-A2L8-01A,-0.012992625,-0.07658404,0.14118455,-0.04429956,0.030178636,0.07526079,0.089839846,0.04536324,-0.10507171,0.03286235,-0.027984763,-0.039051503,-0.038997516,0.14211869,0.11861119,-0.029616194,0.008521884,0.16203238,0.00040086205,-0.12650819,-0.07344521,-0.042470194,0.01831785,0.08437107,0.10983064,0.052763384,-0.0776993,-0.062090915,-0.05341083,-0.061209984,-0.058409624,0.076882236,0.011798156,-0.1753376,0.04434304,-0.15778297,-0.010040496,-0.049677838,-0.07214303,0.009433309,0.048054937,-0.011290444,0.16760808,-0.06921256,0.08757093,0.053618036,0.06341347,-0.011602846,0.040666502,0.06496131,-0.014166935,0.060459033,0.0068581826,0.05194558,0.023164375,-0.026068678,0.08475359,0.10002771,-0.008844449,0.04370745,0.004415848,0.012983849,-0.007072555,0.11537488,-0.001117033,-0.052926127,0.18433157,-0.052027266,0.0036791095,0.0020530333,-0.034215346,0.05670682,-0.009973087,-0.1928237,0.054014355,-0.079399295,-0.06214006,-0.02258282,0.09780859,-0.03843,-0.06586177,0.003962707,-0.021472283,0.0009126634,0.035314374,0.054941803,-0.051204085,0.03634074,0.13881376,-0.10599823,0.01654231,-0.052313656,0.05352797,0.046352085,0.036785074,-0.008486831,-0.114786275,-0.021782719,-0.003987226,-0.057207998,-0.0016654875,0.11850307,-0.010226083,-0.04823935,-0.1055358,-0.038164075,-0.059509408,-0.0067894985,0.08735141,-0.05630675,0.033241585,-0.0332069,-0.09686651,0.16556425,0.069715045,0.026955307,-0.019634064,-0.071163684,0.03293388,-0.084273525,0.10102783,-0.08343651,0.042058133,0.0058214637,0.050297376,-0.032216214,-0.05575585,0.076744564,0.036348708,0.12730086,0.10776954,-0.04769083,-0.015691452,-0.04608138,-0.1653233,-0.09696006,-0.0769607,0.014461399,0.012917689,0.010356107,-0.086878516,-0.08025355,0.022596218,0.038746975,0.105657235,-0.031093549,-0.086972535,0.0060578575,-0.07648008,-0.024868092,-0.05125947,-0.019867826,-0.023775706,0.07410003,-0.06537707,-0.008738564,0.026428692,-0.006204293,-0.09220748,-0.03415004,0.02519466,-0.04939726,0.063442655,-0.035650454,-0.12605044,-0.061007697,0.11141623,0.06254736,-0.04514498,-0.0751496,0.0052540665,-0.094854444,0.06369221,0.011967964,0.09467473,-0.05353311,-0.13942091,0.061693694,0.080398545,0.13498238,0.07077012,0.005141423,-0.0052587152,0.11598115,0.025494687,-0.024203224,-0.1528036,0.024082508,-0.011672543,-0.0031607489,0.111554295,-0.0016470279,-0.044183243,-0.06564198,0.015259728,0.035778105,0.03153316,0.039363682,-0.027394967,0.01909372
TCGA-D8-A73U-01A,0.0071852985,-0.09249269,0.16219127,0.06840134,-0.0927499,0.11745859,-0.061715648,0.030756246,-0.032410398,0.11687044,-0.039119046,0.1094419,-0.010017164,0.13088387,0.031117165,-0.07569271,-0.04971882,0.075990476,-0.022709921,-0.07736016,-0.095279574,-0.031770416,-0.07437867,0.08609927,-0.0014404303,-0.037585862,-0.07741668,-0.089604825,0.005254631,-0.083739914,-0.0826039,-0.009991288,-0.054821443,-0.06292032,-0.075677,-0.09860522,-0.051332746,-0.050697185,0.0019864491,-0.09286519,0.0002855834,0.013404872,0.054337986,-0.06539311,0.041887864,0.007379296,0.06891141,0.004290957,0.08220905,0.027723935,0.04098753,0.058468252,0.03117312,0.0837616,0.008960892,-0.020894984,0.11320403,0.03611618,-0.013093985,0.069512025,0.00143975,-0.03225189,0.012219616,0.016766666,-0.014751427,-0.037821848,0.11910946,0.026862115,-0.07933898,-0.014120691,-0.14502771,-0.07670209,0.019531548,-0.15278935,0.10096948,-0.05482884,-0.07590279,-0.016324101,0.10262615,-0.0048635914,-0.006042213,-0.039958235,-0.08964988,0.038311016,-0.032061685,0.01112395,-0.028784763,0.1272804,0.11312449,0.039659135,0.03592129,-0.10886206,0.102344975,-0.013394253,0.038072854,-0.08864319,0.015850889,0.025273424,0.048826933,-0.060085703,0.019603124,0.05908318,0.0081346,-0.08964567,-0.016573863,-0.008094541,-0.022192756,-0.1151651,0.0071521145,0.0014551433,0.01082053,-0.025165638,-0.06713625,0.14820945,0.10011701,-0.104974374,0.04045166,-0.10948765,-0.045201477,-0.011906405,0.061207317,-0.16854554,-0.061670925,-0.01171878,-0.00885726,0.012704499,0.029981038,0.08351094,0.046823602,0.08392519,0.14043392,-0.0253845,-0.033534966,-0.053602442,-0.1539878,-0.053688385,-0.015290251,-0.039726384,-0.052475028,0.06861401,-0.07091308,-0.05684633,-0.0077103954,-0.040545646,-0.042048056,0.025988704,-0.07426884,0.07285104,0.0017507812,-0.06515481,0.048604365,0.0047122748,-0.028069954,0.054557223,-0.050449573,0.036381606,0.13371396,-0.08360436,-0.022912316,-0.02380862,0.029712927,-0.052645836,0.03174447,-0.25456294,-0.076838404,0.13272819,0.12092088,-0.020586079,-0.030892137,0.0299595,-0.09844537,-0.07759331,-0.016246328,0.016673572,0.075650826,0.0057807798,0.015656067,0.02987487,0.093257956,0.14320508,-0.04904311,-0.01036218,-0.095697396,-0.054651495,0.059489027,-0.09463976,-0.18820345,-0.014846098,-0.092129916,0.030367365,0.061295684,-0.041352283,-0.06792344,0.069363624,0.04424236,-0.014777361,0.060982004,0.102592245,-0.0030263853,0.041507136
TCGA-E2-A1L9-01A,-0.04275344,-0.049713384,0.12039768,0.030930186,0.042312045,0.11338147,0.049861927,-0.011145829,-0.14078403,0.010530358,-0.05449569,-0.084885836,-0.011185759,0.17983449,-0.009786797,-0.033959016,-0.017105658,0.14785093,0.026621541,-0.08222668,-0.06650389,-0.14102688,-0.04689238,0.078771636,-0.007842678,-0.06307859,-0.14497134,-0.08521741,-0.01636053,0.051291246,-0.056745812,-0.0044914423,-0.02646993,-0.12219817,-0.107387215,-0.13427052,0.010065758,-0.009484169,0.01588169,-0.029983912,-0.0360611,0.114517495,0.07686978,-0.17445734,0.044842053,0.08153515,-0.02120512,-0.0078006987,0.017738147,0.03289443,0.15234825,0.02132163,0.09130881,0.12639052,-0.05959549,-0.016215565,0.059065085,-0.0022783603,0.032980718,0.04250187,0.07790361,0.010609641,-0.066768155,0.056969546,0.03058743,-0.082464874,0.13397145,-0.03317686,-0.11396752,0.01767448,-0.1442758,-0.004035711,0.0014741378,-0.19029984,0.01450107,-0.040533714,0.0011410872,0.0026410625,-0.0036344412,0.014370132,0.033494778,0.06955562,-0.024798596,0.052770793,0.06333507,-0.054855004,-0.019034091,0.10345509,0.108250245,0.04247854,-0.009201974,-0.038562484,0.054316368,0.0919115,0.111612745,-0.059402574,-0.00033178114,0.0051170364,-0.0007915282,-0.042260118,-0.053891234,0.005063206,-0.029144507,-0.049360387,-0.01484245,-0.02746009,-0.15479338,-0.14783339,0.04302896,-0.03536389,-0.07332396,-0.09512926,-0.0839484,0.077870816,0.11726953,-0.05317676,0.059272714,-0.022030948,-0.058991186,-0.037887387,0.08679354,-0.12115264,0.07029593,0.04557567,0.04225744,0.022008521,-0.09948063,0.060407758,0.0045402474,0.1425165,0.08438419,-0.057584986,-0.0050548306,-0.03405447,-0.121323325,0.0260693,-0.10232622,-0.030261535,-0.041778337,0.013387832,0.0709154,-0.21261834,0.012606801,0.047800753,0.053954363,0.03010582,-0.13145156,-0.049284995,-0.004397831,-0.026079733,-0.06510232,-0.015385043,-0.033905845,0.019707011,0.07028676,0.085486114,0.03957598,-0.08683892,0.0011021678,0.0057958965,-0.03576494,-0.0016221912,-0.022053886,-0.11378675,-0.020369774,0.023181189,0.105853915,-0.10511784,-0.03569776,-0.009914557,-0.007415055,-0.05751412,-0.006784287,-0.039119475,0.004345121,0.06098507,-0.070058405,0.09469116,0.1523705,0.024253717,0.011661649,-0.0066246293,-0.025656275,0.048814513,-0.016787585,-0.0036220811,-0.06234887,0.0023703838,-0.040951632,0.0065284255,0.048561897,0.03831041,0.06678515,0.030695504,-0.11520181,0.0070762495,0.06821973,0.06192904,-0.050201498,-0.0017150121
TCGA-AR-A1AQ-01A,-0.03702022,-0.026547175,0.15207973,0.1031191,-0.0064862203,0.07481997,-0.024708794,-0.004104762,-0.009655779,0.07632288,0.046579756,0.021036034,0.05659288,0.0960638,-0.021177426,-0.087317474,0.057915226,0.057878397,0.06110777,-0.1390881,-0.023819441,-0.05629941,0.009963235,0.06544528,0.07177641,-0.09608684,-0.09159448,-0.06603715,-0.05812525,-0.058039445,-0.07647054,-0.0077182576,-0.078821935,-0.05783308,-0.067886665,-0.062595986,-0.0534745,0.09213513,0.006245211,0.019892663,0.076223604,0.0029455193,0.09743619,-0.12866287,-0.059741654,0.06438715,-0.02667205,0.016597725,0.11302128,0.15910693,0.041483846,0.0938109,0.011559451,0.109883316,-0.019781651,0.120311365,0.04764531,-0.017721538,-0.11170803,0.043559823,-0.010652878,0.0232461,-0.07239036,0.041732997,-0.067490935,-0.05703954,0.09711463,-0.06939115,0.011783192,-0.026644375,-0.14217898,-0.0039871573,0.02649015,-0.12434135,0.10917114,0.043203108,0.076891735,-0.055733174,0.07643076,-0.022278203,0.028373199,-0.060965147,-0.08661319,0.047290627,-0.056615163,-0.18161696,-0.049611446,0.12585281,0.0956205,-0.08674351,0.043349713,-0.1691417,0.008045716,0.06303584,-0.018146697,-0.010654376,0.102189615,0.00293998,0.047463663,-0.03457364,-0.058412984,0.005220036,-0.00133407,-0.15264189,0.009798167,-0.033620935,0.02235675,-0.088375315,0.11361526,0.04748726,-0.054640424,-0.14278644,-0.055370025,0.06897,0.07844804,-0.060632788,0.059340768,-0.034050804,0.025964351,-0.049736608,0.09181151,-0.029603094,0.11207621,0.07718723,-0.019244362,-0.0776806,-0.08134524,-0.022606857,-0.016743883,0.07032552,0.016728906,-0.09590445,0.024324268,-0.057439968,-0.1592723,0.05860971,-0.04195491,-0.00371981,-0.024056137,-0.052023385,-0.010067183,-0.1362395,-0.045617722,-0.050601147,0.021087684,-0.0077484213,-0.021089038,-0.030964801,0.010955807,0.0070650205,-0.057779722,0.019878803,-0.014429262,0.024837274,-0.1124042,0.08592915,0.06525359,-0.13949192,0.0076395106,0.08885461,-0.024287239,-0.018951489,0.088509925,-0.048149914,0.0283628,-0.0019862726,0.040238813,0.0956219,-0.005020381,-0.13640682,0.039053332,-0.05403985,0.0034387168,0.04356689,0.08267541,-0.034259155,-0.1478249,0.09973159,0.06421638,0.0691898,-0.065597355,-0.057577386,0.00675268,0.05734879,0.028303683,-0.03939814,-0.07136735,-0.06391034,-0.07785277,0.01556349,0.12698732,-0.047853418,-0.11419529,0.07847725,-0.04854482,0.049501445,0.066373736,-0.044945512,-0.022397721,-0.086451374
TCGA-BH-A1F8-01A,0.030038252,-0.0810848,0.039014753,0.01573453,-0.02300635,0.001626985,0.019994989,-0.047890842,-0.045611203,-0.004524594,-0.0025951369,0.07336064,-0.08772175,0.08284942,0.032971606,-0.13301848,-0.030764481,0.034774024,0.04081594,-0.085887335,-0.06021368,0.0877839,0.02279339,0.039608046,-0.025215166,0.052076083,-0.115461595,-0.14110467,0.04722675,-0.045452785,-0.027070697,-0.0046407566,-0.093467996,-0.12322479,-0.023686104,-0.092270456,-0.13454416,-0.03884071,-0.047272466,0.08213196,-0.013228847,0.0919832,0.044571284,-0.023495767,0.059484914,-0.007924041,0.045999184,-0.025945118,0.041092724,0.031907875,-0.03494897,0.04104619,0.078420185,0.087370135,-0.029577095,-0.04122432,0.06539344,-0.044905007,-0.09094745,-0.01618635,0.034946278,0.067777954,0.03197807,0.07685918,-0.019073155,-0.05831341,0.09437806,0.07350314,-0.09863842,0.07106933,-0.1642363,0.029449165,-0.039781157,-0.23288181,0.110894926,-0.0070562568,-0.041098114,0.089863375,0.08410078,0.0063680913,-0.007831681,0.02224424,-0.016710997,0.021506224,-0.04266487,-0.13747145,0.06059389,0.043371517,0.14856823,0.023672912,-0.055501267,-0.030710625,0.077393465,0.024537273,0.09950539,-0.08154792,-0.04876081,0.045287535,0.06259892,-0.081326164,0.021171259,0.07986445,0.010460888,-0.0679185,-0.08177372,-0.023952907,-0.12854479,-0.070516184,-0.024417853,-0.04812979,-0.10362198,-0.079037264,-0.050915457,0.065191895,0.08811305,-0.025843136,-0.07351858,-0.06888526,-0.06655402,0.02360951,0.015016468,-0.20248207,0.10266695,-0.0013450992,0.099511884,-0.022054963,-0.020118464,0.08689687,0.051677123,0.09012691,0.07820991,-0.047186814,-0.038033538,0.0025205396,-0.13630764,-0.007131973,-0.021123042,-0.07311777,-0.0509044,0.06611853,-0.024395745,-0.17922452,-0.07191769,-0.010081755,0.033592355,0.031155104,-0.15390916,-0.10494886,0.012065811,-0.047983896,0.026790535,0.036365215,0.046732903,0.06302185,-0.04104207,-0.035054542,0.038939785,-0.07791805,-0.089239396,-0.013874788,0.026746996,-0.108077675,0.12937741,-0.09008568,-0.05250293,-0.03305636,0.13319631,0.03768512,-0.061170563,-0.11945061,0.05133166,-0.05699744,0.034448285,0.094934165,-0.017791271,-0.024687376,-0.124116674,0.018626682,0.112991944,0.13428622,-0.05409688,0.025610777,0.014701032,-0.0053065163,0.046289206,-0.11419621,-0.039590843,0.014954558,0.0065138415,0.030169232,0.10134859,-0.04747092,-0.050393023,-0.05322204,-0.039926656,0.068650246,0.04917877,0.031130662,0.06851597,-0.031832285
TCGA-OL-A6VO-01A,-0.039350674,-0.04010991,0.14657141,0.014979437,-0.0475203,0.04441706,-0.037409224,0.049362928,-0.009294983,-0.042914174,-0.058858637,0.0022732539,-0.13275754,0.104516156,0.050173063,-0.0108060455,0.0071401843,-0.04998779,0.013132564,-0.09847851,-0.046941336,-0.1274355,-0.18038364,0.19321536,-0.014946036,-0.04648294,-0.15572946,0.015538176,0.038760643,-0.16967392,-0.028448962,0.07719759,-0.1500787,-0.102386795,-0.09380437,-0.15708096,-0.031619288,-0.068407275,-0.054839116,-0.09783575,0.032492675,0.074597776,0.130449,-0.015313218,0.052223478,-0.06298645,0.022046031,0.014164853,0.076574706,0.07858133,0.037198428,0.010642093,0.00014576894,0.043471735,0.068445295,-0.024864098,0.07525821,-0.0016986412,-0.043851815,0.0164343,0.035676476,-0.053906024,-0.09347272,0.0010795641,-0.0463309,-0.048009988,0.17325567,0.02032384,-0.033594947,0.042200487,-0.11877512,-0.036777038,0.01010917,-0.08543644,0.086992376,-0.005536157,0.0041334913,0.0078061703,0.06341595,0.019256743,-0.035112806,-0.011740468,0.023072064,0.09845294,0.026215851,-0.10127643,2.9645222e-05,0.004394018,0.082160465,-0.046773836,-0.03838268,-0.11230375,0.058656115,0.06309485,0.022862755,0.05814201,-0.03009042,0.032510743,-0.03786334,-0.076956026,-0.012639709,0.057018142,-0.036358364,-0.06573205,-0.10342353,-0.030191833,0.057678062,-0.055727996,0.044697464,-0.054491483,-0.04868422,-0.14567408,-0.07840503,0.15724333,0.1260821,-0.06767585,-0.10782054,-0.032611266,-0.17312628,0.0080308365,0.09303022,-0.13014014,0.0059785647,0.07363555,-0.032167524,0.026478156,0.033744823,0.049054433,-0.017032597,0.08646088,0.16654028,-0.08873207,0.058166686,0.057743028,-0.07434572,-0.024845421,-0.096697174,0.0029791328,-0.030307397,-0.081783146,-0.013371953,-0.13641754,0.019083502,0.10859002,0.08264621,0.03676917,-0.10170402,0.014004013,-0.05575821,-0.07243666,-0.0044369567,0.042326894,0.05272338,0.04543823,-0.017031131,-0.03722307,0.040153492,-0.038690336,-0.010920957,-0.008876577,-0.10425861,0.0010592312,-0.04100445,-0.12802082,-0.036757436,0.003485715,0.0050955694,0.087757975,-0.0347263,0.018550081,-0.06891402,-0.05802265,-0.014285963,0.09486875,0.03506179,-0.011667576,-0.10624549,0.057976536,-0.0672218,0.12815893,-0.048438396,0.059225056,-0.0054478124,0.011458571,0.12712234,-0.074686766,-0.04874397,-0.023780515,-0.011080999,0.009514417,0.10127109,0.0074718543,-0.0228805,-0.0044012624,0.0425395,0.027567979,0.035414573,-0.008446399,0.015519725,-0.0262716
TCGA-OL-A5DA-01A,-0.070940875,-0.054586288,0.08361776,0.022084413,-0.053076036,0.10115074,0.026880844,0.019669294,-0.10658779,0.032092646,-0.07490925,0.050467733,0.0030205082,0.08808449,0.14628331,-0.0727109,-0.03881587,0.077791736,-0.027626986,-0.15474737,-0.12187925,-0.018675579,-0.057137113,0.09053872,-0.061995354,0.025754113,-0.094416365,-0.14386648,-0.0074268905,-0.006764823,-0.13324226,-0.0009269939,-0.09747597,-0.1642102,-0.066808544,-0.15399566,0.036077235,0.09978121,-0.08520787,-0.027236326,0.014789249,-0.013121366,0.048417293,0.021385131,-0.049687386,0.075926796,0.061482128,0.01572576,0.032852434,0.08334447,-0.036715,0.06986862,-0.022856794,0.057976346,-0.0126847755,-0.021760682,0.16252,0.0886544,-0.005844751,0.052025132,0.094437614,-0.010796474,-0.11772367,0.055124138,-0.070787586,-0.09599567,0.12867609,0.0016227218,-0.067462705,0.08982407,-0.15466951,-0.00024059867,0.013610727,-0.13944152,0.08449381,0.100687176,-0.028603876,0.009508688,0.08420052,-0.015077024,-0.011345368,-0.01899626,-0.0058119674,-0.009916747,0.04034509,0.018672526,0.005081484,0.08293615,0.09412627,-0.01450886,-0.025107931,-0.070391096,0.123992324,0.039501995,-0.0029320382,-0.11226605,-0.024201924,0.04482501,0.12144148,-0.06543234,0.0741366,0.00076146115,-0.0043109967,-0.06656928,-0.10908948,-0.043188743,-0.03859679,-0.021631338,0.027701525,-0.04622694,-0.046290018,-0.097909704,-0.03881778,0.032786053,0.18097945,-0.019266259,-0.01790151,-0.0052116914,-0.015627448,-0.010149294,0.074903674,-0.12989524,-0.007836665,-0.018118642,0.0030748642,-0.029112943,0.055172466,-0.032575246,-0.043190286,0.09577482,0.072096586,-0.046539586,0.0713522,-0.044621054,-0.10845325,0.016837224,0.016043114,-0.05469346,-0.08380968,-0.07174698,-0.09066608,-0.13973545,-0.06597806,0.058767732,0.095703095,-0.004431251,-0.0743682,0.037463203,0.021791222,-0.030820271,-0.0395484,-0.012803824,0.039403804,0.031267975,-0.106932685,0.05127631,-0.04837518,-0.04656326,-0.031148503,-0.041805208,0.03344498,-0.021981237,0.04950867,-0.19483827,0.0013502068,0.054261994,0.13525963,-0.00096507475,-0.038555697,-0.034214266,-0.09192368,-0.13494381,0.0019055161,0.02350538,0.03456564,0.010331909,-0.08123804,0.036160175,0.1754184,0.14090224,-0.030955676,0.008878996,0.0050284914,0.05374049,0.02121709,0.009085308,-0.10352913,0.07433383,0.016152762,0.044847764,0.10126473,0.03835638,-0.033386316,-0.06759742,-0.024221057,0.042123266,0.013653523,0.042544644,0.0040702606,-0.041188248
TCGA-BH-A0BF-01A,0.009540142,-0.05187638,0.10693713,0.035158575,-0.07695016,-0.009755546,0.049271543,-0.016392117,-0.019929318,0.11812739,-0.009366132,-0.015350092,-0.08316333,0.15331757,0.042719357,-0.028752558,0.05334067,0.057742976,-0.06394074,-0.12213999,-0.052918594,-0.13195202,-0.029656645,0.13405687,-0.063068874,0.07945452,-0.07563871,-0.026100744,-0.02723696,-0.037719913,-0.045754656,0.044990227,-0.068227865,-0.17663568,-0.16018526,-0.01744121,-0.065292254,0.007662734,0.004573437,-0.01060545,-0.03498233,0.07021537,0.09956831,-0.019311486,-0.025463123,-0.030972863,0.050330162,0.026006652,0.012373547,0.0029512444,0.049758185,0.07284896,0.077234834,0.1589218,-0.031545993,0.041479655,0.12799129,0.021040576,-0.06324341,-0.0394791,0.03167232,0.071717545,-0.053843845,0.09091367,-0.008820686,-0.04329039,0.12589929,-0.033126354,-0.140275,0.025628548,-0.11844578,0.016413337,-0.040611982,-0.12356933,0.12935281,0.030273309,-0.07598706,-0.0049255504,0.09179447,-0.11547214,-0.07655929,0.05477452,-0.008303634,0.091339745,0.019308679,-0.045933057,-0.08563456,0.112344295,0.03671403,-0.0012108422,0.04847466,-0.0019808165,0.022518396,-0.015462277,0.028856236,-0.01849763,-0.04810275,0.056960423,0.07303424,0.0051871873,0.08364741,0.08307258,0.04515633,-0.13489646,-0.053512115,0.078857966,-0.1253809,-0.043323867,0.011946714,0.04547385,-0.13095422,-0.050332908,-0.0633173,0.03380869,0.14415284,-0.007986161,-0.032164056,-0.08721665,0.02050247,0.0047334125,-0.009822783,-0.16892399,-0.020484662,-0.01961456,0.025122195,-0.073759705,-0.007306483,0.020324375,0.008129659,0.08953141,0.10802459,-0.04858271,-0.025144929,-0.094758205,-0.18827108,-0.012200443,-0.04979596,-0.044853084,-0.013498789,0.04760395,0.0011366933,-0.1437157,0.019458326,0.032075167,0.0054042162,0.102709204,-0.07926329,-0.057782024,-0.010619842,-0.065587565,-0.03723552,0.063117445,0.020261485,-0.023600115,-0.04547865,0.031615436,0.03803836,-0.11062961,-0.016881606,-0.0014257351,-0.03571786,-0.021975627,-0.012947381,-0.15310764,-0.06417375,0.109173596,0.039068032,0.029239284,0.081600115,0.00011197181,-0.03895281,-0.14036073,-0.061473705,-0.03819156,0.062331118,-0.047375422,-0.07247208,0.011272113,0.14722206,0.11842295,-0.09355736,0.007376409,-0.03136471,0.08255043,0.09810312,0.001214681,-0.076005556,-0.03350669,-0.017540578,0.01326991,0.13550012,-0.07255353,-0.00022429044,-0.035423048,0.023586135,-0.09185549,0.038050927,0.08479672,-0.025119092,-0.030025365
TCGA-S3-AA12-01A,0.043690033,-0.09815961,0.03935551,-0.05316158,-0.008909596,0.015726756,0.053294137,-0.031619966,-0.006825477,0.027295522,-0.049315833,0.07369482,0.011913994,0.10914013,0.09509959,-0.04684459,0.05083682,0.07154497,0.004236185,-0.11561452,-0.067455485,-0.1287625,-0.12296582,0.16292441,-0.08096348,-0.055171315,-0.08198785,-0.13292244,-0.006927909,-0.058924034,-0.07159621,0.015087599,-0.1220147,-0.11103542,-0.100178935,-0.1330781,-0.05892242,0.0037944312,-0.10782926,0.019693363,0.0368849,-0.03633048,0.0095748985,-0.11901345,-0.034683563,-0.020522563,0.032446347,0.10088505,0.009142514,0.090460114,0.0959501,-0.01734638,0.02164539,0.12398906,2.5780244e-05,0.020023849,0.082920395,0.11739825,-0.11475,0.022900768,0.055053428,-0.014631789,-0.102060735,0.031014806,0.0021437635,-0.09283564,0.1347741,-0.07009642,-0.083502315,0.01851395,-0.06090002,0.052793495,0.0006243632,-0.09868089,0.033995688,-0.042832606,-0.028306458,-0.054441452,0.12149475,-0.044953294,0.018676199,-0.075016566,-0.023547575,0.004079812,-0.023276152,-0.052127577,-0.06692141,0.079352096,0.09270063,-0.068395086,0.025917703,-0.09526497,0.009595669,-0.014092916,0.0010607908,-0.09385417,0.017253479,-0.03142885,-0.012318143,-0.028265325,-0.031228742,0.081040375,-0.00025415246,-0.18239377,-0.10265616,0.027607197,-0.0002937145,-0.11175326,0.042041313,-0.05470032,-0.00904684,-0.08815676,-0.05413214,0.123216495,0.10493296,-0.08996636,-0.014021701,-0.04824499,-0.021181157,-0.051154543,0.06467608,-0.1764367,0.035677552,0.04512509,0.03550231,0.054441564,-0.12825964,-0.02631904,-0.092898175,0.11927093,0.04020133,-0.048302893,-0.014647351,-0.028111778,-0.14007865,-0.02022282,0.034762677,-0.02716657,0.009020082,0.031435978,-0.055831574,-0.10805489,0.020524522,-0.02859993,0.012801088,-0.03302136,-0.10859434,-0.038092036,0.033020556,-0.0403504,0.12661308,-0.064082764,0.074307024,-0.0045686993,-0.08460702,0.12071879,0.038457356,-0.06140441,-0.109225966,-0.022813918,-0.050840613,-0.035825826,0.15302666,-0.09694046,0.01679611,0.053506963,0.11639015,0.016646829,-0.0688832,-0.0086208545,0.05442244,-0.01945732,0.021884514,-0.018681565,0.067342415,0.0031275724,-0.029176548,-0.0099526225,0.071960784,0.071100794,0.028421907,0.012333936,-0.050159596,-0.124197766,-0.069217905,-0.046687584,0.011885518,-0.06426997,-0.0119719645,0.028850242,0.09838027,0.03235321,-0.16865754,0.022277577,0.0046555554,0.10366386,0.004891836,0.11854138,0.03000689,-0.011314508
TCGA-C8-A1HO-01A,-0.010378494,-0.03571075,0.03649137,0.08413665,0.020215642,-0.04953538,0.088766664,0.07238271,-0.06005328,0.036256634,-0.048303936,-0.031968035,-0.06413044,0.11960863,0.0033274067,-0.0279505,0.09487547,-0.015650872,0.018246612,-0.15256777,-0.08986683,-0.041749522,-0.085843824,0.07055859,-0.13293189,-0.041116666,-0.12878406,0.006036786,-0.088518135,-0.028420093,-0.0499744,0.09063839,-0.012743439,-0.12978478,-0.11521324,-0.082318515,0.037621077,-0.046992417,-0.06382387,0.017414,-0.008565213,0.12368515,0.14772007,-0.02343002,-0.0015710574,-0.017042862,0.01649852,0.05958355,0.10333242,0.019401105,0.11824973,-0.009258638,0.03365691,0.1563152,0.024062397,0.0722966,0.048523683,-0.0022516956,-0.061132263,0.023534741,-0.025982054,0.025293948,-0.016140023,0.13593696,-0.034720063,0.02394565,0.08509529,-0.0946974,-0.0045245076,0.032494508,-0.10827483,0.085134484,0.023090191,-0.16091187,0.13129768,-0.02950419,0.042392194,-0.0061184345,0.08988737,-0.09856974,0.055947065,-0.052154083,0.047753055,-0.029682018,-0.07901265,-0.11059663,0.016645437,0.09108573,0.07628159,-0.06781541,-0.08277718,-0.15845987,0.065680176,-0.0015001647,0.058526583,-0.05142619,-0.021137232,-0.005976932,0.03210244,-0.15984814,-0.009805166,-0.01092395,0.046177328,-0.19424084,-0.08923366,-0.047803298,-0.03692188,-0.07646421,0.034928516,-0.039565302,-0.060536757,-0.053225826,0.012952978,-0.023372505,0.10631718,0.058389097,0.02877174,-0.04305157,0.027225962,-0.050327998,-0.017916996,-0.052745413,0.068423495,0.1164868,0.11014082,-0.0180416,-0.099324614,0.008224217,-0.025040396,0.11474582,0.048949514,-0.017095849,0.0068744123,-0.05698364,-0.11175975,-0.06507464,-0.048978455,0.009067697,-0.11954065,0.00665992,0.059015505,-0.13415073,-0.04815444,0.008914688,0.0019426026,-0.030972391,-0.102010585,-0.036304116,-0.03674855,-0.04065718,0.03254594,0.03297748,0.03398328,0.10932082,0.031305287,0.046440173,0.031636816,-0.105577245,-0.17360649,-0.07717525,0.0071883583,-0.053150304,0.05533143,-0.16192387,0.043070123,0.05916422,0.0738052,0.050223976,-0.011459576,-0.051216897,-0.026709968,-0.046704113,0.08264879,0.030221514,0.07092477,-0.008864007,0.030198086,0.11167244,0.1012852,0.03235524,-0.009728652,-0.055988777,-0.11343953,-0.017535524,0.027443483,-0.11025848,-0.06584295,-0.03550997,0.057073195,0.004108936,0.045163315,-0.025611512,-0.08127373,-0.0035155173,0.010303732,0.019431038,0.12496289,0.0028082535,-0.058074452,-0.032507513
TCGA-E9-A229-01A,-0.040643606,-0.008859625,0.091777354,0.1017611,-0.11295642,0.029092196,0.07326133,0.018645955,-0.11289478,-0.032093495,0.0010153349,0.038982805,0.049321823,0.09356502,0.042175733,-0.00046988533,0.089155965,0.08551381,-0.006470138,-0.12910593,0.011205104,-0.04870752,-0.05027204,0.01102985,0.032131974,-0.0058866497,-0.060055383,-0.06859774,-0.091272846,-0.08221507,-0.11424195,0.05199013,-0.045791492,-0.12342646,-0.15118027,-0.07711437,0.01724148,-0.08953105,0.03380231,-0.007521694,-0.016724223,0.043115485,0.15401624,-0.04724148,-0.06291483,-0.048371393,0.030785056,-0.0121789975,0.011318805,0.100148104,0.008651945,0.102486454,0.07571237,0.035681456,-0.042003993,-0.055964783,0.047126893,-0.03682187,-0.018496657,-0.031671356,-0.052452385,-0.009382977,-0.10396475,0.062262002,-0.016144414,-0.009958617,0.13003479,0.009039709,-0.022901533,-0.021483526,-0.15565692,0.037839904,-0.053433415,-0.19153298,0.060603783,0.030871173,0.011887134,0.021806858,0.12110275,-0.009334264,0.04617409,0.04886675,0.052103948,-0.007604709,-0.08791768,-0.10184186,-0.054233465,0.1496322,0.18050958,-0.106059104,-0.027017308,-0.027997509,0.036552947,0.027715975,0.06747677,-0.06539179,0.016460605,-0.02382116,0.096677735,-0.044310104,0.038259845,0.15834983,0.0029380037,-0.06847697,-0.048600726,-0.028085766,-0.07202393,-0.035449743,-0.07878452,-0.04137979,-0.094332166,-0.118029654,-0.060982972,0.099600814,0.103634186,-0.091484815,0.07548974,-0.056579877,-0.03511962,-0.061025582,0.07482661,-0.08789927,0.030401088,0.026769947,0.017723538,-0.08149781,-0.029021265,0.01632684,-0.027242213,0.100800626,0.07092828,-0.023744123,0.043509886,-0.07267941,-0.15110648,0.0060279383,-0.01796772,-0.14224929,-0.0874684,0.03570919,-0.0084988605,-0.122828394,-0.00054029014,0.030926859,0.13009496,-0.04868065,-0.11728998,-0.10782481,0.0319815,-0.06322647,0.029502872,0.07721577,-0.10877774,0.058646247,-0.04481007,-0.019985883,-0.032396544,-0.07296396,-0.031434987,0.0042148856,0.0031105983,0.0051922426,0.032815352,-0.13851447,-0.036273785,0.062382177,0.05979466,-0.00044650008,0.053198516,0.009243335,-0.00262368,-0.040566973,0.0051416894,-0.046844125,0.006606367,0.018776366,-0.06974897,-0.0061867665,0.03632781,0.110107265,-0.011634935,0.040951204,0.029154794,0.021440519,0.12457093,-0.14308175,-0.15256411,-0.10247514,-0.03812319,0.01944846,0.020823285,-0.05329407,-0.0022266079,-0.046497744,-0.07426626,-0.008046073,0.091499075,0.14012475,-0.041695803,-0.024797505
TCGA-B6-A0RM-01A,-0.06461371,0.066515185,0.08008383,0.0047343797,0.05855121,0.00066501164,-0.06548826,0.006268196,-0.097787075,0.003955965,0.010155342,-0.0022023502,-0.019477502,0.14721729,0.08871972,-0.09866623,0.029807586,0.09223914,0.09795873,-0.19206746,-0.036326006,-0.085148424,-0.042624384,0.0322798,-0.02228493,0.004016819,-0.16737482,-0.043028843,3.7664176e-06,-0.07753191,-0.014863289,-0.070430614,-0.09654657,-0.03154292,-0.012963254,-0.059525643,-0.03286965,-0.026806567,0.042503968,0.022156054,0.034207802,-0.0047040135,0.13556902,-0.12196535,-0.010040568,-0.02292308,0.058399692,0.0023532584,0.039154362,-0.042288803,0.012922963,0.053685308,0.025213014,0.0035209907,-0.006070008,0.030210042,0.022980012,-0.050285976,0.01574932,0.023923615,0.024749197,0.011128362,-0.01401958,0.046505906,-0.08717837,0.01088793,0.101323,-0.028692847,-0.13027343,-0.040846504,-0.1348927,0.024953881,-0.052024007,-0.08899837,0.09068513,-0.06416062,-0.03891454,0.08047875,0.04063082,-0.06965364,0.08720513,-0.099393554,-0.04256505,0.077468716,-0.0243711,-0.024443846,-0.04291392,0.03826091,0.08269089,-0.0579847,0.061459944,-0.13582692,0.004714245,-0.004416509,0.07457842,0.003941099,-0.08564745,-0.0016938818,0.05724906,-0.026389979,-0.008882364,0.05608367,0.01608442,-0.05156036,-0.08224429,0.054886065,-0.055967107,-0.113702916,-0.005616429,-0.025017755,0.004447413,-0.09968908,-0.09013554,0.15774158,0.01249581,-0.032173496,-0.04202331,-0.1324335,-0.06868443,-0.1392567,0.13323104,-0.17763476,0.057834182,0.03571503,0.027165009,-0.0058146585,-0.078206845,0.022306846,0.077237375,0.11945307,0.15751195,-0.008436922,-0.050391804,-0.008750438,-0.0996779,-0.07986283,-0.033932935,-0.085431024,-0.044443935,-0.08207052,-0.04936038,-0.1306794,-0.019314606,0.014669759,0.022738306,-0.15101536,-0.020483218,-0.014321811,-0.11164833,-0.10191084,-0.00059423957,-0.017976275,0.0502804,0.011798989,-0.06698102,0.0913205,0.12725414,-0.038608424,-0.026489258,0.043239485,-0.0728758,-0.077104986,-0.03993261,-0.0724544,-0.0125533845,0.029772418,0.073063746,0.0015650371,0.027745077,-0.1526587,-0.0035186203,-0.06126565,0.0426039,0.04364796,-0.019440377,0.0033052436,-0.095986396,0.022512842,0.06350587,0.2738703,0.034793045,0.0127157625,-0.039667796,-0.07233172,0.00079612184,-0.055895433,-0.06542457,-0.08991294,-0.105046414,-0.01118893,0.07698563,-0.02881883,0.027640892,0.052089922,0.09683297,0.045909274,0.06581717,-0.0071781892,-0.050869875,-0.011917307
TCGA-BH-A1FE-01A,0.017503804,0.00013574852,0.1359946,0.08918649,-0.046946242,-0.041728396,0.023815066,0.10895669,0.0064703384,0.07616906,-0.030270666,0.0066389013,-0.039842464,0.14454241,-0.062509075,-0.051258784,-0.0194114,0.021678526,-0.0028207467,-0.08248234,-0.107871816,0.02887411,-0.11098132,0.028776312,-0.073903374,-0.035509802,-0.17495754,-0.02563122,0.030888492,-0.030815816,-0.056208048,0.04102656,-0.05719679,-0.0941792,-0.070427775,-0.033853155,0.03679518,-0.060617477,-0.07542632,-0.042047888,0.079021625,0.048868,0.17898132,-0.0328907,-0.0053535495,-0.07232651,0.056191165,0.04372176,0.0353688,0.06224016,0.063991785,0.05392094,0.026060332,-0.043090593,-0.020610226,0.007460041,0.011246961,-0.024578845,-0.013865315,-0.0042761136,-0.027731745,-0.0028351136,-0.06068669,0.07888895,-0.068467505,-0.0050476114,0.1427787,-0.07240878,-0.110138856,-0.017915398,-0.13596399,0.07736843,-0.063819826,-0.110503085,0.15470421,0.03428373,0.009521151,-0.017329676,0.08093646,0.021066776,0.056162916,0.008025006,0.045853317,0.036523324,0.03734104,-0.15214375,-0.062372237,0.17447972,0.10623773,0.009340618,0.029074302,-0.03521578,0.012136535,0.046258118,0.08892566,-0.016712723,-0.033215005,-0.03802849,0.06779199,-0.046757802,-0.036228523,0.13405468,0.016682843,-0.1421626,0.060534228,-0.051651467,-0.052784894,-0.12994368,0.06380045,0.04406895,-0.0004724032,-0.117224604,-0.008966059,0.10491949,0.0558349,0.013349313,0.027248003,-0.037246067,-0.14944287,-0.011599246,0.06261472,-0.13149196,0.029224047,0.017165214,0.03251744,0.00016486864,-0.07672833,0.123877846,-0.028645009,0.074439935,0.20739722,-0.06352433,0.09663938,-0.052687876,-0.195349,-0.012363833,-0.13223548,-0.061612073,0.004975803,0.07569345,0.06717593,-0.0622355,-0.07074463,0.049911812,0.023019334,-0.031075167,-0.018771308,-0.022640849,-0.033170167,-0.0017614303,0.012639052,-0.014066001,0.058648348,0.06021496,-0.025785806,0.08364309,0.02152355,-0.14873801,-0.077480756,-0.038484555,0.009360776,-0.061879255,-0.048672426,-0.11538077,-0.038433533,0.07606647,0.012328187,0.052986152,-0.092802234,-0.045515712,-0.05773007,0.015750486,0.06936723,0.016506147,0.08481916,-0.0030382827,-0.08214524,0.09924118,0.07984572,0.124882415,-0.031178229,0.021345655,-0.08891511,-0.010648655,-0.03161505,-0.07049199,-0.068568796,-0.08533717,0.0066063534,-0.0090735955,0.050012153,-0.04966088,-0.05817467,-0.029594004,0.007712675,-0.055602163,0.028869197,0.09390805,-0.08999008,-0.038481165
TCGA-S3-AA11-01A,-0.096122965,-0.070631064,0.0738053,0.10567135,-0.07360462,0.02442942,-0.06361374,-0.04736537,-0.06839944,0.02158678,-0.08981366,-0.08480819,0.025809325,0.20472999,0.05432024,-0.039954446,0.0021613208,0.01070775,0.01005737,-0.056414016,-0.07590887,-0.07204129,-0.045564115,0.05467375,0.06665089,-0.05584396,-0.14104389,-0.024731237,-0.040974405,-0.0005957518,0.038727593,0.044367976,-0.078438535,-0.07344357,-0.01270166,-0.1668055,-0.02278011,-0.075691186,-0.009304182,0.030399244,0.03927243,0.028346522,0.051575404,-0.054977622,1.7284443e-05,-0.01469975,-0.05143022,0.024179194,-0.021694021,0.062869824,0.03674788,0.05802473,0.07298094,0.08027459,-0.012421668,-0.03386028,0.11009522,0.0021502199,-0.040223625,-0.061620533,0.041707847,-0.040182386,-0.06881236,0.13283838,0.014212854,-0.0045043402,0.1702603,0.019101681,-0.053166557,-0.02806417,-0.22487102,0.05406439,-0.028864443,-0.14461307,0.06754225,-0.003786547,-0.039555594,0.004582836,0.021964602,0.015646003,0.028632933,-0.08292903,0.025982391,0.048599612,-0.099959105,-0.033604287,0.018798616,0.045599215,0.095842816,0.008634337,0.05082131,-0.10647721,-0.007726181,0.059966695,0.07197873,-0.017640304,-0.06132549,-0.02784051,0.03366151,-0.093408294,-0.008637764,0.080283,0.04086173,-0.118001536,-0.0776337,-0.030167667,-0.0024431287,0.0055395095,-0.023242082,-0.0048354105,-0.005735529,-0.08574569,-0.0445382,0.11413031,0.10567787,-0.061772663,0.03699242,-0.10310087,-0.073504545,-0.021864347,0.021073004,-0.13925914,-0.055805273,0.03389389,0.0941394,0.025677351,0.04088348,0.1675142,0.06114947,0.07612679,0.023867022,-0.069113165,0.009833175,-0.01982786,-0.10337537,-0.00843065,-0.109147504,-0.013951255,-0.06554529,0.04014986,0.020979013,-0.08436782,0.0021536113,0.015416824,0.06324677,-0.031092178,-0.13447875,-0.05264733,-0.07430919,0.007523756,0.09813189,0.09013652,0.057281274,0.053826634,-0.042649735,0.06943232,0.014854618,-0.14396088,-0.026063269,-0.06693864,0.008855988,-0.029348893,-0.064415514,-0.10940644,-0.09591796,0.023264429,0.0062356386,-0.010292652,-0.023401372,-0.013952423,-0.044129513,0.019728336,0.12904151,-0.09022587,-0.0019210004,0.008608481,0.0051805954,0.09839706,0.106758274,0.10266269,-0.021469658,0.056868255,-0.081044346,0.093257,0.058220264,-0.07227322,-0.17552236,-0.08870759,-0.036812298,0.09844593,0.18483323,0.005774147,-0.07476251,-0.051672455,0.10218301,0.07958405,0.060521107,0.0923799,-0.047190387,-0.028827922
TCGA-BH-A0HY-01A,-0.04066389,-0.014933986,0.07754573,0.03491535,-0.08612798,0.054723687,0.0550734,0.0466893,-0.10647175,-0.0036071588,-0.08239051,0.016071137,-0.04628718,0.1114029,0.082730375,-0.0341361,0.054279897,0.10041097,0.028929006,-0.1030226,-0.06432607,0.012997331,-0.022565696,0.07223218,-0.08009583,-0.01307608,-0.096163414,-0.05495766,-0.038930908,-0.14086905,-0.01685543,-0.068056874,-0.09799648,-0.1720954,-0.040400792,-0.121392496,0.022739012,-0.09299664,-0.075111516,-0.0008403864,0.02065258,0.057924543,0.1221795,-0.027516453,-0.118159674,-0.057445083,0.021597777,0.021566601,-0.026759291,0.07212993,0.054725878,0.018980356,0.09848496,0.03288956,-0.08153119,-0.03543272,0.04841183,0.004625893,-0.123525344,0.027576473,0.07474239,0.018430144,-0.016974024,0.098648846,-0.07532259,-0.06699061,0.13657334,0.088818185,-0.11800202,0.03189802,-0.045815244,0.02557236,0.014138026,-0.1324075,0.09654684,-0.02111798,0.012485822,0.048139177,0.08592873,0.018107899,-0.0191295,-0.03570639,-0.008378573,0.016937707,-0.019611303,-0.1313155,-0.04675683,0.10541293,0.16740067,-0.050230566,0.15667564,-0.08623446,0.077859305,0.104916126,0.080680616,-0.045657646,0.037441615,0.060257487,0.04144855,0.0019361769,0.02281493,0.025577983,0.08337345,-0.09009164,-0.14067885,-0.019609947,0.042220104,-0.085553065,-0.008508211,0.06392855,0.02994563,-0.07021542,-0.11463369,0.08553491,0.1117814,-0.0664507,-0.03764517,-0.0066885646,-0.1106352,0.04972302,0.103795774,-0.04991549,0.037255693,-0.031419657,0.09161106,-0.053716805,-0.050844967,0.093823,0.019203452,0.014727366,0.17329414,0.05039267,0.030674454,-0.018249404,-0.0026514374,-0.03027162,-0.05333451,-0.028970132,-0.0024625454,-0.0073215794,0.000932543,-0.019139221,-0.026994377,0.067355484,-0.02319877,-0.047488876,-0.06705738,0.013586946,-0.047183946,-0.081755266,0.028878588,0.011100721,0.1590165,0.076196134,-0.009959921,0.09006507,-0.02040066,-0.0784476,-0.12354622,-0.04902942,-0.018713176,-0.037565112,0.034998782,-0.12344401,-0.059592076,-0.08039579,0.11135336,0.047508057,-0.0130894,-0.067124516,-0.05693883,-0.10373619,-0.01950911,0.07051563,-0.0097582145,-0.038379095,-0.0029722506,0.09912893,0.0031592273,0.16691382,0.06437155,-0.056543607,0.02303826,-0.13277943,0.079312295,-0.094756134,-0.09067877,0.01881439,0.00982296,0.081570946,0.030529214,-0.07831597,0.0010226573,-0.035351682,-0.02446069,0.0055700853,0.11050239,0.04076472,-0.07824206,-0.012643179
TCGA-E9-A22E-01A,-0.0029160962,-0.005349796,0.097572766,0.08521326,-0.05942941,0.027111717,-0.015378372,0.07327466,-0.08154342,-0.029091347,-0.024316544,-0.037494753,0.0045603574,0.16716234,0.1426959,-0.060400486,-0.040526018,0.00015383595,0.027861329,-0.071306795,-0.023717947,-0.04939081,0.0050434032,0.0820451,-0.0661819,-0.036331967,-0.12713419,-0.01540692,-0.012728339,0.046134073,-0.006983115,0.032378007,-0.06431274,-0.18171711,-0.0765431,-0.14081074,0.031176735,-0.025184609,-0.039778456,-0.04424124,0.0052363654,0.12391265,0.12269643,-0.10432108,-0.079428405,0.037741575,-0.071289346,0.017996125,0.14973217,0.10487594,0.10894943,0.025729228,0.07453804,0.053367786,-0.019824212,0.06825606,0.009755953,-0.08060794,-0.102402575,0.09621071,0.030290443,-0.05601316,-0.017140785,0.07050114,-0.098908514,0.01273104,0.13379106,0.02344508,-0.11434112,0.04805773,-0.087582774,0.032813553,-0.021649646,-0.147375,0.09125477,-0.0035506939,-0.004686427,0.0022398566,0.102473,-0.020464132,0.011853455,-0.109899536,-0.0659686,0.0018560572,0.020384371,-0.05802338,0.064956255,0.17457278,0.049670678,-0.07962352,0.11061684,0.010959047,0.059844907,0.03395349,0.026151834,-0.034754943,-0.024576064,0.012025997,0.0330734,-0.03819844,-0.06624395,-0.030283136,0.06969532,-0.036940314,-0.03142833,-0.03313606,-0.004454414,-0.038280517,0.05137046,0.03648234,0.018301368,-0.08163028,-0.09827998,0.11497871,0.12377534,-0.05085496,-0.015715849,-0.103481874,-0.0385032,-0.008479877,0.09148241,-0.04583734,0.062090117,0.025573874,0.07356856,-0.0071337516,-0.08832404,0.17704198,-0.03222178,0.091531545,0.15178454,-0.20422128,-0.01691013,-0.13378854,-0.13402799,-0.009473522,-0.09554475,-0.026119718,0.071349844,0.07897087,-0.035352338,-0.09218377,0.0040467097,0.009103174,0.061791956,-0.03723988,-0.05858879,-0.009552843,0.01334255,0.0066892975,-0.012960261,-0.03397742,0.10085999,0.041882027,-0.05400157,0.044607744,0.009084396,-0.05480738,-0.01999821,-0.14187792,-0.0036957776,-0.055249896,-0.050301984,-0.012107306,-0.031060548,0.030174734,-0.011543678,0.052700054,-0.08775973,0.021257441,-0.043428432,-0.10987887,0.08156977,0.0018716725,0.07457371,-0.08145718,-0.10059843,0.10776427,-0.03475207,0.1234433,0.011296485,0.02700361,-0.006306864,-0.039513234,0.012325872,-0.04440726,-0.16487902,0.009766016,0.0438951,0.0076032393,0.045924053,-0.093214676,-0.036989275,0.051642798,-0.0002928759,-0.01356035,0.035074536,0.0018839722,-0.006574763,0.023809657
TCGA-AR-A1AU-01A,-0.025257828,-0.03841989,0.09428051,0.041415974,0.012496682,0.08987281,0.040777124,-0.06657701,-0.13008979,0.00023907151,-0.053620793,-0.13051842,-0.058899667,0.1762449,0.08745327,-0.027182627,-0.044329662,0.03356977,0.038273897,-0.082454674,0.013511617,-0.056468148,-0.083922066,0.14334401,0.0023500505,-0.057122152,-0.11092255,-0.091043666,-0.042853493,-0.010872626,-0.012850213,-0.0025015874,-0.055081885,-0.06038451,-0.016622677,-0.06810449,-0.023943258,-0.0015294289,-0.029808266,0.018886983,-0.016120575,0.007952,0.018668976,-0.12448598,-0.0029794928,0.0041764253,0.02441897,0.0639496,0.09992375,0.04576358,0.040571034,0.0018981314,0.028610358,0.072333306,-0.048186686,0.011102842,0.032885965,0.0167858,-0.08959486,-0.017381776,0.09773985,0.079784736,-0.100529246,0.042064283,0.021973861,-0.0924537,0.116548374,0.028132895,-0.13441014,-0.021187741,-0.07086373,0.030533168,-0.01281158,-0.24164057,0.080671936,-0.028974732,0.038860258,0.13516745,0.046347123,-0.03328742,-0.06598044,-0.0556371,-0.036567714,0.098216675,-0.0088084005,-0.027734278,-0.023933403,0.05805273,0.09794107,-0.009813939,0.034019936,-0.049359284,0.051717248,0.08242974,0.07037437,-0.044969033,-0.03724586,-0.062370226,-0.0038538347,0.045039922,-0.023366094,0.050368782,-0.107889846,-0.08341595,-0.04481634,-0.010506372,-0.093092814,-0.10818369,0.023931047,-0.051971205,-0.121350706,-0.105474405,-0.12469753,0.11548839,0.088133655,-0.0130527625,0.021573432,-0.038729377,-0.032359567,-0.06071038,0.07704318,-0.20911874,0.091132455,0.037240103,0.09052867,0.023334099,0.0015153671,-0.010826186,0.040304005,0.116873115,0.091919005,-0.041196328,-0.0057853526,-0.0371019,-0.027122276,-0.005258871,-0.034317303,-0.053031236,0.04408534,-0.043238945,0.010686077,-0.12009915,-0.06443357,0.11874184,-0.022497324,-0.022747926,-0.071863286,0.022710538,-0.08019298,-0.08582758,-0.005284015,0.05208831,0.012129074,-0.0063413302,-0.13169053,0.089110166,0.07731292,-0.11029138,-0.043185964,-0.033211093,0.008493608,-0.06963434,0.010540652,-0.075299636,-0.03047173,0.049231455,0.0974689,0.027989538,-0.044917706,-0.10233939,0.0038257306,-0.06722806,0.11759954,0.010778582,-0.0008272405,0.07495556,-0.10506289,0.08046014,0.14814052,0.13607347,-0.09619789,0.018768335,-0.084270395,0.048486143,0.039153084,0.024878113,-0.056590036,-0.07758161,-0.11343563,0.031529102,0.14115457,-0.0048524514,0.0023230289,0.041681543,0.042409692,0.06614872,-0.00035566118,0.026176432,-0.07626114,-0.11485469
TCGA-BH-A0W3-01A,0.016107094,0.038152274,0.040160686,0.124224216,-0.013261545,0.020254308,-0.010381313,-0.05673003,-0.08235234,-0.013671611,0.0726743,-0.08469703,0.038004894,0.11603147,0.07919568,-0.1289346,-0.010790544,0.11258409,0.037330177,-0.041273866,0.043854233,-0.017103024,0.010705882,-0.012587495,-0.083833575,0.058428276,-0.13607179,-0.0760369,0.02861746,-0.021841064,-0.057208393,0.013763411,-0.054447778,-0.13210899,-0.0719067,-0.1541281,0.08388173,0.0017530263,-0.03164267,-0.053793605,0.027488375,0.12512143,0.06875954,-0.0558258,-0.1088806,-0.08025401,-0.02512175,0.009080233,0.01327284,0.13242152,0.13616323,0.073896244,0.004597362,0.053901426,0.050051298,-0.06539187,0.035953935,0.009931621,-0.0875926,0.061566923,0.07009,-0.062330388,-0.06574361,0.006124004,0.063309304,-0.06166615,0.09342424,-0.0022202334,-0.11895139,-0.05071638,-0.06326033,0.010482761,-0.0005291416,-0.1894061,0.035008308,0.0047751237,-0.026798777,-0.01952062,0.09716403,0.017428918,0.0035657394,0.08261529,-0.06876892,-0.04661526,-0.026641095,-0.11652271,0.020366406,0.11392127,0.09677674,-0.11551147,0.183747,-0.09705829,0.044678573,0.013754099,0.09348906,-0.10606905,-0.04247997,0.021238063,0.025945144,-0.044296697,0.058966096,0.045904513,0.05141824,-0.057774525,-0.08510581,0.06626684,-0.05950626,-0.1068443,0.029737066,-0.06947046,0.004690371,-0.094608374,-0.08198409,0.01280856,0.12936637,-0.053751774,-0.027752083,-0.033647235,-0.09230622,-0.029727712,0.107310496,-0.066146776,0.06285477,0.05544145,0.0033186995,-0.023123877,-0.09931617,0.0045808502,0.019333841,0.061995953,0.045482237,-0.016410116,0.0009830106,-0.026661191,-0.14336587,-0.073545955,-0.0128983185,-0.0074766255,-0.019709282,0.076723956,-0.111292094,-0.19124503,-0.032790173,0.08489808,0.04852215,0.021358429,-0.12878092,-0.06253556,-0.04376887,-0.047498915,0.01565603,-0.01686322,0.06197001,0.15283713,0.033492234,0.02158805,0.11419933,-0.048757955,-0.016752867,-0.015302579,-0.09953037,-0.0598437,-0.080766946,-0.09733271,-0.058714572,0.050205275,0.03528423,0.019376434,-0.063352644,0.02956109,-0.010818856,-0.0058738384,0.0044264374,0.004481228,-0.0002573017,-0.028665755,-0.05295259,0.114217766,0.065456994,0.17331864,-0.06695496,-0.009366408,-0.011382764,-0.058277722,-0.01222832,-0.037061833,-0.17483148,-0.07472023,-0.061193984,0.022146896,0.0073553226,-0.11456284,0.002108195,0.07395295,-0.0006506401,0.03597864,0.0056274435,0.008544674,0.024968877,0.06324682
TCGA-A2-A0T2-01A,-0.031327356,-0.045307495,0.063687526,0.09764941,-0.024067009,0.07880215,-0.027435113,0.03579798,-0.0067932946,0.032454245,0.02770393,0.008786985,0.04013541,0.1379176,0.10222484,-0.031202272,0.028393444,0.08452815,-0.03003093,-0.15624814,0.030134147,-0.0083113,-0.030565249,0.17050925,-0.028831827,0.010979329,-0.14803708,0.027069597,-0.040593203,-0.05504655,-0.07383115,0.053108286,-0.08682907,-0.11334994,-0.12108237,-0.026042871,0.052584857,-0.072718695,-0.089776225,0.0077891205,0.016696723,0.17228219,0.17149447,-0.052457172,0.025511883,-0.018193929,0.026950093,-0.027561625,0.017064337,0.039919224,0.053698707,0.08781658,0.071792856,0.0070691444,0.02038596,0.040891096,0.08709428,0.013594159,0.012233483,0.13492684,-0.0016794521,0.052478623,-0.10424703,0.115854695,-0.102019936,-0.029050894,0.1514911,-0.06395048,-0.13431925,-0.04914786,-0.050029296,0.058887653,-7.496452e-06,-0.070055135,0.10941243,-0.015653577,-0.14696068,0.052315067,0.021604085,0.025663484,0.026655572,-0.01126796,0.045665786,0.00013957256,-0.014107452,-0.03235373,0.08888241,0.12146181,0.08234743,-0.05366489,0.059300482,-0.10653528,0.015767068,0.01448244,0.0344124,0.008056999,-0.097970195,0.001395473,0.10446429,-0.016224619,0.109242156,0.026096312,-0.014963133,-0.07230736,0.01987255,-0.009307887,-0.02109323,-0.053799428,0.015405575,0.047999937,-0.078294165,-0.03686889,-0.08895473,0.073046856,0.10118375,-0.051690165,0.078726135,-0.03761799,-0.033453308,-0.055915568,0.15123454,-0.062239587,0.010574559,0.04041496,0.049987264,-0.006863514,0.024818595,0.03754742,-0.009508785,0.09591737,-0.0050038584,-0.11199495,-0.03259465,-0.04863262,-0.19602711,-0.03097731,-0.06211786,-0.073885426,-0.10875604,-0.053254243,0.036110077,-0.15149738,-0.016639808,0.023574464,-0.054115955,0.021049239,-0.1100209,-0.0034151014,0.015183858,-0.020434668,0.0077988026,0.04957718,-0.030888362,0.07324896,-0.0039023021,-0.050543647,0.09594621,-0.17658342,0.019732574,0.024885325,-0.019518342,-0.04382003,0.06305461,-0.058083918,-0.046524346,0.109526284,0.05649352,0.03617367,-0.012173416,-0.028072916,-0.08113146,-0.04488633,-0.037184913,-0.01657166,0.038449146,-0.09548829,-0.019905396,0.13561328,0.048203025,0.12777743,-0.117023975,0.01089303,-0.047411613,0.10465557,-0.015642948,-0.034043778,-0.13886514,-0.033280328,-0.045625623,0.06629085,-0.021533525,-0.10093304,-0.043259636,0.039290234,-0.055095613,0.047268722,0.11178872,-0.012536463,-0.009754618,0.0927109
TCGA-AO-A1KR-01A,-0.030265689,-0.019970214,0.06493014,0.14310677,0.0810007,0.07650452,-0.012306395,0.12629096,-0.063530065,0.026795594,-0.013949865,-0.06851733,0.022581773,0.17194587,0.1275819,-0.038922608,0.033250798,0.005631394,-0.012566751,-0.1527487,-0.101179294,-0.12034812,-0.090043075,0.08854098,-0.06744718,0.06821288,-0.11905723,-0.07799381,0.024431245,-0.042490948,-0.007580786,0.04058567,-0.073119976,-0.12953141,-0.06017621,-0.024196217,-0.0055716643,-0.081175014,-0.06580384,-0.06742895,0.02428542,0.080394275,0.13456254,-0.061579235,-0.022066077,0.006217351,0.053372674,-0.03779247,0.064656846,0.059090987,0.010606842,0.09207611,0.07051571,0.033881903,-0.029480023,0.0127844475,0.07857327,0.055817273,0.009715822,0.08453708,0.011994591,0.028066145,-0.032882813,0.0864095,-0.038364485,-0.038505536,0.1393922,0.005410366,-0.02421741,0.017397098,-0.06469872,0.07644304,0.052862763,-0.14395046,0.10781468,-0.034071356,0.060379717,0.021198586,0.078769475,-0.102946684,0.0977854,-0.1429724,-0.030597273,0.061186712,-0.018816086,-0.058554597,0.027756367,0.081176154,0.15610807,0.03176607,0.057088085,-0.061766133,0.050572153,0.087330654,0.017768564,0.04375918,-0.08867336,-0.016747128,0.0149262855,-0.028910896,-0.09556227,0.041551612,-0.040260535,0.02754683,0.010138144,0.018408235,-0.055261627,-0.08324828,-0.023510676,0.031890675,0.003945277,-0.07508648,-0.08751633,0.07673274,0.1051117,-0.015496356,-0.065328926,0.005605647,-0.1070862,0.04221281,0.1040006,-0.02578712,-0.04566693,0.06616593,0.025119947,-0.024843385,-0.0043899724,0.07313699,-0.030771729,0.20924424,0.06425004,-0.1317583,-0.098008856,-0.082085595,-0.06024325,-0.037640788,-0.0064733312,-0.13032308,0.011822905,0.15277874,-0.002111141,-0.1233866,-0.025068402,0.03989689,0.027438706,0.06327619,-0.05283066,0.02327824,-0.088243224,-0.084244974,-0.03881539,-0.0073832828,0.008097363,-0.016372498,0.08456965,-0.014612853,0.07169943,-0.11555178,-0.074632294,-0.06827458,-0.021071585,-0.06929379,0.03985194,-0.10766736,0.05448607,-0.03184837,0.11863685,0.04893126,-0.10175312,-0.023490375,0.024025116,-0.07472044,0.08580867,0.080203064,0.031230688,0.016976263,-0.091726206,0.06318502,0.08163212,0.11636656,-0.018586248,-0.060099836,-0.037594453,0.036370344,0.05413887,-0.06686201,-0.095556185,-0.04449858,-0.08196311,-0.074303,0.12669963,-0.04794047,-0.054059345,-0.013359205,0.010205832,-0.04725875,0.03350249,0.01260369,-0.02296583,-0.051505707
TCGA-A8-A0A6-01A,-0.07080918,-0.052630052,0.12863345,0.052795433,-0.07752411,0.102608226,-0.016564395,0.044734523,-0.1012122,0.015322531,0.01940898,0.06662059,0.044201,0.08002239,0.056139834,0.03401146,0.093402065,0.08698442,0.0024468552,-0.09079433,-0.042320047,0.035378657,-0.08649069,0.06884417,-0.039826788,-0.08567284,-0.19824557,0.00034056226,-0.009598668,-0.091615245,-0.031097816,0.055985346,-0.13391897,-0.10489919,-0.066723965,-0.03914844,-0.012875316,0.03318443,-0.0056996727,-0.06941053,0.06771333,0.07915468,0.15533435,-0.06459194,-0.0077633155,-0.021835774,0.07814845,0.01759869,0.11974589,0.1183543,0.053736925,0.042845767,0.025381854,0.06243175,-0.08499911,-0.03206092,0.10589421,0.004386302,-0.025715226,-0.014525574,0.03002454,0.061678905,-0.00048216866,0.036719225,-0.08041974,0.05131037,0.07036521,0.0062150066,-0.04932868,0.022941966,-0.10909626,-0.028641704,-0.048629325,-0.06035654,0.08463089,-0.014160578,-0.051596068,0.03161846,0.09966277,-0.046168286,-0.010004738,0.039506834,0.019831665,0.0867563,-0.011066811,-0.05409699,0.043641917,0.1181362,0.10625821,0.04286499,0.06682097,-0.06458186,0.073044,0.064624995,0.076990165,-0.048421282,-0.15325415,-0.06461783,0.089394845,-0.0022689288,-0.0006848219,0.12429412,0.118718505,-0.036449183,-0.036485597,-0.0053125345,0.052447848,-0.02218631,0.0632021,-0.03201415,0.022747552,-0.09594258,-0.08376845,-0.01501757,0.1252258,0.009932398,-0.008496127,-0.040475663,-0.08874282,-0.05432378,0.061040714,-0.035794962,-0.015832696,-0.026831279,0.027578052,0.02947724,0.011666386,-0.036679976,-0.021151625,0.20538782,0.13110891,-0.09674207,0.067063764,0.004619525,-0.21656327,-0.011081191,-0.091589995,-0.019059861,-0.09558291,0.12896143,-0.079165556,-0.05219003,0.039262258,0.05752751,0.013662733,0.015116565,-0.10114408,-0.010951349,-0.039441135,-0.014143154,0.11734234,-0.046994038,0.021513078,0.020653106,-0.058010902,0.094761245,-0.01119705,-0.06543186,-0.107512355,-0.044709973,0.054637685,-0.018429445,0.06603282,-0.18668395,-0.07929452,0.034636185,0.087056756,0.0016531995,-0.07941644,-0.0021560823,-0.05861843,-0.09240741,0.043577082,0.068440445,0.039726008,0.0738116,-0.06845765,-0.023312869,0.037099168,0.0990771,-0.07435497,-0.055750825,0.041584957,-0.036855243,0.028285036,-0.056288693,-0.11788106,-0.088035256,-0.01509249,-0.04050739,0.022689763,-0.0897244,-0.091424756,0.02973677,0.029471837,-0.00086477725,0.07314057,0.021810127,-0.13583408,-0.0050874804
TCGA-A2-A0YD-01A,-0.055685025,-0.078939065,0.10379156,0.04818445,-0.0881985,0.15428622,-0.011143215,0.026603641,-0.0595418,0.020645775,-0.03750748,-0.02952382,-0.024271011,0.09503633,0.07536071,-0.0036153616,0.023810273,0.07662268,0.054691285,-0.18938123,0.023695966,0.00574691,-0.028547095,0.04300091,0.026724866,-0.03703697,-0.14247686,-0.008135439,-0.085263394,-0.06915837,-0.07652769,-0.029426698,-0.054431915,-0.13311397,-0.053947993,-0.090409555,0.031175818,-0.1258645,0.024583887,-0.023019314,0.039040893,-0.01292763,0.115838185,-0.08590114,-0.013628676,-0.047754407,0.044765946,0.048264846,0.10793929,0.04727123,0.071069814,0.023139898,0.03311778,0.12030496,-0.05400934,0.0043772957,0.07887048,-0.05953642,-0.027083043,0.061902568,0.025543317,0.027135579,-0.053602546,0.058922835,-0.07137996,-0.042350426,0.12035995,0.006268442,-0.079386696,0.008797983,-0.0694311,0.006249815,0.0030069868,-0.14553392,0.008283871,0.0040895334,0.06855021,0.1104604,0.058030184,-0.003933566,0.029303716,0.041630935,-0.022372669,0.008900114,-0.018050255,-0.08833863,0.015731465,0.1604268,0.14572862,-0.10022823,0.0416881,-0.086004205,0.120369986,0.041409004,0.08167864,-0.05829207,0.011623756,0.051336735,0.024742268,-0.0013096917,0.040714987,0.09379315,0.05377138,-0.101636715,-0.04272011,0.07101661,-0.0631296,-0.026876977,-0.08337101,-0.06799942,-0.03461505,-0.0843062,-0.06806976,0.11331654,0.11295151,-0.022420857,0.06003771,-0.1541464,-0.055926327,0.031297784,0.10716325,-0.121639244,0.12346601,0.003916559,0.12056352,-0.053959135,-0.04445664,0.038715776,0.017293366,0.057241566,0.14838779,-0.104914315,0.02132382,-0.042604256,-0.043939035,-0.011432377,-0.005686801,-0.011086298,-0.04077041,0.026711872,0.022162542,-0.13009001,-0.06689197,0.076776475,0.058056887,-0.045914892,-0.08379541,0.058925055,0.0107515,-0.03800546,-0.005872089,0.020346595,-0.04613511,0.037505943,-0.14428303,-0.0015721791,0.05348616,-0.096612565,-0.0184264,0.035873216,0.053617373,-0.006567173,0.005972443,-0.11357813,-0.06747411,-0.04185508,0.09406199,0.0447883,-0.020694336,-0.06205226,-0.030492542,-0.1651899,0.03831053,-0.0016051297,-0.008504537,0.007331875,-0.085687734,0.011292498,0.039088525,0.1417941,-0.024809863,-0.045854043,-0.12741147,0.0699122,0.03137026,-0.08515293,-0.094366,-0.079099834,-0.15126058,0.015968075,0.058685787,-0.045574546,-0.0409768,-0.02110642,-0.028291129,0.053570475,0.097859934,0.101054356,-0.06331748,-0.06555972
TCGA-A2-A3KD-01A,0.033644285,-0.011025307,0.18473901,0.030283423,-0.059628256,0.078743756,0.010026471,-0.018953938,-0.08277757,-0.0141106695,-0.019524693,0.023780392,0.03115885,0.12027046,0.087665714,-0.055813912,0.0017186096,0.08606862,-0.000967111,-0.04764,0.053200774,0.007829359,-0.053086124,0.087797806,0.057109505,-0.03056657,-0.15222561,0.027790863,0.039606117,0.008828138,-0.08493548,-0.069044076,-0.09518874,-0.10782723,-0.05366545,-0.110520326,-0.037170958,-0.041052584,0.007172519,-0.027139405,0.029094474,0.093379416,0.09162104,-0.064062424,0.08821705,0.022100082,0.03897423,0.04050304,0.12106238,0.16478565,0.115402624,0.07962809,-0.025144966,0.16959848,0.04967341,-0.10274885,0.08779531,0.011243485,-0.07058848,-0.008887938,-0.010477777,-0.044593558,-0.093702935,0.033710267,0.014875597,-0.009493806,0.110453784,0.019287165,-0.08037181,-0.062757485,-0.13205305,-0.0108546205,-0.0021870437,-0.18705823,0.001485308,0.020883903,-0.06487748,-0.028452218,0.1076971,0.010198959,0.008145432,-0.12800142,-0.10898036,0.023102026,0.014865722,-0.04609484,0.024953634,0.010107368,0.038378485,-0.06252473,0.122377634,-0.108587615,0.019958192,0.032768987,0.14975873,-0.068497926,-0.03155406,-0.027362928,-0.028047876,-0.08063607,-0.060192555,0.071363054,-0.015246632,-0.1208409,-0.021172622,-0.012834305,-0.11105751,-0.12175653,0.0006511299,0.017392328,-0.05177644,-0.09517181,-0.12414652,0.10789428,0.08324008,0.039867084,0.007873555,-0.06671642,-0.026917191,0.025152003,0.14631146,-0.15398103,0.08352249,0.047487583,0.008592568,0.06507379,-0.0424779,-0.007184183,0.040242784,0.04221127,-0.030774549,-0.07348854,-0.0332365,-0.051947348,-0.14235799,-0.011535529,-0.11391604,0.06191358,-0.06502668,-0.061330274,-0.01256238,-0.12841292,-0.08632061,0.009113094,0.013105044,0.0012178993,-0.098308295,0.04410458,-0.054568045,-0.045839176,-0.0055061174,0.03714857,-0.034099173,-0.015476412,-0.028880548,0.049488142,-0.018144948,-0.06684819,-0.030183366,-0.048236232,0.008706374,-0.055346053,-0.029665025,-0.11695897,0.0089601325,-0.015331026,0.10544514,0.051665906,-0.12065191,-0.05582397,0.08713909,-0.09031771,0.0659769,-0.0057464996,0.058908995,-0.07462996,-0.055997264,0.14060523,0.11772844,0.09290368,0.016102942,-0.0019844463,0.021567037,0.056363188,0.08622107,-0.030137902,-0.108825125,-0.060041633,-0.041935086,-0.00030158818,0.029680163,0.0020437555,0.013265172,0.05394888,-0.01772976,-0.010522753,0.10872071,0.09131971,-0.020405367,0.0056390213
TCGA-A7-A13G-01A,0.012155999,-0.104046896,0.19381025,0.059414774,0.094437055,0.041179545,0.00666697,0.036560673,-0.007913005,0.022173671,-0.054227434,0.020461243,0.07321199,0.19506837,0.10054541,-0.06452366,0.0112128155,0.13007069,-0.0013311524,-0.13659371,0.04342098,-0.11008299,0.0058388696,0.02293838,0.07537956,-0.046507705,-0.13961877,0.0022541042,0.012267709,-0.08370127,0.042615615,0.02247766,-0.04788076,-0.063383125,-0.059324857,-0.14242059,-0.06207693,-0.015550242,-0.082744,-0.05320838,-0.07688678,0.042256065,0.123118676,-0.103137426,-0.030621246,-0.017981285,-0.005104249,0.06503777,-0.02900749,0.09348165,0.021807948,0.11663195,0.08416555,0.03465305,0.007688526,-0.022696353,0.12990277,-0.019339383,-0.022482216,0.0011367282,0.066428475,-0.04584046,-0.11398821,0.09620322,-0.07185948,0.025393315,0.122240365,0.036641262,-0.1652488,0.023371443,-0.1434394,-0.006601776,-0.034398343,-0.226591,0.0684356,0.027395686,-0.052464325,0.026844656,0.09859181,-0.0838925,0.02794928,-0.08567477,-0.045989443,0.061713558,-0.10571358,-0.045311525,-0.008985335,0.04281261,0.12864165,-0.06808156,-0.00031003373,0.03689068,-0.00040086117,0.043747198,0.068728626,-0.028783139,-0.02950185,-0.042462137,-0.009236926,-0.04594218,0.046026174,-0.017863551,0.06817546,-0.082289755,-0.08964094,0.019747868,-0.09180941,-0.100549005,-0.04298629,0.07753209,-0.07529961,-0.1233484,-0.14147069,0.057777572,0.16274093,-0.028862555,-0.029729458,-0.1124107,-0.0028520112,-0.02656952,0.12743187,-0.0634801,0.044722293,0.0317054,0.005730028,-0.015774608,-0.0007842574,0.020022798,-0.01853302,0.084131606,0.09209263,-0.03608939,-0.006323646,-0.06803492,-0.15886763,-0.046060648,-0.0523643,-0.0148295555,-0.04430556,0.07392836,0.012008741,-0.11795663,-0.030461632,0.07354549,0.010919712,-0.05388854,-0.0071944436,0.039739136,-0.054656565,-0.054814592,0.04552728,0.10686251,-0.024148474,0.049629733,-0.108315825,0.1064385,0.02453765,-0.086138554,0.001779399,-0.017476363,-0.018545894,-0.023042548,0.04532248,-0.16506672,-0.018820837,0.058895063,0.051103625,0.025414763,-0.04126595,-0.057916503,-0.025350554,-0.06849244,0.04512423,-0.01677501,0.051097915,0.016908817,-0.013218449,0.06992502,0.046202112,0.0758327,-0.0147245815,-0.041562576,-0.044950645,0.07900998,0.056453805,-0.06278608,-0.05816138,-0.010388086,0.015839124,0.10398909,0.033893004,-0.040414963,0.017294545,0.0027421077,0.0600123,0.082819566,0.03684658,0.03524892,-0.039360944,-0.008396571
TCGA-E9-A1NA-01A,-0.082914375,-0.0780428,0.038156603,0.0792525,-0.009091092,0.046263594,0.06603765,0.05172735,-0.04967985,-0.014554392,0.082877874,-0.008525499,0.020569747,0.21777159,0.13606042,-0.07089498,-0.05075056,0.12404444,0.005287995,-0.10553498,-0.0382897,0.0264778,-0.01860275,0.14525731,0.04113039,-0.013749706,-0.0465632,-0.024105674,-0.015671754,-0.07165689,-0.005246924,0.020879999,-0.16657786,-0.14469533,-0.030420663,-0.12467283,-0.030211506,-0.041069146,-0.031644616,-0.03078939,-0.0032262786,0.14668919,0.12796517,-0.018035986,-0.060725253,-0.08637653,-0.019507594,0.022710383,-0.004402985,0.08551383,0.044918068,0.032054137,0.07737705,0.07042111,-0.004803056,0.047252286,0.07813741,-0.013056672,-0.027898788,0.042223774,0.022860957,-0.005141453,-0.08657204,0.018638678,-0.09114602,-0.056070507,0.112125464,-0.021787278,-0.092237696,0.0153391315,-0.015665645,0.002281478,-0.0059082597,-0.16258405,0.19839606,-0.0034710644,0.053352963,0.011680477,0.068958506,-0.027469885,-0.03217428,0.02429346,0.06807715,0.056236655,-0.018328853,-0.08228025,-0.04539695,0.10339876,0.10049273,0.034425285,0.04348039,-0.11957228,0.12739748,-0.012529133,0.030851528,-0.010901382,-0.11259724,0.044425994,0.10575435,-0.11766574,-0.1165064,0.016034909,0.025171673,-0.073238544,-0.028323743,0.05469516,-0.06878235,-0.11091753,0.07664505,-0.001547304,-0.041249022,-0.1117433,-0.078021795,0.14406303,0.09397429,-0.100891605,-0.063585386,-0.030329686,-0.09882637,-0.03394149,0.087085314,-0.045349758,0.11549075,0.059484743,0.026680889,-0.079424255,0.016634582,0.07258998,0.015467379,0.05120072,0.084732465,-0.033456516,-0.042748727,-0.013862176,-0.12633677,-0.01438298,-0.005581057,-0.036257338,-0.043202113,-0.02577114,-0.07796433,-0.08699082,-0.046022188,0.053222183,-0.019793421,0.02019636,-0.09302927,-0.017731303,-0.044695932,-0.04100786,-0.015045488,0.012288595,0.14057682,0.067994945,-0.008815401,0.05924138,0.122789614,-0.0079978,-0.00058382715,-0.043525703,-0.068161756,-0.028732112,0.023538528,-0.14207648,-0.023190303,0.064112574,0.032056153,0.029345585,-0.008460723,-0.08753087,-0.038681924,-0.101835765,-0.015635252,0.016294552,0.06249287,-0.076116346,-0.048177343,0.06404687,0.08044581,0.0804412,-0.019350354,-0.02773008,-0.10423894,-0.044757005,-0.07681628,-0.093166046,-0.1038578,-0.054716,-0.04373226,0.0017413048,0.017841507,-0.11326321,-0.009491815,0.026649334,0.021837616,0.04491337,-0.098276414,0.04758511,-0.07965197,0.101013415
TCGA-C8-A8HR-01A,-0.008785685,-0.0067584426,0.03716426,0.030309372,0.016526705,0.013019301,0.033255894,-0.025707066,-0.009907057,0.024970377,0.0047910847,-0.07980532,0.025973517,0.14295666,0.032211337,0.024426246,0.10709408,0.068475395,-0.034733668,-0.17072439,-0.008417004,-0.060842868,-0.028175326,0.052588828,-0.035906542,-0.012550406,-0.08059242,-0.0571622,0.053043004,-0.13864437,-0.026504701,0.047088947,-0.17370094,-0.07779409,-0.06135189,-0.23380275,-0.084515706,-0.0056984397,-0.08425944,-0.053851895,-0.08335145,0.07862463,0.12913819,-0.05231513,-0.032409396,-0.0049557146,0.029256789,0.004805444,0.088056915,0.11585544,0.030140031,0.04806582,0.035346735,0.058355413,0.012399472,0.004390202,0.13439359,-0.0046657193,-0.055270746,0.034907214,0.06885535,0.033855814,-0.043514136,0.07444809,-0.06778375,-0.020664347,0.17754117,0.0022029222,-0.12043423,0.03583568,-0.15190442,-0.022654796,0.09177656,-0.13705792,0.09369858,-0.11060013,0.033739448,-0.024488563,-0.018247517,-0.08398225,0.05638465,-0.13008183,-0.040355515,0.019679997,-0.066408455,-0.07477915,-0.053854547,0.1128789,0.065049514,-0.07045306,0.066158995,-0.057513695,0.027414287,-0.008793224,0.079546,-0.07958665,0.025433496,0.005939706,0.01682018,-0.036761172,0.016129307,0.08479675,0.019421821,-0.13185015,-0.019371005,0.010333041,-0.0032547645,-0.05329575,-0.03454999,0.040721104,0.029206866,-0.058081888,-0.07475103,0.047240056,0.11086145,-0.024478806,-0.05913027,-0.07374702,-0.15087351,0.02128211,0.09893623,-0.065865554,-0.054362662,0.0050634923,-0.04217363,0.024978708,-0.11775027,-0.026369711,0.019493798,0.12657338,0.12969676,-0.10317456,0.014079228,-0.028586019,-0.12037572,-0.033109423,-0.16208749,0.016578672,-0.010473879,0.04051855,-0.04659612,-0.19672921,0.11319698,0.06028582,0.00056799105,0.10054941,-0.06592204,-0.0050965114,-0.05241581,-0.0216171,-0.008126246,0.09323678,-0.07341612,0.044358075,0.004716756,0.053221367,-0.016740851,-0.015399612,-0.10991436,0.010959155,-0.06289232,-0.012781701,-0.012640294,-0.045025032,0.032363568,-0.012900561,0.00023141969,0.022898166,0.040389106,0.015321343,0.06850645,0.010889314,0.014495293,-0.05964656,0.11803517,0.003239828,-0.053534675,0.06927276,0.044068657,0.079596855,-0.07315009,-0.009856062,0.017324133,-0.02707401,0.100540414,-0.060439326,-0.13151585,-0.0654685,-0.015369627,-0.004211479,0.095924884,0.10623406,-0.0011501738,-0.038971912,0.07989246,-0.07257982,0.056212507,0.065852806,-0.019827943,0.02295956
TCGA-B6-A2IU-01A,-0.043229505,-0.04280832,0.093857534,0.06847703,-0.02587486,-0.022172034,0.011880608,-0.01678739,-0.04528262,0.07173439,0.013506647,-0.019592473,-0.012174273,0.110605404,0.14437166,-0.095544,-0.04640399,0.023503838,0.028731463,-0.08072927,-0.13853459,-0.056802403,-0.045347434,0.11380829,-0.05040056,-0.10307609,-0.12506507,0.018197991,0.063728146,-0.029349415,-0.04624392,0.08553044,-0.0686278,-0.072374016,-0.11151403,-0.056067128,0.0026690317,0.030538175,-0.011839934,-0.10440962,0.023744822,0.030090237,0.12297383,-0.11096108,-0.0015075319,-0.03531144,-0.0027983522,0.085230514,0.086879835,0.14771058,-0.042007912,-0.031541813,-0.014097931,0.04701248,-0.027006062,0.08638003,0.074204296,-0.03913604,0.00033327,0.045195863,-0.012746095,-0.055237114,-0.03590708,-0.021942146,-0.103317544,0.011981283,0.16432875,0.031228494,-0.112525836,-0.04537445,-0.14058699,-0.03454759,-0.016448911,-0.11918077,0.1377858,0.020612033,0.0039789765,-0.03830028,0.097942166,-0.05959215,0.04224753,0.03868058,0.0010274149,0.03441916,-0.0061041196,-0.030303309,-0.06019572,0.04851292,0.14347725,0.05614155,-0.037854455,-0.0102234455,0.009647465,-0.0112603465,0.1274374,-0.113747925,-0.0033666226,0.049955413,0.011769606,0.02330972,-0.060273517,0.06501594,0.12556784,-0.108487606,-0.09406681,-0.014360956,-0.09484187,-0.044945087,0.06564753,-0.081744686,0.0477287,-0.07714009,-0.15639155,0.0885443,0.087110616,-0.083187714,-0.004290612,-0.026296984,0.09316225,0.07861969,0.1303451,-0.08099171,0.093865916,0.0017673089,0.016131787,0.02045112,-0.0047955653,0.12160202,-0.011896891,0.123493105,0.039955374,0.0025959264,0.042800047,0.021455504,-0.20510015,0.035730183,-0.05138864,0.050831668,0.013711195,-0.027581522,-0.016341811,-0.1392525,-0.083397835,-0.025079828,0.0031247737,-0.023467883,-0.12805326,0.031159652,-0.033354644,-0.015560593,0.037853155,0.03765808,-0.007970295,0.010312517,-0.091916904,0.085432924,0.07098863,-0.09261793,-0.052590493,-0.083465494,-0.036655955,-0.03552614,0.04027047,-0.18793266,-0.010010482,-0.023288704,0.08823924,0.016269669,-0.047187567,-0.0623797,-0.038150188,-0.08034085,0.005228795,-0.09945042,0.07345058,-0.012887868,-0.08210704,0.07234524,0.07346119,0.057844736,-0.043815643,-0.033024203,-0.107574284,0.06635885,0.090923056,0.047274817,-0.075264476,-0.09318648,0.057985917,-0.011616844,0.004832869,-0.023357978,-0.064069964,-0.046906684,-0.012320176,0.036331736,0.029553246,0.13265046,-0.027572406,0.01997945
TCGA-BH-A0B6-01A,-0.011290579,-0.098237686,0.14586924,0.060659777,-0.08524295,0.010716621,-0.05886096,0.044167805,-0.08731307,0.03967954,0.014121592,-0.0816274,-0.04545135,0.08952334,0.1296024,-0.04760448,0.0731077,0.01432205,-0.043838266,-0.041096732,-0.04363678,0.005745593,-0.1309231,0.06355836,-0.017306456,0.056402583,-0.10445964,-0.007731249,-0.013299363,-0.104033425,-0.010595137,-0.029342402,-0.12533905,-0.11826377,-0.13605095,-0.18009412,0.05750621,0.036438778,-0.097454846,-0.062418375,0.009335533,0.021821514,0.0766584,0.0032165542,-0.080132,-0.10030257,-0.018390125,0.024590522,0.02163515,0.0506571,0.10389958,-0.0074746357,0.0002192562,0.055789247,-0.13947287,-0.017509118,0.03817641,-0.026179694,-0.022495188,0.0064727454,0.09650988,-8.553785e-05,-0.10871396,0.08302757,-0.09677547,-0.037389174,0.11106986,-0.035422336,-0.06991223,0.005729691,-0.1610062,0.025172994,0.08204813,-0.17114015,0.05913209,0.02165787,-0.042130128,0.07466693,0.058661535,0.066558905,-0.009925751,-0.048798002,0.04120805,0.01103385,-0.069664225,-0.08668334,-0.03478374,0.08465646,0.12746404,-0.02473144,-0.016199263,-0.050438784,0.060443927,0.048909083,0.13994905,-0.052178837,-0.07489352,-0.03569977,0.11608103,-0.07700259,-0.00955161,0.16201857,-0.032326374,-0.0012296725,-0.027368806,-0.008210183,0.016491627,-0.055757247,0.057714514,0.016087806,-0.01043864,-0.12315983,-0.06879975,0.07088439,0.090577975,-0.025806824,-0.03401543,0.021891315,-0.043800022,0.026388105,0.09000018,-0.037845135,0.07362793,0.07617021,0.014421401,-0.05866725,-0.073599495,-0.03153602,-0.0054086694,0.17905305,0.014939493,-0.042431295,-0.066280566,-0.02887128,-0.17314109,-0.0219952,-0.053779535,-0.06288793,0.0554674,0.028334169,-0.024688179,-0.10283958,-0.039712403,-0.0011827373,0.077261515,0.059228584,-0.07862857,0.023308072,-0.0891383,-0.036009114,-0.044870317,0.02305857,0.00807103,0.018659336,-0.07417424,0.0026942373,-0.031236168,-0.039928038,-0.1213994,-0.040354136,0.05384396,0.04711013,0.09906358,-0.14945221,-0.07764241,0.025980245,-0.0019793797,0.056995105,-0.06923446,-0.0252381,0.0050173895,-0.14493567,0.052078776,-0.02050898,0.085323974,-0.053471755,-0.07474657,-0.05517867,0.030417696,0.08952729,-0.05740557,-0.024393592,-0.041314196,0.04049843,0.12634604,0.0027457715,-0.070758134,-0.04277132,0.015323437,0.0034391077,0.15587226,-0.076427475,-0.09832658,0.046503525,0.013303868,0.012846864,0.014958714,0.12871592,-0.034134287,-0.05269392
TCGA-E9-A54Y-01A,-0.0044940105,-0.023584262,0.05588743,0.061138194,0.0026542693,-0.027460888,-0.070526645,-0.007976076,-0.058436986,0.013540773,0.0032232434,0.032843303,0.009602716,0.09862347,0.025100619,-0.051500857,0.0607013,0.095934026,-0.06780448,-0.0099290935,0.0035190484,-0.11954433,-0.025301378,-0.009183919,0.014456408,-0.06755902,-0.13690484,-0.030982738,-0.03456878,-0.08382225,0.009899483,0.0015276843,-0.04484506,-0.15876642,-0.07389878,-0.046272345,-0.020877713,-0.09565005,0.03930603,0.03624163,-0.04650239,0.029889375,0.02247783,-0.024649782,-0.09005094,0.001003927,0.046590094,-0.013167855,0.092375904,0.096532725,0.014258708,0.10710639,0.01823729,0.055327654,-0.08599926,0.030386597,0.15702318,0.04795243,-0.048751503,-0.027646149,-0.008640439,0.054361954,-0.14106011,0.10352712,-0.0104928585,0.019480884,0.05401758,-0.06027346,-0.036243826,0.005889857,-0.07411163,0.04317367,0.0071846265,-0.15974239,0.03205687,-0.04292161,-0.107673384,0.017022097,0.052460175,0.021853447,0.017918726,-0.10768032,0.032339342,0.0128419595,-0.05955798,-0.094877794,-0.012138611,0.055031806,0.082848646,-0.06634058,0.07397721,-0.07283179,-0.01168927,0.06272291,0.033122327,-0.13546245,-0.060797647,-0.07102523,0.058317486,-0.017209565,0.011027509,0.050795913,-0.046489563,-0.085567884,-0.055814147,-0.12097659,0.047981497,-0.072050154,0.020892942,0.025221052,0.05172705,-0.1499168,-0.047911067,0.1756136,0.05247427,0.022547895,0.09087912,-0.11213297,-0.03047532,0.053048294,0.17629282,-0.10649327,-0.0080902325,0.009142877,-0.03000182,-0.10713954,-0.029405424,0.15470977,-0.03994287,0.16874209,0.04295718,0.018472629,-0.05716263,-0.054309025,-0.1391284,-0.080098905,-0.057501614,-0.01896044,-0.07135904,0.09316244,-0.0329704,-0.11686824,-0.032051854,-0.0066712457,0.035773337,-0.014881612,-0.033247005,0.0012449399,-0.07541555,0.026707793,-0.026251351,0.14440237,0.0067228884,0.076418154,-0.07124966,0.023965735,0.034795314,-0.1040916,-0.11143591,-0.07284963,0.010735938,0.0003654107,0.015942298,-0.12480389,-0.03612812,-0.010536529,0.09563631,0.06169387,-0.049951334,0.04246541,0.006096497,-0.11628615,0.09095028,-0.023505213,0.08698284,-0.038188394,0.012412164,0.12253917,0.2074403,0.12958059,-0.06529424,-0.059255112,-0.07497782,0.045972735,0.100336686,0.008743395,-0.074788034,-0.069060646,0.023016416,-0.0018847658,0.06353347,-0.032439735,-0.13303564,0.027389847,0.03875551,0.06887021,0.041254964,0.06496668,-0.05924258,0.0064925835
TCGA-OL-A5RY-01A,-0.08683698,-0.09762143,0.105595425,0.00097529974,-0.024928404,0.05564037,0.02874587,0.06086213,0.032635674,0.044322185,-0.013517798,-0.003330579,-0.048791513,0.0489992,0.09703249,-0.022739498,0.061487377,0.06514658,-0.0443407,-0.081290334,0.020963307,-0.0990144,-0.013607518,0.052425355,0.05337441,-0.0036979287,-0.08108681,-0.10053468,-0.014049281,-0.03196269,-0.10975334,-0.040714372,-0.20846441,-0.08139621,-0.107566684,-0.07332664,-0.00510983,-0.027180418,-0.051933367,-0.08072672,0.008397978,0.0021816862,0.03320205,-0.065665446,-0.07263161,0.047846157,0.08832767,-0.044205595,0.03270742,0.07248161,0.02351883,0.056004066,0.01539701,0.07956258,-0.018356293,-0.04752941,0.110658236,-0.0048858984,-0.038793832,0.004331805,-0.021211473,-0.017111335,-0.030173663,0.030388964,0.01546436,-0.080794655,0.076353185,-0.009292138,-0.049115203,0.036524598,-0.15204124,-0.040669464,-0.059789985,-0.18942872,0.14769834,-0.013481591,0.030355146,0.06468782,0.087035276,-0.023451962,0.006402652,-0.053512327,0.012325392,0.04152989,-0.032095112,-0.033197183,-0.024835153,0.11983141,0.16455716,-0.078286074,0.008062234,-0.08681386,0.094610095,-0.05881594,-0.006434384,0.03139972,-0.07786562,-0.037822302,0.074280515,-0.004155146,-0.0031806142,0.10445149,-0.0058270916,-0.07313968,-0.03848237,-0.034578606,0.0012130357,-0.0400941,-0.014257338,-0.08602559,0.0054403855,-0.13351183,-0.06278914,0.049630955,0.12886572,-0.02078315,0.03412431,0.037750356,-0.067270294,0.011794281,0.16637214,-0.04576823,0.08329623,0.0047844625,-0.042108096,0.026156507,-0.00042212615,0.07036624,0.029083332,0.122542456,0.13038531,-0.13080189,-0.005819986,0.014869824,-0.114517964,-0.0057944013,-0.030504119,-0.059101835,-0.09421239,0.025517305,0.028720511,-0.14050156,-0.03835572,0.05299558,0.13184334,0.11732768,-0.12513214,-0.0488496,0.02581644,-0.003954185,0.06272449,0.017655002,-0.013809492,0.072454885,-0.09740568,0.028584776,0.10222029,-0.06330972,-0.08999656,-0.056404814,0.06211895,0.043154836,0.044769395,-0.19635127,-0.053234134,-0.0016478753,0.08180866,0.040112033,0.011420601,-0.0025854348,-0.010885198,-0.11286692,0.0934133,-0.020205498,0.04042777,0.06156926,-0.07039273,0.031231457,0.060522765,0.14031088,-0.051212523,-0.060609147,0.013338934,0.08669079,0.08416145,0.013184108,-0.12651841,-0.109748326,-0.07446474,0.008781881,0.116956875,0.0014765456,-0.17507312,-0.025661409,0.054538283,0.024496129,0.023588428,0.024971522,-0.011405958,-0.05675978
TCGA-A2-A0T7-01A,-0.10860443,-0.02035168,0.11223671,0.047550663,0.097787544,0.11333378,-0.05668853,0.011630802,-0.06149596,0.010815221,0.07447212,-0.102393165,0.049178306,0.19273967,0.08934922,-0.1191053,-0.06133409,0.07388739,0.040635042,-0.11536288,-0.059559174,-0.050667543,-0.07279239,0.10609103,-0.022225726,0.024469499,-0.11841916,-0.065329276,-0.038356166,-0.052451093,-0.08686454,0.057435263,-0.06249737,-0.0377675,-0.14195667,-0.056312524,0.02794579,-0.0046398873,-0.09555749,-0.047046196,-0.003290857,0.07534178,0.048745353,-0.060521003,0.039200254,-0.013963246,-0.060619082,-0.0014899032,-0.0010507093,0.1007514,0.017300762,0.058283895,0.020000014,0.086915016,-0.065341234,-0.0012073071,0.024388388,0.0055651534,-0.0258181,0.042798024,-0.021209596,-0.06526588,-0.1629029,0.08655798,0.0053968043,-0.017756507,0.06799226,-0.09106885,-0.09722903,-0.0725725,-0.14989646,0.06895609,0.0016084015,-0.05806859,0.041900262,0.011296535,-0.053488072,0.010226659,0.10772285,-0.021392735,0.056026395,0.022752434,-0.103842914,0.046124663,0.003936794,-0.07661758,-0.029312724,0.090743035,0.17226505,0.016348803,0.03291222,-0.08252686,0.05566625,-0.011018675,0.09219588,-0.016387315,-0.004101471,-0.108826,0.012918302,-0.013509364,0.017146874,0.040043414,0.10519357,-0.01295295,-0.03405141,-0.025954517,0.0022198614,-0.0135637345,0.09270848,-0.043477558,-0.062581874,-0.17602947,-0.15106967,0.10214033,0.19680034,0.020617122,0.0680084,-0.0024738156,-0.050014224,-0.09163319,0.11824942,-0.03041351,-0.015530602,0.0756918,0.01558192,-0.020962998,-0.006590919,0.039690018,-0.0066907625,0.123206295,0.042848717,0.023751935,0.031889837,-0.10235222,-0.12790333,0.04094871,-0.009421818,0.006823762,0.019192377,0.0070840474,0.009099446,-0.15847918,-0.006257796,-0.0055656866,0.054307505,0.0011386143,-0.1345611,-0.029440762,-0.050056938,-0.08755276,-0.0052311067,0.058250505,-0.07315591,-0.029570121,-0.044843514,0.08650702,0.0024108738,-0.023701554,-0.06404128,-0.017467486,0.006205492,-0.05456462,0.026334293,-0.1638861,-0.041531134,0.13979606,-0.0055114636,-0.104022995,0.025474472,0.0050800103,-0.008408071,-0.08088331,0.04655143,0.105482236,0.0461247,0.029469317,-0.034720864,0.042255327,0.04924891,0.13748018,0.0025682854,-0.013884538,-0.016729072,0.016883187,0.13587786,-0.019183958,-0.16249147,0.02973469,-0.02622397,0.06362427,0.0763353,-0.022100182,0.005905652,-0.0005748763,0.046105087,-0.031172642,0.049123608,0.086972654,-0.043854762,0.06979893
TCGA-AR-A0TQ-01A,0.093039654,0.007981834,0.077746786,0.08359177,-0.024373647,0.07547344,-0.01241145,0.041311447,0.044360463,-0.02767361,0.002290874,0.03880903,0.013629167,0.12835686,0.09024327,-0.15095343,-0.0019845315,0.09369987,0.097920686,-0.040448427,-0.05192955,0.020025125,-0.027542217,0.11588581,-0.019487817,-0.06220797,-0.15034129,0.06840811,0.04652663,-0.059432846,-0.0052875513,-0.012271829,-0.10783911,-0.117404774,-0.14876884,0.013159766,-0.07925072,-0.09552015,-0.072241,0.022066297,0.061331995,0.15179539,0.19197759,-0.0877642,-0.011452771,-0.097706854,-0.030305203,-0.0058776317,0.042921547,0.13827446,0.0868676,0.012613015,-0.03130089,0.046195965,-0.037977766,0.026159383,0.07337471,0.00061215076,-0.0125064375,0.056074183,-0.019199576,-0.033526797,-0.055993702,0.042470668,-0.07381507,0.012871669,0.08990742,-0.042741414,-0.02373681,-0.042082906,-0.05858707,0.05114367,0.029382862,-0.10514735,0.093192525,0.018166443,-0.04936896,-0.0009692966,0.14078376,0.005707507,-0.019503241,-0.054433774,-0.054467358,0.023565613,0.08103949,-0.14936519,0.031213734,0.0402535,0.0677274,-0.03129272,0.099083856,-0.066028915,0.03251528,-0.03561053,0.081202045,-0.062584795,-0.14222544,-0.037299413,0.039384242,-0.106745854,-0.07344364,0.0044440166,0.14172275,-0.048752245,-0.028318675,0.01414525,-0.020435303,-0.1531041,-0.02794498,0.022255557,-0.04338087,-0.0675075,-0.03550206,0.11829235,0.1875705,-0.048379775,-0.0044966335,-0.06563068,0.011721162,-0.011506999,0.07103005,0.018077468,-0.08653631,0.035866085,-0.03932362,0.05211929,-0.022575146,0.02219283,0.023228668,0.07510311,0.032656703,-0.17308885,-0.009738003,-0.0590224,-0.20907483,0.0085094785,-0.027800005,-0.020210486,-0.014586064,0.06526099,-0.026051698,-0.0782907,0.037256077,-0.011144039,-0.025335459,-0.026264047,-0.06758577,-0.033724874,-0.12096559,-0.037629265,0.08709572,-0.009447655,0.06955293,0.026278809,0.006660459,0.120011665,-0.029525308,0.012148587,-0.047860533,-0.08698371,-0.018351585,-0.13397285,0.072366856,-0.14416316,-0.05191289,0.026393518,0.07555107,0.00016048382,-0.018469462,0.027491475,0.06519519,0.0019728583,0.036508277,0.006325072,0.0068253297,-0.08521676,-0.054488648,0.012573291,0.11295548,0.09690307,-0.057921328,-0.051621042,-0.03338289,0.022325253,-0.024984917,-0.10561034,-0.112849176,-0.05694506,-0.04765666,0.08867813,0.060134437,-0.100507155,-0.039890464,0.018038442,-0.015198421,-0.02023761,0.06893765,0.053519994,-0.09993875,0.03987364
TCGA-AR-A252-01A,-0.06689778,0.030417392,0.092924915,0.04835664,0.049357377,-0.006633872,0.01623337,0.09935259,-0.1023237,-0.055064403,0.018196763,-0.0521839,0.042858068,0.142665,0.049849275,-0.03370107,0.051135264,0.058499873,-0.035943087,-0.045723546,-0.09923713,-0.098782316,-0.03695689,0.022524087,-0.008237873,0.02174458,-0.051894616,0.025148217,0.04251544,-0.14497161,-0.036752243,-0.049192064,-0.097675495,-0.086185366,-0.024910823,-0.06570382,-0.03222611,-0.035791732,-0.09088707,0.06808903,0.005936553,0.010834499,0.12783244,-0.15079293,-0.034643047,-0.055085,0.029263342,0.030750018,0.023129545,0.14029859,0.023227118,0.12743193,-0.03597843,0.025091859,-0.021261413,-0.058261536,0.083044484,-0.015507818,0.0041503054,0.12031484,-0.024881056,-0.023399703,-0.07827366,0.16567776,-0.050536986,-0.04777449,0.09223528,-0.038192824,0.034028668,-0.023058906,-0.1319109,0.041804917,0.03290346,-0.14564443,0.13869624,-0.06481259,-0.06597863,0.007866335,0.14020084,-0.054963205,0.0015762825,0.0067407032,-0.04092294,0.1267364,0.05825524,-0.04948484,-0.022678046,0.022574387,0.0908931,-0.020289946,0.00903041,-0.121378385,0.010529447,0.048063666,0.042673692,0.011728822,-0.12640513,-0.06945059,0.120694906,-0.077743545,-0.013902785,0.03909808,0.0017151907,-0.09940987,-0.075714,0.0402303,-0.011923339,-0.1236164,0.04085054,0.06610076,0.022440854,-0.009754242,-0.091272004,0.03713441,0.10829684,-0.020180216,-0.08964479,0.035151195,-0.023699561,-0.051646594,0.1061778,-0.024216458,0.016151672,0.03642856,0.014101424,0.055468515,-0.052363936,0.16992715,0.055645116,0.16430199,0.06680546,-0.038419005,-0.0032907182,-0.09830185,-0.12864012,0.018844774,-0.0047566392,-0.017438892,-0.05715297,0.04567191,-0.0039670304,-0.08897817,-0.12043257,0.075492136,0.014068972,-0.03341302,-0.10301352,0.014671805,-0.081836216,-0.0035062863,0.00555012,-0.033586208,0.10103074,-0.011537235,-0.02974213,0.026352817,0.12835377,-0.11670837,-0.101131044,-0.072989166,-0.035690192,-0.086394385,0.02431068,-0.08090291,-0.04493936,0.01633609,0.037044913,0.031777877,-0.09975685,-0.041467793,-0.07114124,-0.09223911,0.026229057,0.08224875,0.021198003,-0.008499982,-0.13353781,0.04647415,0.19447872,0.038243737,-0.02561097,-0.023055004,-0.032363314,0.040206242,-0.06249444,-0.01767447,-0.08129918,-0.040980306,0.024563681,-0.03673828,0.15531266,-0.11563049,-0.029339798,-0.015107719,0.0018102163,0.005433421,0.06511689,0.0065500233,-0.074473105,0.076559685
TCGA-BH-A0BJ-01A,0.0022756222,-0.0033126494,0.16978465,0.023074169,-0.022952868,0.023359694,0.14684018,0.0633331,-0.06355846,0.033582523,-0.13090236,-0.04069569,-0.08541308,0.06678343,-0.008836294,-0.06449263,0.050296113,0.014146257,-0.006447715,-0.067983,-0.056091387,-0.05886917,-0.106618665,0.020527082,0.02925585,-0.096684344,-0.154696,-0.0015015117,0.008067342,-0.0401883,-0.053460907,-0.07768072,-0.075565204,-0.091949545,-0.04381164,-0.13898505,-0.104104385,-0.025870765,0.038587466,0.0100566745,-0.046723094,0.039746862,0.12610994,-0.16234338,-0.013732236,-0.091174096,0.04896137,0.12031136,0.05047978,0.14537194,0.07459174,0.04709265,-0.01275315,0.07954593,0.061713744,-0.110510565,0.12992544,0.020704584,-0.075679064,0.043776654,0.04025142,0.06297003,-0.006625578,0.005168653,0.008536396,-0.059686072,0.15402837,-0.07358078,-0.08576833,0.09095685,-0.054744694,0.016537309,-0.10206108,-0.13811041,0.11252387,0.09874643,0.023192415,-0.018951135,0.16997072,0.024341289,-0.011234459,-0.055040848,-0.0036674833,0.09206673,-0.040289994,-0.099543,0.004982697,0.014299033,0.08826785,0.05776277,0.045354724,-0.029852409,0.024173139,0.03523152,0.04261162,-0.04533641,-0.088923104,-0.022283683,0.023016473,-0.01690952,-0.026187079,0.07720462,-0.009227617,-0.11525933,-0.062317256,-0.051474895,-0.07500122,-0.15921153,-0.067928925,-0.06099888,-0.014550086,-0.0743974,-0.016903808,0.069840826,0.14726974,-0.034227684,0.0020092176,-0.042783845,-0.01758124,0.0068287253,0.10473705,-0.11000361,0.016382052,-0.050679505,-0.03340109,0.013612701,-0.093137674,0.038448617,0.0004094191,0.13932838,0.07669831,-0.036890954,0.033318862,0.0002641107,-0.11380606,-0.055944707,-0.07040514,-0.0547781,-0.08414722,0.03430378,-0.026671167,-0.11083987,-0.022154715,0.09163583,0.028038913,-0.022712938,-0.050505362,-0.010086644,-0.06730948,-0.05738535,0.042100113,-0.060350087,0.052435983,0.06857815,0.029450493,0.04382317,0.10528168,-0.114930466,0.02118138,-0.0282885,-0.04117213,0.01401997,0.0655141,-0.21666084,-0.005469223,0.0022661763,0.082288854,-0.017594434,-0.03649253,-0.025690384,0.023641577,-0.034711145,0.073656954,0.093284555,-0.0026127032,0.04911356,-0.07728928,0.07722803,0.13193141,0.10958971,0.036196038,0.05241473,-0.013529406,0.042668346,0.018503353,-0.008532819,-0.045486033,-0.050073817,0.0030342198,0.028953876,-0.013737701,0.006641295,-0.10711648,-0.00684108,0.04428152,0.024326153,0.07989909,0.09031094,-0.064254545,-0.042618364
TCGA-AC-A8OS-01A,0.0022517918,-0.12402998,0.0356037,0.023185173,-0.069767304,0.07894022,0.04369807,-0.028633088,-0.024232276,0.015519687,0.028787186,-0.08266799,0.012629476,0.048005495,0.13648,-0.015858166,0.036186006,0.060335856,-0.04471905,-0.10917185,0.09535142,0.02561654,-0.031253446,0.027410071,0.10692815,-0.008854031,-0.17901449,-0.027139857,-0.057209875,-0.10587879,-0.053985633,0.01200297,-0.104640536,-0.11608964,0.0097614275,-0.056679014,-0.017364275,-0.093304954,-0.023262225,-0.023132352,0.049453307,0.019221026,0.0322043,-0.033817254,0.036773313,0.028789267,0.041587137,0.024256166,-0.06381208,0.17135073,0.01682725,0.01265044,0.087109365,0.09202373,0.037449982,-0.008126349,0.13267377,0.058997843,-0.07710276,0.021512114,-0.0023073517,0.04833675,-0.059254535,0.11971734,-0.045821972,0.00639334,0.09479708,0.0473826,-0.13343722,-0.053039227,-0.1244977,0.05604074,-0.016410924,-0.13097568,0.04255632,-0.08155692,-0.0038206389,-0.050508674,-0.0029094345,-0.0381955,-0.01520764,-0.10165638,0.037695892,0.023534361,-0.014063568,0.0004579486,0.050395153,0.048413362,0.14008215,-0.05295868,0.048930917,-0.036358442,0.08541564,0.032747343,0.17069215,-0.009761488,-0.071767,-0.07383103,0.037117776,-0.12406961,-0.06807588,0.036519065,0.086883515,-0.08753448,-0.018919623,-0.04690113,-0.014277303,-0.085039474,0.002622742,-0.019912053,-0.038794544,-0.12417952,-0.06405789,0.032505155,0.060824398,0.012757482,-0.005272659,-0.08211374,-0.034738284,0.026786821,0.051099285,-0.09627714,0.16074492,0.106085934,0.11549105,0.12884112,-0.0027716286,0.025893606,0.023528855,0.09606956,0.14049709,-0.16155136,-0.043450586,-0.020942459,-0.16499273,-0.0151662165,-0.102613635,0.067542925,-0.02006771,-0.04259099,0.008902073,-0.15323906,-0.057782643,-0.043126337,-0.0049222726,0.05510932,-0.1589134,-0.04432776,-0.03919635,-0.05539476,0.020054623,0.046394307,0.015146103,0.06342342,-0.07740022,-0.067355275,-0.009960691,-0.09460953,-0.0036483356,0.015071936,0.037876856,0.009125179,0.09098961,-0.1183321,-0.026939211,-0.042158,0.12171022,0.07684755,-0.08114254,-0.09863933,-0.0059708436,-0.15439409,0.044538923,0.018439204,-0.04186073,-0.06766889,-0.04163931,-0.009757498,0.028634291,0.07942714,-0.05329653,-0.041816827,-0.07742359,0.08685783,-0.0048366524,-0.027959002,-0.06920684,-0.018679634,-0.07969328,-0.03623141,0.07127602,0.06605715,-0.06086927,-0.061282493,-0.011313859,0.024317171,0.1008185,0.07753193,0.011432457,0.0036722736
TCGA-B6-A0RG-01A,-0.13736324,-0.030118987,0.02721053,0.036990512,-0.07222712,0.013695786,-0.08994427,0.013435145,-0.13670124,-0.017983712,0.038831543,0.039797127,-0.000619888,0.12459634,-0.032073416,-0.01826543,0.041653384,0.16068764,-0.029238055,-0.076559015,-0.02646505,-0.031675722,-0.024311509,0.038294636,-0.016675467,0.05793955,-0.11389362,-0.00024100978,0.009003433,-0.07366997,0.0006019344,0.052207306,-0.060998384,-0.1410888,-0.041296985,-0.041150093,0.06613154,0.011792928,-0.086624004,0.04069918,-0.036441844,0.02766073,0.088023424,-0.028299315,0.019657934,-0.017151529,-0.06607668,-0.071077906,0.10332359,0.07823227,0.03818982,0.05534584,0.030271204,0.09004026,-0.030457566,0.08270715,0.07262185,-0.039182723,-0.014379236,-0.0053938725,0.07035984,-0.060770005,-0.033497225,0.04633522,-0.029440653,-0.08217261,0.09410465,0.08974768,-0.078613274,0.038046017,-0.13947973,0.032980144,-0.008334383,-0.2392341,0.062237833,0.02725119,0.017622216,0.11203168,0.09062718,-0.05769733,-0.004140083,-0.009931909,-0.06588214,0.055311922,0.0021892346,-0.10223982,0.0030265814,0.09478448,0.13289021,0.021132682,-0.012959782,-0.022667388,0.13009453,0.024776837,0.058157228,-0.050466478,-0.037772506,0.003659775,0.10367883,-0.04005424,0.002755407,0.06436329,-0.011156839,-0.04132454,-0.1268235,0.026042152,-0.08270528,-0.11753155,0.09045839,-0.01242415,-0.1280827,-0.08970467,-0.10144888,0.07054845,0.029926715,-0.08709592,0.00022352587,-0.077227496,-0.07370075,-0.0023660816,0.06955535,-0.09006695,0.11373186,0.034600247,0.13158977,-0.060907967,-0.048713624,0.13834268,0.01881301,0.07172174,0.0982258,-0.049962472,0.05165567,0.0019365734,-0.11742958,0.025318382,0.0068110707,0.04447385,-0.07857531,-0.069055,-0.03974064,-0.14040631,-0.027011653,0.054423314,0.034448855,-0.06064037,-0.07260109,-0.0026495787,0.065268636,0.020682963,-0.07730215,-0.008736158,-0.013466537,0.06266535,-0.09709437,0.01381578,0.0753209,-0.059292126,0.013148374,0.00031533538,0.042146254,-0.09269664,0.012810282,-0.19417675,-0.07687489,0.08625906,0.1092786,-0.05126038,-0.13787265,-0.10543863,-0.080103174,-0.06588863,0.0034993223,0.07743807,0.0048235226,-0.061794434,-0.115035005,0.027350523,0.052856002,0.11978253,0.025055412,-0.053320296,-0.050960474,0.07609651,0.07601945,-0.02358694,-0.020813175,-0.105603606,0.009168761,-0.036027852,0.060665146,-0.037148125,0.034625858,-0.019847877,-0.028655117,0.038112912,-0.081573546,0.122040614,0.0036546283,-0.068867184
TCGA-AR-A24N-01A,-0.08218579,0.03198799,0.18629554,0.059361506,-0.07433238,0.02546419,0.07416048,0.0074858624,0.022046054,-0.024779378,-0.0384237,-0.051831186,0.0019394144,0.16100247,0.16116077,-0.05062658,-0.0031486533,0.0665845,-0.12595241,-0.15690638,0.08347179,-0.09173491,0.0063618175,0.11028419,0.033860505,-0.047500037,-0.10049794,-0.044722844,0.0056090015,-0.10779847,0.07120222,-0.0176644,-0.10904157,-0.16376944,-0.008493247,-0.11890261,-0.10810198,-0.042306796,-0.054188706,0.011334552,-0.055582162,-0.0014437549,-0.008359679,-0.08640241,-0.05812793,-0.0042155376,0.011706519,-0.012236776,0.003911732,0.13275462,-0.010261521,0.049263563,0.06720321,0.066741385,0.03905271,-0.04456127,0.073951416,-0.006047377,-0.044899695,-0.0009195407,0.01739758,0.032128204,-0.14172973,0.08588362,0.063522436,0.041588686,0.16065116,-0.04532866,-0.10490657,-0.05781016,-0.08153786,0.025044026,-0.038332388,-0.11489451,-0.012139382,0.000604981,0.021161651,-0.007174526,0.12134001,-0.044121712,0.0026432648,-0.10731274,-0.018009832,0.06832138,0.039057434,0.026464317,-0.04064378,0.03552788,0.111660376,-0.098070696,0.09817404,-0.1394108,0.045303736,-0.0018069465,0.07321052,-0.029057149,0.0002564718,0.051915213,-0.026742341,-0.0664273,-0.03623812,0.021431785,0.1044497,-0.090104856,-0.012799369,0.034852993,-0.039538942,-0.15290947,-0.05175703,0.036827922,0.023160648,-0.048000906,-0.046221733,0.11279082,0.07545143,-0.096970074,0.01940306,-0.02015606,0.0065741614,-0.026018659,0.020420546,-0.124442175,0.10544033,0.05358827,0.006404229,0.045868307,-0.02246831,0.09084512,0.035831843,0.12840989,0.06899019,-0.0077503244,-0.047932282,-0.003111313,-0.12373128,-0.05641543,-0.03303082,-0.03514791,-0.09648866,0.012038408,-0.024196325,-0.13310201,-0.040578105,-0.03389485,0.013969481,-0.11659097,-0.106391184,0.0023367582,-0.010349016,-0.08234176,-0.007965721,0.03213151,0.03112846,0.01386189,-0.03804643,0.008131176,-0.00059458934,-0.1111452,-0.0105943605,-0.048717555,0.0007748656,-0.106694505,0.07196624,-0.0037340357,0.012949313,0.07592221,0.097651124,0.046326756,0.06773227,-0.06011665,0.015279201,-0.13470653,0.059413824,-0.054328833,0.0154154105,-0.05282365,-0.039450623,0.12736222,0.1338523,0.16211165,0.0008360712,-0.05373928,-0.019332374,0.061736,0.03775484,-0.039652344,-0.09586887,-0.056758877,-0.06781623,0.022215642,0.07700046,0.005265599,-0.10747799,-0.07670601,-0.0657158,0.05509921,0.041536007,0.04330636,-0.031685375,-0.017098073
TCGA-LL-A7SZ-01A,0.006222005,0.0030655167,0.14558806,0.027951766,0.025768206,0.06913666,-0.032620683,-0.04864762,0.0050965655,0.084091745,-0.047905844,0.04969737,-0.036808252,0.048924316,0.09793605,-0.027142076,0.038905196,0.05797526,0.022793945,-0.037032202,0.048605077,-0.08497166,-0.07466411,0.019546304,-0.07757124,0.0040038684,-0.20172325,-0.07998577,0.024090312,-0.04581613,-0.017806636,-0.066032924,-0.020939497,-0.1346146,-0.081442095,-0.060054548,-0.03596416,0.0033289248,-0.015236562,0.006861511,-0.029333677,0.13011356,0.03561856,-0.15392604,-0.014509567,0.063082986,0.004638353,-0.013347326,0.07932962,0.0634418,0.09557625,-0.007346652,-0.0006738292,-0.005918333,0.028696943,-0.08441163,0.06876466,-0.0020308255,-0.058234338,0.07532764,0.021204924,0.05376792,-0.15033497,-0.03236334,-0.040442016,-0.016332075,0.06984029,-0.02625965,-0.06342849,0.029531386,-0.103871234,0.054308854,-0.08559165,-0.105900854,0.07206724,0.028001543,-0.09141073,0.07991655,0.050637163,-0.056367703,0.07415925,-0.07641277,-0.070790015,0.09962426,-0.001374701,-0.12787858,0.011706825,0.18113625,0.07918242,-0.10384408,0.07887736,-0.025138872,0.05442662,0.06949339,0.060046542,-0.062159892,-0.054849103,0.0001727744,0.08032872,-0.18970565,0.023770811,-0.030552609,0.046720516,-0.07924554,-0.022329856,-0.0076243137,-0.0898955,-0.10171465,0.026578905,-0.012161983,-0.03525204,-0.07991215,-0.10947443,0.07308674,0.11166106,0.042455632,-0.016720563,-0.09872307,-0.09278799,-0.069752924,0.06018963,-0.119731314,0.13701124,0.03585521,0.053017423,0.021884592,-0.034382273,0.039738365,-0.028889822,0.057534344,0.066924565,-0.1282668,-0.056701306,0.004857472,-0.13525814,-0.010804229,0.09775474,-0.009285157,-0.03974566,0.070534766,-0.0053206594,-0.047994915,-0.16012631,0.04642198,0.029519469,0.040382233,-0.060986284,-0.0698216,0.0075777,0.009643196,0.010102403,0.082395546,0.047667567,0.04970354,-0.12689272,-0.008449627,0.1338309,0.009711285,-0.09848077,-0.005049807,0.1045206,-0.057449404,0.052967228,-0.09568613,0.0002964622,0.10403063,0.0963172,-0.044581577,-0.10916143,-0.010271676,-0.036454093,-0.0602136,0.04487723,0.064146616,-0.042949874,-0.03080424,-0.086401254,0.046085585,0.10211658,0.10986738,-0.00880607,-0.09445115,-0.027236916,0.006258185,-0.008510965,-0.080107324,-0.112178236,-0.0015483611,-0.084293984,0.044793632,0.059154086,-0.08647742,-0.11906146,0.041003965,0.0078057675,0.022063216,0.10543886,0.06281236,0.012707516,-0.0036233815
TCGA-E9-A1N3-01A,-0.02429578,-0.023693083,0.07385234,0.021047775,-0.08351549,0.010539408,0.05994432,0.027813405,-0.058886785,0.034643166,-0.11312471,0.026365977,0.014124064,0.18027149,0.11835978,-0.078833595,0.03361869,0.069218315,-0.039403625,-0.123921335,-0.016939478,-0.0066716275,0.061813958,0.10913187,0.008304838,-0.015632505,-0.07845488,-0.05111937,-0.05359833,-0.013541,0.021364288,0.041105602,-0.021259356,-0.0953095,-0.005455824,-0.12335818,0.0067118346,-0.07693737,-0.12817524,0.0027248682,0.025784926,-0.0031433282,0.14524218,-0.13406606,0.006566191,-0.02823202,0.00804736,-0.055311054,0.06036387,0.026407702,0.021611637,0.1074523,0.029384939,0.15357952,-0.046573374,-0.0042085433,0.14378406,0.018976195,-0.09688027,-0.015803287,0.0031434377,-0.012866678,-0.09245463,0.14705852,-0.034019057,-0.037851643,0.11534548,-0.017898504,-0.039439376,0.010957761,-0.17621833,-0.025440767,0.027879547,-0.123014554,0.16838549,-0.02774047,-0.066001385,-0.10513989,0.09459052,-0.0877509,0.061846852,-0.040406823,-0.08112034,-0.008078805,-0.005239504,-0.05455606,0.03266299,0.13515064,0.06626666,-0.06594336,0.053692628,-0.059514962,0.03074451,-0.0031431525,0.029522896,-0.091806404,-0.03823871,0.034241404,-0.014797429,-0.05114763,-0.08245093,0.020688294,0.09569281,-0.18046635,-0.07347587,0.039661992,-0.03537733,-0.14542212,0.10268753,0.04682665,0.06035092,-0.10780103,-0.07352512,0.062939085,0.08803562,-0.06826407,-0.02558636,-0.09985342,-0.048853043,-0.015176528,0.024648027,-0.031375382,0.09713163,0.022136262,-0.0037703854,-0.025863985,-0.06719366,-0.0123761855,-0.06538645,0.06730949,0.052433982,-0.12717602,0.033097006,0.02037739,-0.15263811,-0.09957207,-0.058510095,0.04969476,0.029416105,0.076356255,-0.0034112178,-0.14513904,-0.022033026,0.09281843,0.027369458,0.018375657,-0.019498821,-0.07323882,0.040699787,-0.039666634,0.013063923,0.04395072,0.092059486,0.07164341,-0.081499994,0.006816477,0.04458708,-0.034039818,-0.021881392,-0.023522696,0.020916965,-0.07589448,-0.002672051,-0.10703778,-0.04116738,0.12535052,0.117657214,-0.016256543,-0.039838754,-0.03828106,-0.031861205,-0.049488794,0.0297113,0.014101684,0.023088414,-0.052569695,-0.07285702,0.03827842,0.05087376,0.16850828,-0.004019704,-0.15100837,-0.0044036214,0.04155777,-0.046888653,-0.054834038,-0.10799414,-0.044497676,-0.034441322,0.013049571,0.09465532,-0.0019650378,-0.013914611,0.07179144,-0.017190652,-0.0095331995,-0.06595291,0.06291699,-0.045866597,0.050504133
TCGA-D8-A27M-01A,0.009200043,-0.0017127572,0.15397741,0.14282745,-0.0066335383,0.087337054,0.016625378,0.04526657,-0.049126998,0.026474237,-0.05802512,-0.0432946,-0.0012633089,0.17495584,0.036957692,0.03082538,0.007064115,0.09247494,0.012545373,-0.105475314,-0.04861867,-0.08160914,-0.14014469,0.11836726,0.026139736,-0.053368866,-0.14894798,0.06362659,-0.010492855,-0.031379625,-0.11104826,0.038918655,-0.10260568,-0.11443342,-0.01898488,-0.08305393,-0.01183109,-0.027483942,0.026855782,0.042796813,-0.0059960233,0.11515391,0.07699187,-0.08992752,-0.02159788,-0.033440948,0.07277997,0.008392928,0.02947453,0.10086297,0.08848543,0.13547726,0.06901634,0.123319,-0.036413353,-0.026333569,0.017350541,0.10808692,-0.02538235,0.018772766,0.0008976616,0.0017980905,-0.062396824,0.04675816,0.03021812,-0.086902365,0.055748988,-0.05187914,-0.05226423,-0.054568477,-0.0708192,0.034561075,-0.074167214,-0.20049642,0.03926682,-0.023997532,0.0046236212,0.069784254,0.0829356,-0.043177605,0.012819298,-0.06686157,-0.08880316,0.05780923,-0.085641876,-0.025685202,0.05452981,0.01951022,0.026803942,-0.0026954361,0.064364314,-0.042762034,0.0568967,-0.012920282,0.03879024,-0.010507205,-0.010405718,-0.03375998,0.072325245,0.054943547,0.068975344,0.076899625,-0.060238503,-0.10317458,0.056418914,0.047986433,-0.10504233,0.003482535,0.035117593,-0.0212799,-0.08564498,-0.16014083,-0.020777911,0.10669067,0.050151914,0.025752094,-0.039848164,-0.10945919,-0.006064036,0.02995469,0.04975345,-0.08462933,0.079537384,0.04826648,0.054074563,-0.0072225444,-0.042695962,0.123440325,-0.016673103,0.10764221,0.095573425,-0.03359404,-0.0033061528,-0.061528906,-0.064493805,-0.09828395,0.0011047517,0.020398993,-0.084613174,-0.0057514054,0.04255727,-0.107269704,-0.09678568,-0.0293099,-0.0026765498,0.058693785,-0.089331135,-0.008125166,-0.0318498,-0.116856545,0.11534653,0.09473308,-0.02214527,0.105011724,-0.019300854,-0.05620859,-0.034543645,-0.14786837,-0.03205118,-0.022930259,0.07637643,-0.044172715,0.028991459,-0.22054979,0.055599146,0.0076221847,0.10318497,0.050252147,-0.02656013,-0.03531501,-0.032623794,-0.11586064,-0.041164022,0.0342431,0.025815446,-0.09840915,-0.073535986,0.05832018,0.059967622,0.18493478,0.013548854,0.028640088,-0.042727455,-0.015320557,-0.016292442,-0.008985282,-0.08650064,-0.06274179,-0.041348577,-0.034066338,0.06554259,-0.016215092,-0.07938377,0.020518955,0.045863193,0.04538694,0.13076586,0.06615822,-0.048943408,-0.06693021
TCGA-D8-A1XR-01A,-4.170274e-05,-0.07112662,0.08318966,0.05044429,-0.03378895,0.06001969,-0.021340247,-0.030462297,-0.0035662316,-0.04231114,0.011316357,-0.034646682,-0.023129096,0.12084547,0.08356294,0.0113274185,0.12366029,0.084765665,0.004138859,-0.09167494,0.059379652,-0.013682666,0.042153537,0.093269095,0.004152535,-0.066340156,-0.14014249,-0.02916443,0.010675715,-0.17179084,0.03336385,0.08178095,-0.10492429,-0.092030235,-0.11320543,-0.13925128,-0.037926693,-0.029845435,-0.01400394,-0.053013936,-0.07913483,0.04142688,0.071860686,-0.03807026,-0.068280004,-0.04476229,0.027593689,-0.031830113,0.039283544,0.12415812,0.016300412,-0.0055402066,-0.0048888545,0.24410155,-0.018482309,0.016609157,0.10955956,0.026986474,-0.10418409,-0.09376105,0.0030414201,0.016465548,-0.074187934,0.024607608,0.02930211,-0.087612174,0.113599524,0.033395085,-0.035104036,-0.056218896,-0.13846281,-0.032467693,-0.040092442,-0.16801813,0.0058513135,-0.07326814,-0.10449427,-0.00798001,0.06093764,-0.056343354,-0.12686345,0.024906082,0.023536332,0.08272446,-0.00290352,-0.021174634,-0.015417851,0.0029872959,0.08336227,-0.030824019,0.038244043,-0.07853771,0.007917799,-0.052014187,0.056790527,0.02746972,-0.039884903,-0.0078080115,-0.025963787,0.012544657,0.014539468,0.08580516,-0.001612388,-0.08542264,0.058244135,-0.0150412405,-0.04409076,-0.18676381,0.021818632,-0.023822894,-0.05133116,-0.12002375,-0.14247322,0.1259999,0.10136246,0.029893247,-0.058313474,0.03341088,-0.0414725,-0.01359058,0.102129586,-0.09056232,0.046235416,0.05605932,0.10453651,-0.054015797,-0.06933002,0.021813625,-0.078191474,0.16074562,0.123179704,0.0128020905,0.06126849,-0.018880865,-0.13842554,-0.013705415,0.027547153,-0.016683912,-0.057610698,0.026388539,-0.06756399,-0.17670505,0.0061246934,0.16238447,0.09308004,-0.014184476,-0.057803437,-0.028250614,0.010078589,-0.057095747,-0.022999594,0.04081675,0.026178021,0.007103465,0.04528215,-0.019449545,0.14662063,0.037970293,-0.082578115,-0.022409417,-0.021287434,-0.05342033,0.005113688,-0.14292485,-0.019851118,0.087387614,0.04359382,-0.030875975,0.0020618518,-0.005514872,-0.061908454,-0.07566189,-0.014304081,0.005767589,0.068593614,-0.06462844,-0.10542551,0.051833834,0.0051015085,0.105211325,-0.008829166,-0.042167865,-0.020728612,0.113846876,0.07099154,-0.03629383,-0.030306658,0.02734269,0.034242153,0.049278125,0.017249065,-0.06285765,-0.025981454,0.052945536,-0.0058093104,0.09844,0.049390674,0.108228505,-0.05210953,-0.027340557
TCGA-D8-A1XB-01A,-0.01999559,-0.05755179,0.106976025,0.024900595,0.014843931,0.073355176,0.0047417665,-0.012890577,-0.09689849,-0.036914475,-0.021614475,-0.05455656,-0.0822176,0.1866906,0.022578897,-0.002493329,-0.023911506,0.080590986,0.012954949,-0.12161699,-0.039403018,0.014002989,-0.061269898,0.0989896,0.036789633,-0.01965864,-0.049113233,-0.037983518,0.05010849,-0.078305066,-0.06496452,0.035096087,-0.070674285,-0.0598545,-0.02981351,-0.19214326,-0.028918197,0.032875393,-0.028095469,-0.016815092,-0.03365585,0.14400804,0.14125718,-0.042877667,-0.021786785,0.044100933,-0.003221238,-0.040821515,-0.005909785,0.10627885,0.06758107,0.10827649,-0.032899287,0.06891586,-0.006461098,-0.04671603,0.047986493,0.0071949433,-0.0077254563,0.083979025,-0.05390516,-0.056817226,-0.12835792,0.050555866,-0.048852812,-0.025543762,0.1484003,-0.03821741,-0.048349157,-0.04944457,-0.13843852,0.0061455313,-0.016039673,-0.16639633,0.0008006569,-0.07444064,0.0037244372,-0.024957411,0.029459102,-0.039535258,0.025635129,0.0012679243,-0.040166344,-0.05570267,-0.038234312,-0.068295725,-0.024434295,0.04334028,0.12235735,-0.09907849,0.094482176,-0.17078803,0.088920675,0.035546105,0.055564553,-0.06467092,-0.056332134,-0.04796625,0.07386552,-0.04692262,0.021275192,0.06004555,0.06720248,-0.07963026,-0.066150695,0.0431816,-0.11587336,-0.065690175,-0.045307323,-0.026535874,-0.098805316,-0.17272763,-0.08024601,0.186815,0.056189224,0.013932553,0.003217328,-0.013958344,-0.039853346,-0.04588833,0.13107075,-0.13328455,0.08589127,0.06530994,0.023773918,0.043011762,-0.063641995,0.063523605,0.03587956,0.09359992,0.07905365,-0.06350066,0.019234587,-0.019180262,-0.11398116,-0.038352046,-0.031255603,-0.012735978,-0.023341063,-0.0056073675,-0.036550116,-0.23270175,-0.08363881,0.09603253,0.045534175,-0.0074254456,-0.1052718,-0.0013335171,0.010876543,-0.042548403,0.0075754225,0.010595191,-0.10019881,0.094300516,0.04590994,0.14807059,-0.024587708,-0.0110433055,-0.053695418,0.0034090423,0.044051237,-0.04135496,0.008969799,-0.10039434,0.014739719,0.0015415286,0.095891096,0.038311377,-0.04811887,0.0059413486,-0.00074945,-0.1070471,0.016963152,-0.0033038196,0.1094694,-0.041638196,0.03528584,0.04134632,0.07742647,0.15690854,-0.0122422315,-0.015053579,-0.00463986,-0.04953988,-0.053840805,-0.09410528,-0.13339917,-0.023965409,-0.04504777,0.056210842,0.027884817,-0.0880614,0.01761378,0.06747618,-0.06309351,-0.05095075,0.039917167,0.011523071,0.0002258303,0.020653192
TCGA-B6-A0RT-01A,-0.080204114,0.028404232,0.06860853,0.073497035,-0.06101544,0.068362616,-0.007842664,0.0656724,-0.06350612,0.051263828,0.048561618,-0.0054080295,0.014328921,0.11696502,0.11223512,0.0007459139,0.061144654,0.015242835,-0.058735266,-0.088382155,-0.074996114,-0.109994024,0.033206876,0.0071976623,0.0035999878,-0.047460802,-0.16574325,-0.05176275,-0.06159849,-0.04651679,-0.11404669,-0.03933222,-0.09867985,-0.072466694,-0.109934464,-0.14160246,-0.07548646,0.0006965103,0.047463752,-0.015559576,-0.07132411,0.0029345856,0.031138614,-0.043124672,-0.06664129,-0.035347816,0.08628241,0.0015190273,0.06995289,0.098837346,-0.0024895945,0.12927184,0.09117838,-0.023083836,-0.027892044,0.028554393,0.04490683,0.0641498,-0.105952986,0.04860306,0.012486678,0.0022983896,-0.07119613,0.13064598,0.031759415,0.013612786,0.07287975,-0.011457777,-0.022566896,-0.056373145,-0.15410481,-0.014702814,-0.006646506,-0.15126236,0.058423825,0.040150877,0.024450514,0.011500049,0.15380841,0.0007733056,0.019088618,0.030366128,-0.021115115,0.098998606,-0.03416935,-0.08710054,-0.07112254,0.10804374,0.11673204,-0.04533845,0.11497607,-0.14374626,0.009421103,0.009056632,-0.028765412,-0.09017873,-0.0640236,-0.04315792,0.068409435,-0.06718761,0.013365966,0.046004128,0.08602637,-0.15237255,-0.014145495,0.016351987,-0.01878859,-0.025903843,0.0043472145,0.0071369386,-0.052351877,-0.08909617,-0.08395001,0.07150389,0.18199566,0.013559377,0.0038889465,-0.059005816,-0.009991245,-0.027736822,0.06332791,-0.030173976,0.085145034,-0.020680843,0.079268165,0.05565333,-0.012446335,0.063459635,-0.047400862,0.07669763,0.17738439,-0.047970764,0.001914502,-0.02679469,-0.14484149,-0.005338233,-0.027679505,0.007854787,0.08542338,0.03217301,-0.029456098,-0.09608968,-0.030121038,0.01805489,0.042920075,-0.038127985,-0.07655403,-0.08500925,0.027323501,0.030308831,0.03380784,-0.02349034,-0.061860185,0.0234684,-0.055642128,0.02786095,0.030890947,-0.042765837,-0.13920099,-0.055216387,0.05484538,0.051405743,-0.020892994,-0.10326229,-0.07131272,-0.043373622,0.006588495,0.0751902,0.03439434,-0.07945001,0.036830015,-0.17490344,0.025727125,0.0563667,0.069721095,-0.039493456,-0.060637977,0.05401089,0.11452797,0.16022505,0.006575638,-0.14720568,-0.024590494,0.06023405,0.041207757,-0.04260175,-0.047203958,-0.06742148,0.0342732,-0.039268024,0.14643218,0.036828198,-0.14900424,-0.08207601,0.020560263,-0.04411836,0.06729649,-0.038612567,-0.08523775,-0.016971372
TCGA-E2-A1IG-01A,-0.05566955,-0.0048654648,0.08057238,0.010379663,-0.048486304,-0.022246432,0.07238667,0.037494183,-0.04809906,0.034606628,-0.08689437,0.054502077,-0.0447981,0.044342767,0.07990318,-0.026569948,-0.04384186,0.09750294,0.046903774,0.015491886,-0.05101605,-0.14334857,-0.02055924,0.101171635,0.02293639,-0.0735459,-0.15198168,-0.09277327,0.0037085882,0.13885497,-0.045804027,-0.005993519,-0.1067122,-0.12980929,-0.060222153,-0.126526,-0.05844754,-0.13533914,-0.09128682,-0.09319888,0.033209845,0.04228418,0.0058504026,-0.10282178,-0.035031945,-0.009232257,0.028256534,0.015566912,0.05409547,0.040539656,0.08665827,0.017644206,-0.07726197,0.09740463,0.00508327,-0.025486203,0.05413285,-0.03798283,-0.06003699,-0.068665,0.023083856,-0.07375393,0.012112854,0.080767095,-0.033954367,-0.027945217,0.053847596,0.031928133,-0.01011092,0.040336415,-0.187414,0.03040591,-0.0081271725,-0.15010524,0.101439275,0.01673207,-0.021684352,0.048891474,0.04102023,-0.034241736,0.015889917,-0.07412469,0.027508162,-0.012068565,-0.0044396953,-0.15648584,-0.043766566,0.13834679,0.14994222,-0.03930806,0.033578925,-0.07702294,0.057319917,0.059580594,0.11484294,-0.09811664,-0.048114363,-0.031851266,0.04656039,-0.03136299,-0.013874325,0.10456416,0.00566654,-0.028092375,-0.11072496,-0.0061609503,-0.11878856,-0.053578317,0.004448039,-0.05569285,0.06375975,-0.13586281,-0.032956574,0.093339436,0.042650033,-0.017335257,0.04645022,-0.09766605,-0.05676694,0.023631675,0.08269813,-0.12350669,0.12620202,-0.03561752,0.04075619,0.016790412,-0.008626963,0.09946269,0.0664265,0.06042401,0.100675344,-0.10127711,-0.0076544066,0.048108373,-0.18151218,0.024619635,-0.01365661,-0.0811319,-0.058574807,0.065333016,-0.007028116,-0.09175686,0.02230794,0.0285412,0.069347516,0.02861281,-0.11467725,-0.027937097,0.033071164,0.06432622,-0.038012218,0.029144563,0.03587731,0.06722732,-0.03511219,0.0020303638,0.011100552,-0.025342384,-0.056640085,-0.08119444,-0.014570374,0.054808725,0.058827683,-0.15116154,-0.050748922,-0.07030736,0.11233245,0.014410007,-0.117971234,-0.000530885,-0.039977584,-0.09035051,0.08180251,-0.047014013,0.0074992543,-0.02200765,-0.119181186,0.116658136,0.014580517,0.01139712,0.029241243,-0.11207458,-0.024491545,0.02005747,0.00039289746,-0.09407301,-0.08699012,-0.061746992,-0.08256182,-0.074721426,0.06935248,-0.016166661,-0.07511326,-0.029041307,-0.010900003,0.08757178,0.10487986,0.14176774,-0.05551118,0.012265343
TCGA-D8-A1XA-01A,-0.00879498,-0.12401164,0.06616016,-0.05166661,-0.07021799,0.032316748,-0.10324976,-0.088641904,-0.05505051,-0.008993899,-0.0140743,0.026090894,0.037228238,0.12415403,0.0066967113,-0.02304358,0.04726344,0.021323813,0.029572157,-0.099419534,0.037675094,-0.005394626,-0.013624116,0.06683392,-0.0007624741,-0.0058628703,-0.18564358,-0.036467418,-0.10183525,-0.052886147,-0.069627695,-0.03730493,-0.064809576,-0.041454114,-0.13603157,-0.09596329,0.0042794663,-0.084932074,0.061532833,-0.045075748,-0.022966022,0.003276449,0.04451196,-0.06127433,0.07149783,-0.0072251796,0.010561548,0.0061016628,0.024841622,0.051080752,0.020079423,0.09592833,0.09200639,0.12782957,-0.06780937,0.038207255,0.10612997,0.0060650473,-0.075422764,0.045194052,0.07080437,0.08114144,-0.056542594,0.11529201,-0.025838101,-0.056192532,0.08262233,0.06530847,-0.065186314,0.033782355,-0.17090043,0.027540676,-0.011377612,-0.13467081,0.109155305,0.009008775,-0.046237353,0.026474992,0.07182044,-0.02096544,0.067317404,0.037536215,-0.019778803,0.033030465,-0.036656182,-0.08571292,0.01493047,0.10656984,0.054875497,-0.0105228955,-0.021833021,-0.048092794,0.06284258,0.06671836,0.055253778,-0.026009133,-0.076121405,-0.06522466,0.008172949,-0.108756326,-0.008991182,0.05177232,0.073257565,-0.020127857,-0.00087060145,-0.008646897,-0.07602328,-0.04609808,-0.039916348,-0.06152332,-0.028743327,-0.06958792,-0.0939283,0.14102907,0.09156854,-0.020879777,-0.026750457,-0.19284928,-0.016350701,-0.040318895,0.08329373,-0.15443009,0.054795213,0.05735677,-0.10581919,0.04762185,0.083441705,0.051115796,-0.01378034,0.096424885,0.12828125,-0.16455412,-0.043834392,-0.033435058,-0.15121809,-0.06635661,-0.08270395,-0.08378838,-0.023787847,0.014810019,0.037713803,-0.1734647,0.022213561,-0.06554102,-0.04300201,-0.0660177,-0.09038499,-0.020184718,-0.06765568,0.051070295,-6.356424e-05,-0.06565922,-0.057769112,-0.045428257,-0.04280077,0.044904612,0.062108483,-0.062491916,0.00580711,-0.02059162,-0.14383747,-0.06669349,-0.008415908,-0.06757368,0.029687837,-0.0065869107,0.103454314,0.03971027,-0.04673372,0.007012367,-0.045603033,-0.1331165,0.053891513,0.061922565,0.04826105,-0.060354467,-0.09617927,0.110986754,0.0033455032,0.033746008,-0.0066249985,-0.06404006,-0.02229326,-0.07904831,0.038426165,-0.06675899,-0.15307862,0.029884921,-0.015340634,0.054083444,0.13537838,-0.024107944,0.014347454,0.053317018,-0.060932297,-0.038883142,0.13641569,0.11471565,-0.037086654,0.054816492
TCGA-BH-A0B3-01A,0.023993019,-0.09973001,0.14152294,0.07058473,-0.011108591,0.081038594,0.008842816,0.13634588,-0.06101808,0.026236817,-0.053975645,0.04069147,0.012487356,0.05980505,0.11944274,-0.042841654,0.049526438,0.05567809,-0.024242943,-0.08780239,-0.14278783,-0.0784991,-0.045327004,0.02125139,-0.05905056,0.027645746,-0.20899944,-0.13422483,-0.06047923,-0.1430082,-0.07424535,0.0808378,-0.03951289,-0.111990295,-0.035007514,-0.05631183,0.053025402,0.027853634,0.0011635413,0.039715987,0.024447594,0.007708849,0.10025971,-0.019320995,-0.055898137,-0.069356926,-0.05262034,0.04777048,0.029278878,0.15208885,0.05772687,0.026247283,0.04117035,0.06782491,0.01094691,-0.02113102,0.11575175,0.15769193,-0.0657546,0.08072848,0.12697841,0.053014208,0.010938044,0.12055055,0.09783853,-0.072862506,0.082799934,-0.02058575,-0.08523537,-0.055583637,-0.16899766,-0.04616506,0.008431466,-0.13505296,0.13769765,0.08315143,-0.061544742,-0.0076785986,0.05592366,0.012754909,0.017116388,-0.012863666,0.004708742,0.028544331,-0.014761958,-0.013732385,-0.022344768,0.079228476,0.109416045,-0.028744215,0.06526636,-0.063956656,0.0151303625,-0.050164707,-0.006066498,-0.020410832,-0.06889834,-0.07018552,0.08803013,-0.065267056,0.023718242,0.022718642,-0.00064501324,-0.10155956,-0.06332377,0.01439735,0.02629716,-0.09175048,0.025947288,0.0352781,-0.028446402,-0.061792117,-0.05220825,0.01387336,0.09282698,-0.0989129,-0.10953879,0.007641003,-0.019147003,-0.027672878,0.05410371,-0.07996639,0.025768856,-0.05170264,0.02979739,-0.023935279,-0.04422556,0.1163809,0.064508624,0.12546955,0.11301253,-0.056218363,0.01516507,-0.089281075,-0.1155421,-0.10640026,-0.06287988,-0.029720787,-0.084128894,0.047072966,-0.040729143,-0.16157626,-0.080361664,-0.004092898,0.043206464,0.005136973,-0.06403794,-0.05902809,-0.06837495,-0.16697375,0.05834192,0.03360696,0.04329016,0.09115866,-0.060333602,0.047131386,0.04412572,-0.05996434,-0.061631065,0.012440811,0.05190337,0.042805135,0.009645129,-0.10109138,0.021138608,0.014216607,0.092760965,0.03055433,-0.061624978,-0.041971773,-0.14274782,-0.11433049,0.037768517,0.041740283,0.014530405,0.036117274,-0.086035624,-0.0008219999,0.03616495,0.1471168,-0.038114164,0.005568732,-0.03884589,-0.010509814,0.047969423,-0.010125891,-0.004994843,-0.07379998,-0.014996109,-0.024647176,0.105803736,0.028290829,-0.06290131,0.0015852144,0.08277118,0.037165858,0.0955298,0.044548653,0.013563949,0.0016445325
TCGA-AR-A1AS-01A,-0.03394644,0.00616201,0.116139255,0.014666156,-0.062106203,0.057373323,-0.060777787,0.05395176,-0.03252443,-0.036870096,-0.018714756,-0.047123738,0.015235729,0.032665323,0.060317785,-0.00022009,-0.033511978,-0.0043386044,-0.031761333,-0.15272811,0.006559325,-0.013141285,-0.087314956,0.054842446,0.061166734,-0.051189207,-0.20111647,-0.00801569,0.009688618,-0.06903689,-0.04081676,-0.01533009,-0.13420677,-0.10087992,-0.04291124,-0.19078653,-0.0657977,-0.03793516,-0.10775085,-0.010640399,-0.111003086,0.051418316,0.08296863,-0.07903564,-0.07478854,-0.023560992,0.013679945,-0.033396456,0.06113929,0.12002747,-0.016302178,0.09515351,-0.004463232,0.03533161,0.07266011,-0.08915267,0.12816069,-0.023091989,-0.032839518,0.017122094,0.01569371,-0.07827352,-0.13287616,0.060340296,-0.06049029,-0.09816184,0.11817926,0.023255061,-0.119962275,0.0344879,-0.18395309,0.05600676,-0.12643132,-0.082020685,-0.00413319,-0.022426426,-0.039005507,0.04431931,0.094476,-0.03221526,0.030184932,-0.112639315,0.048992343,0.0115107605,-0.0031380744,-0.08722446,-0.014023446,0.044893812,0.14187731,-0.049862433,0.051459234,-0.07379261,-0.03227076,0.029805904,0.16323203,-0.004862865,-0.09345222,-0.03408006,0.02918203,-0.09060558,-0.045783456,0.036230173,-0.025401166,-0.114520766,-0.10627676,-0.047202572,-0.016933098,-0.08617815,0.040646914,-0.024470806,0.036521453,-0.055010356,-0.026509508,0.06951802,0.08426912,0.047513336,0.024127789,-0.03312172,-0.089644246,0.014538872,0.060267307,-0.20485212,0.12545145,0.07199197,0.0053152926,0.082605615,-0.040005226,-0.02662053,-0.043417785,0.13480203,0.04813558,-0.13560608,-0.032550547,0.060974944,-0.07936287,0.036675446,-0.042763554,-0.019912805,-0.025941692,-0.04977542,0.026199613,-0.11136322,-0.022701394,0.053799413,0.0016939807,-0.0044082226,-0.08230916,0.015424732,-0.051700916,-0.019775772,0.057208654,-0.0055094743,0.0011356017,0.066826835,0.030537514,0.10584574,0.022104297,-0.03026927,-0.030337809,0.043173216,0.042349707,-0.07497938,-0.013008566,-0.20867284,-0.03315432,0.053235527,0.055659316,-0.026612753,-0.0040943217,-0.015036,-0.013714704,-0.02258699,0.04398295,-0.040871367,0.045013845,-0.11186497,-0.06929871,0.09497459,0.07483473,0.16092263,0.020822756,0.006838062,-0.12096601,0.07004924,0.0014231179,-0.1116111,-0.03771147,-0.04790383,-0.031215433,0.030716712,0.0272646,0.023999544,0.038133744,-0.082731046,0.0055532265,0.015668504,0.06933167,0.062873185,-0.061585892,-0.06461201
TCGA-E9-A24A-01A,-0.022941163,-0.09798099,0.045357116,0.026742304,-0.103908315,0.051452722,-0.10783354,-0.016741604,-0.14010033,0.049165707,0.025070893,-0.014868835,-0.059046473,0.11295687,0.028212175,-0.07583801,0.020634433,0.10517281,-0.038711872,-0.05789269,-0.041313916,-0.020433242,-0.021841954,0.14756243,0.07733835,-0.026401224,-0.16874462,0.045601234,-0.037110228,0.0031049084,-0.052004218,-0.03795717,-0.04211073,-0.15070522,-0.062120836,-0.042120364,-0.054450125,-0.06358768,-0.058545705,0.0055030915,0.010984058,0.10354744,0.031043263,-0.13998552,-0.0068107285,-0.04400885,-0.03979948,0.036453374,0.040624976,0.073498696,0.15756752,-0.059212536,0.058003508,0.10613012,-0.087497205,0.032330874,0.09138325,-0.049729176,0.026511475,0.046617396,0.052449606,-0.016935823,-0.04602185,-0.043104615,-0.0056038355,0.0052039586,0.100807205,-0.039721902,-0.09227348,0.022736255,-0.11703463,0.022469098,0.009674435,-0.12906526,0.17877558,-0.01229465,-0.014786223,-0.009481566,0.11159908,-0.0210098,-0.034163192,-0.029555172,-0.061702594,0.04381047,-0.05784162,-0.046129502,-0.0520533,0.041925874,0.012004506,0.029862955,0.04320118,-0.030008582,0.06293532,0.084597886,0.088915445,-0.013827181,-0.03833541,-0.0056781787,0.005924684,-0.07989595,-0.08402266,0.06619734,0.042311553,-0.055702087,-0.07320787,0.013161335,-0.09013022,-0.067266166,0.121696584,-0.012724252,-0.022933183,-0.10314179,-0.072136186,0.14190604,0.096947424,0.03765871,0.014907864,-0.089752935,-0.039632097,0.052990388,0.071711995,-0.1338714,0.006204469,0.08784467,-0.03405889,-0.018539526,-0.0098944325,0.07891081,0.027635105,0.151834,0.029228374,-0.059761472,0.041334577,-0.039757993,-0.16220868,0.026302412,-0.112187415,0.054684747,-0.02871557,0.090428166,-0.027735468,-0.15640041,-0.041528385,0.065127596,-0.017277587,-0.020156216,0.026014393,-0.0070849303,-0.057275813,-0.024396503,-0.107663125,-0.005345263,-0.054207128,-0.008850618,-0.0323793,0.0910299,0.08945808,-0.09105007,-0.014685958,-0.06970374,-0.08671372,-0.031553715,-0.046065215,-0.21846044,-0.069756374,0.05973171,0.02687071,0.006370332,-0.028723994,-0.07655362,0.031607933,-0.07394324,-0.03812176,-0.0065978714,0.10350041,-0.034946784,-0.063015476,0.09722818,-0.025236772,0.14830574,-0.040940985,-0.06636738,-0.04012085,-0.017804269,0.02597273,-0.060534436,-0.10632624,-0.07746135,-0.08853654,0.02380196,0.06965801,-0.081393994,-0.07160994,0.05842303,0.06913605,0.044066284,0.044680126,0.07207208,-0.1096995,0.056884002
TCGA-A2-A0YL-01A,-5.399885e-05,0.008628424,0.04397486,0.040246986,-0.045784295,0.06398407,-0.012312642,-0.011644647,0.0025614323,-0.0038141315,-0.019172098,-0.017428929,0.013961191,0.126055,0.05174058,0.024124516,0.05997495,0.03408756,-0.022563422,-0.17221338,-0.0071688704,-0.03185341,-0.028183602,0.15168338,0.014673959,-0.03170881,-0.103553936,-0.037853055,-0.016419625,-0.042170685,0.0006197947,0.0565022,-0.12843715,-0.15232676,-0.079274975,-0.12438276,-0.07009661,0.014852299,-0.07963611,0.017259574,-0.086024165,0.05754548,0.023139821,-0.05473054,-0.009528941,-0.050444912,0.024753312,-0.052072305,0.07957856,0.099012665,-0.047902137,-0.049302403,-0.0075554005,0.06057764,-0.0599446,-0.029582692,0.04689917,-0.06348707,-0.07698569,0.03000352,-0.007999604,0.04403632,-0.057668008,0.0781853,-0.06265435,-0.042636026,0.08852941,0.011852172,-0.045194253,0.022756685,-0.13816236,0.06546088,-0.038673766,-0.1345191,0.07377275,-0.018953206,-0.050834253,0.04620601,0.13412397,-0.03736302,-0.11407756,0.002395009,0.008831717,0.12347803,-0.009183889,-0.06442951,0.034270056,0.09941002,0.13739368,-0.07176075,-0.020532427,-0.16641523,0.046749026,0.063137144,0.12933968,-0.08809888,-0.08996112,0.025398003,0.062611945,0.02384174,0.036690954,0.10936571,-0.004851615,-0.07999361,-0.050568532,0.03920759,-0.02632955,-0.07016921,0.027276827,-0.023781521,-0.048392553,-0.06207386,-0.12804505,0.13769534,0.03774742,-0.018140346,0.025776591,-0.044842605,0.066461064,-0.032008614,-0.026402773,-0.09701263,0.10440837,-0.008303377,0.08067577,-0.020407865,0.020467458,0.0034688585,0.028854901,0.1517975,0.01503884,-0.08997662,0.016049694,0.035682045,-0.13068803,0.005975075,-0.083664924,-0.023259282,-0.0058530024,-0.087444745,-0.06697608,-0.14813228,-0.033859033,0.038290985,-0.030126162,-0.07046677,-0.16374119,-0.012052201,-0.069360584,-0.078091145,-0.0018879466,0.06865802,-0.01911911,0.057343636,-0.013377039,0.046108272,0.05184869,-0.09475876,-0.068339474,-0.093390726,-0.038639188,-0.051312942,0.13584332,-0.14398138,-0.06472217,0.06568789,0.126233,-0.055023868,0.024846517,-0.021987922,-0.0011144875,-0.08269383,0.043724906,0.015249385,0.024773233,-0.06255717,-0.11401869,0.08942951,0.032030344,0.09421876,-0.010432672,-0.016105568,0.0025971474,0.1715454,0.069046244,-0.07240941,-0.080008134,-0.079321355,-0.07185874,0.022255106,0.098751776,0.01073474,-0.005752776,-0.04778134,0.041300297,0.12676951,0.07809059,0.1249629,0.013017002,-0.06445723
TCGA-AR-A0TZ-01A,-0.021007197,-0.115409866,0.09501278,0.031084618,-0.07194302,0.1260433,0.026443517,0.019867517,-0.006893795,0.026967002,-0.002234476,-0.09964782,-0.018090181,0.10763621,0.08927868,-0.036790058,-0.014749867,0.115493685,-0.02081622,-0.087518744,-0.081749514,-0.065140374,-0.010295286,0.0136605725,-0.0006654461,0.007831112,-0.06860696,0.0070460592,-0.007935611,-0.13781005,-0.04381995,0.066424236,-0.15968502,-0.11763511,-0.07575735,-0.07780011,0.039469622,-0.0054612095,-0.04411573,-0.027781008,-0.036287673,-0.014928166,0.12292923,-0.027141096,-0.03650881,0.03459133,-0.02344224,0.013415283,0.042837024,0.00989211,0.054762002,0.066245265,-0.03535644,0.04442551,-0.099478915,0.021049703,0.14984597,0.09929623,-0.04310675,0.09496536,0.06591204,0.04060687,-0.11255839,0.122451395,-0.06999926,-0.05819853,0.14166835,0.015893111,-0.15202513,-0.043300834,-0.10367727,0.020787757,0.058561444,-0.15727979,0.014796103,-0.016724672,0.07098363,0.08583185,0.08006792,0.0092508895,0.030045051,0.055814475,0.009806713,0.007703159,-0.117810525,0.026264008,-0.08972728,0.087117605,0.085365504,-0.038779087,0.06910959,-0.077311605,0.062471572,0.114469096,0.122496255,-0.035759035,-0.036721993,-0.0053469054,0.02692728,-0.0009577612,0.04953271,0.07741692,0.09242085,-0.075229466,-0.060555875,-0.008659652,-0.048772678,-0.06475691,-0.061818533,-0.019917954,-0.034193974,-0.018189635,-0.066821665,0.09352398,0.1480142,-0.025855076,-0.053002227,-0.040773757,-0.025819117,0.019845458,0.109107085,-0.053105943,0.0714049,0.025537796,0.0058793016,-0.020870395,-0.04644641,0.10673972,-0.031631775,0.019181209,0.041668225,0.0527963,-0.020210652,-0.07480516,-0.10700175,-0.090195335,-0.030777311,0.026505487,-0.0033858307,0.12615588,-0.041076545,-0.13410214,-0.0034347936,0.08222597,-0.044739608,-0.020180937,-0.1111616,0.07835479,-0.008498419,-0.039997667,-0.005274131,0.038345005,0.03086074,0.027270984,-0.007261719,-0.02649159,0.020885047,-0.15331404,-0.10836941,0.008849409,-0.010526683,-0.07493861,0.034525003,-0.14870498,0.0103559885,0.057509486,0.063406095,0.056516144,-0.058537822,-0.03224447,-0.08162595,-0.073177665,0.0510869,-0.060526013,-0.059741873,-0.17178002,-0.0134358965,0.08889855,0.09771071,0.12707116,-0.040940326,-0.03411218,-0.11847502,0.045600377,0.11243243,0.040943827,-0.14198318,-0.0069588185,-0.05075413,0.039188966,0.0833955,0.024220204,-0.044180408,-0.02082585,-0.1248712,0.09543504,-0.018713478,0.06100803,-0.022572588,0.056820415
TCGA-BH-A0HP-01A,-0.08927531,-0.11071444,0.14355515,0.005310602,-0.061037358,0.015592859,0.047918975,0.026293045,-0.11358881,-0.0055760974,0.0007630687,0.079897314,-0.076525226,0.08770524,0.12031747,-0.060226187,0.06368234,0.06754626,0.014158964,0.010604949,-0.011126047,-0.031540286,-0.080391146,0.019229509,0.021945555,-0.017431922,-0.13960661,0.037473593,0.05168932,-0.09019047,-0.08797663,0.035383068,-0.1222003,-0.1383259,-0.13394043,-0.100626744,-0.05172644,-0.03219628,-0.057834134,0.0042349454,0.04221065,0.062127728,0.0326914,-0.124724925,-0.015226596,-0.04120315,0.01446583,-0.070457175,0.039095704,0.07247079,0.03904431,-0.0012048853,0.0029948528,0.0673,0.018292801,-0.02255362,0.14101747,0.008339987,-0.015047981,0.061566304,0.057196576,-0.009392607,-0.044489242,0.088857815,-0.039709795,-0.0026885183,0.05626117,0.0054416577,-0.050397072,0.04743973,-0.15937059,0.044971723,-0.010409795,-0.14581996,0.14067236,-0.038140725,-0.039732646,0.074917026,0.032751206,-0.080391064,0.05465628,-0.010397949,0.048754267,0.111629054,-0.014723225,-0.07892764,0.08554824,0.062001523,0.06801475,-0.075494215,-0.051614348,-0.036953133,0.09270691,0.028194834,0.07002103,-0.055935916,-0.097276464,-0.048629712,-0.051936664,-0.06808202,0.04749211,-0.0072303,-0.018309765,-0.046774767,-0.052966923,-0.03112245,-0.047385376,-0.06741677,-0.02730737,-0.04658292,-0.043966033,-0.1029445,-0.10840131,0.15349457,0.07571454,-0.019904222,0.0109969145,-0.06305675,-0.09891151,-0.06969129,0.17518155,-0.09175681,0.09471405,0.1221241,0.004334687,0.008118649,-0.060629737,0.01347085,0.025465079,0.04247874,0.043336958,-0.008242542,0.0017821441,0.028594406,-0.11453751,0.057744402,-0.07156814,0.026384316,-0.093391284,-0.070162684,0.0105522005,-0.14036952,0.014177109,0.043575797,0.076176144,-0.08396225,-0.12692769,-0.036018867,0.0030615549,-0.13672003,0.041575573,0.055967484,0.033931475,0.0874442,-0.0014170214,0.0703779,-0.0056455773,-0.005874758,-0.06011098,-0.011736277,0.047003567,-0.03504485,-0.052434,-0.243033,-0.05471359,0.052969433,0.14304045,-0.08390169,-0.06452941,-0.053893335,-0.082649924,-0.050026115,-0.006041769,-0.053171936,0.079171926,-0.072431825,-0.03668733,0.06642726,-0.02555554,0.16753717,0.049411632,-0.08977685,-0.09134026,0.016623205,0.061671525,-0.00947096,-0.1135825,-0.062331334,0.0050757388,0.028735705,0.055593207,-0.034072585,-0.024464661,0.075781554,0.027849939,0.016538274,0.058262292,-0.0016814611,-0.02258563,-0.012449717
TCGA-A7-A5ZV-01A,-0.00056492863,0.002366115,0.071359016,0.12779795,-0.06574999,0.07875635,0.042111665,0.01673678,-0.03268884,-0.008459566,-0.050444778,0.036182508,-0.0017199276,0.0666123,0.11505466,-0.033999562,0.07696622,0.032601558,-0.025562726,-0.15753834,0.045979884,-0.0089501245,-0.032027088,0.055898346,-0.0006228911,-0.01749357,-0.029227281,-0.077817954,0.059565943,-0.06767633,0.0006139637,0.022264017,-0.117971525,-0.1485059,-0.079667084,-0.128034,-0.065821275,-0.025765125,0.029732056,-0.029674407,0.0028008204,0.08199704,0.031095373,-0.04489219,0.032906298,-0.017096922,0.039346874,0.017680023,-0.008560729,0.06820213,0.053626962,0.07041459,0.07392828,0.11408631,0.028368367,-0.057949457,0.08385347,-0.048199583,-0.09882743,0.0991431,-0.07082756,-0.025732243,-0.058587953,0.040133696,0.008586362,0.026806558,0.2004138,0.009413491,-0.10097064,-0.08060659,-0.1020224,0.0020429823,-0.008733662,-0.13765232,0.039698325,-0.03871259,-0.11175989,0.055165537,0.02453978,-0.047676448,-0.0007674042,-0.00086499966,0.14217092,0.024533538,-0.081773855,0.021965744,-0.060916808,0.17587866,-0.020886067,-0.11850128,0.045091566,-0.10729152,0.016712394,0.030670948,0.12952264,0.0020985047,-0.048284177,0.060604665,-0.0055178977,-0.04457975,0.028380202,0.08736753,-0.06379312,-0.045355003,-0.119913414,0.03670242,-0.08322883,-0.05683556,0.037771072,-0.038017765,0.029572232,0.07501714,-0.07835458,0.08919581,0.032684907,-0.06571501,0.06545621,-0.087339886,0.0013512745,-0.021531744,0.15113772,-0.12917918,0.021222958,-0.0012080589,0.097334355,-0.011926486,-0.115427434,0.15680291,0.004080068,0.1538773,0.039709322,-0.11924564,0.00022324712,-0.09376263,-0.112476304,-0.050653197,-0.06606179,-0.022473726,-0.12826249,0.072587974,0.050627027,-0.16662772,0.045247495,-0.03247315,0.0005845159,0.059677105,-0.15759623,-0.056951437,-0.019182798,0.016682846,-0.015543288,0.007751224,0.062095013,0.07270606,-0.024753844,-0.0138850035,0.06968529,0.0096812155,-0.08744302,-0.05811893,-0.021612613,-0.012644686,-0.0058872853,-0.065846086,-0.00501732,0.0616674,0.112702295,0.09185441,0.020007586,-0.043684293,-0.0665116,-0.10952493,0.06733543,-0.029061904,0.00813067,-0.07614832,-0.013930106,-0.006813716,0.06066549,0.07941424,-0.11503811,-0.01231259,-0.088426076,0.019888444,0.047393493,-0.058231786,-0.060507536,-0.07818906,-0.012362113,-0.016159115,0.05300548,-0.039703045,-0.0472348,0.053585522,0.055175528,0.026741747,0.13484076,0.12150755,0.042835183,0.0452531
TCGA-EW-A1P0-01A,-0.046558313,0.017726015,0.13031337,0.16142826,0.073771134,-0.036633883,-0.04551871,0.025395479,-0.009955144,0.0031926616,0.039726246,0.041090507,-0.08058133,0.17374685,0.11003039,0.0048685875,-0.00034817247,0.029365713,-0.063886605,-0.10839767,-0.028186692,-0.045810737,-0.035984322,0.119536996,-0.023805235,0.020744607,-0.1454073,0.037710138,0.00013269231,-0.12746091,-0.050030377,-0.0029351902,-0.092567526,-0.08530916,-0.042860884,-0.08846759,0.01889369,0.016773075,-0.01422173,0.02014386,-0.021319943,0.109705746,0.09826688,-0.08757392,0.0069486597,0.07071966,0.070020646,0.04540331,0.05856241,0.18851396,0.08610502,0.0039655375,0.032268062,0.02480721,-0.014820953,0.028376274,0.08557174,-0.030663015,-0.040871855,0.025061414,0.05172287,-0.03857783,-0.08398729,0.060811266,0.0031024497,-0.023899162,0.119190484,0.06346168,-0.042202126,-0.023546135,-0.18992874,0.009234424,0.08029489,-0.17316498,0.02351325,0.014972033,-0.011661256,0.039225984,0.05505426,-0.017152341,0.054226667,-0.0038281495,-0.052257046,-0.078937225,0.020074204,0.028655842,0.025295,0.07170867,0.12742835,-0.04718968,0.0017690819,-0.07344295,0.04658208,0.02155092,0.091121495,-0.026661035,-0.14336497,0.012168522,0.028936576,-0.042727157,-0.07218398,0.073520124,0.081236586,-0.08273609,0.020664418,-0.07363313,-0.09954486,-0.07027554,-0.0030020839,-0.03767311,-0.081033684,-0.11069361,0.017765427,0.039292153,0.04854607,-0.04161784,-0.09223409,0.046794053,-0.019357514,-0.1073393,0.16919759,-0.15308417,-0.059434026,0.016458126,-0.023264218,0.046587992,-0.07487517,0.02073931,-0.010529355,0.12481404,0.08225666,-0.1059356,-0.010735742,-0.035658065,-0.2542502,-0.08365981,0.01886806,-0.0152635155,-0.048153065,-0.04981063,-0.01242924,-0.14179452,-0.11984383,0.067655206,0.011222078,0.009852381,0.025064768,0.00885818,0.04013752,-0.118940406,0.024730485,0.05711101,0.010478074,0.027298419,-0.07244795,0.03673193,-0.006870121,-0.11279719,-0.012147317,-0.011639787,-0.03127735,-0.08423302,0.011842061,-0.06400897,0.0037986906,0.010150017,0.00020056398,0.11242571,-0.041771125,-0.053921062,0.023393555,-0.08360855,-0.039437532,0.07320565,0.045853104,-0.046626154,-0.061190248,0.020282937,0.123413466,0.16471906,-0.026890043,0.018615298,-0.0018986783,0.047753233,0.06320827,0.004693079,-0.12470104,-0.043249235,-0.030713523,0.037610218,0.045205966,-0.012741348,-0.022603383,0.06656731,-0.09472001,-0.0505161,-0.007831163,-0.043143734,-0.02669121,-0.029882098
TCGA-AC-A3W7-01A,0.022046063,-0.12628603,0.05650823,0.058836553,-0.03815593,0.12965986,0.025982458,-0.004727123,0.016100481,0.07370333,0.08079584,0.009667366,-0.034627993,0.10941049,0.061265726,0.039116625,0.009230483,0.026806744,0.056901276,-0.0633666,-0.07472825,-0.026681457,0.0050697294,0.023413876,-0.02923846,-0.051876552,-0.13134114,-0.05367743,-0.0063747917,-0.020072795,-0.052795097,0.017887851,-0.07869578,-0.031778216,-0.092364214,-0.030659368,-0.015123319,-0.059751026,-0.04583116,-0.0211958,-0.042073388,0.071867205,0.20302387,-0.10719326,-0.016934423,0.03072768,0.061980408,0.09521773,0.090937674,0.042785086,0.12629437,0.0509076,-0.03238122,0.124603935,-0.061563015,0.07873206,0.08210089,0.08211182,0.08083806,-0.05636363,0.05191378,-0.06824408,-0.03747978,0.053275894,-0.026156629,-0.057417143,0.08958264,0.0095347315,-0.04340901,0.02267046,-0.15384124,0.015592109,-0.16309524,-0.12781061,0.18150993,0.0027523101,-0.07039939,0.034983736,0.10518904,-0.10547677,0.10805646,-0.09965357,0.032357182,0.07070238,0.046004206,-0.05075559,0.0031009738,0.10763945,0.06632622,-0.09587515,-0.05199304,0.03470864,0.047967833,0.059852693,0.13932958,0.017551903,0.048457317,-0.00012831873,0.027354052,-0.0123225255,0.024361446,0.095798045,0.019304704,-0.059121978,-0.052850693,-0.039632905,-0.020662483,-0.12341622,0.040933445,-0.099060915,-0.015094555,-0.108053975,-0.07897294,0.05353995,0.043481622,-0.056537673,-0.030389465,-0.031839903,0.024886196,-0.008285747,0.08431802,-0.17274968,0.023420606,0.0864133,0.004920586,-0.04138462,0.008068084,0.060217906,-0.03568428,0.03893169,0.02362559,-0.07565641,-0.0916217,-0.032555304,-0.18983193,0.0016377993,-0.06729056,-0.043958813,-0.03686923,-0.022364307,0.08439194,-0.058398575,-0.0022594668,0.08583231,0.07042528,-0.027079167,-0.08834781,-0.027366277,-0.079934515,-0.02165159,-0.07839111,0.109955914,0.04127047,0.09827899,-0.07962723,-0.00088304235,0.09678638,-0.083773114,0.030704463,-0.0053759417,0.025214575,-0.043994192,-0.00091058033,-0.11157123,-0.0009849034,0.079635836,0.09160836,-0.019846218,0.021819685,-0.09142512,0.041639682,-0.10749469,0.06176448,-0.012805024,-0.036524627,-0.03264738,-0.018322261,0.11351803,0.05222122,0.14506204,-0.001884567,-0.015047091,-0.05628991,-0.0008604777,0.08696226,-0.12933327,-0.07398558,-0.09618194,-0.06394676,0.08595292,0.12644747,-0.05508056,-0.052246634,0.041697636,0.033387434,0.08917308,0.058395613,0.008566696,0.015068459,0.0027732267
TCGA-E2-A1IU-01A,-0.062223937,-0.030828955,0.12925804,0.05928588,-0.10015616,0.06502885,0.05121721,-0.047719333,-0.14603218,-0.014321102,-0.045079675,-0.024912883,0.03819382,0.06852145,0.14300823,-0.09934219,0.058133375,-0.051598635,-0.011310096,-0.08641073,0.016596062,0.03178152,0.020063916,0.029630609,-0.0406882,-0.034005806,-0.1172144,-0.04312375,0.097372174,-0.021766227,0.008665875,0.066383645,-0.07747425,-0.21895601,-0.13825974,-0.021805536,-0.02369833,-0.011743978,0.023616893,-0.074259,-0.0026492153,0.09481139,0.1291796,-0.029623546,0.013136804,0.046362855,0.00061243726,0.041217923,0.08708424,0.0988876,0.036254913,-0.0018411498,0.0005802091,0.13855486,-0.066810906,-0.0503391,0.08501583,0.033182245,-0.06909081,-0.04260839,-0.010924795,-0.019429235,-0.04206125,0.050639074,0.012790057,-0.042792156,0.08884011,0.024634056,-0.03728751,0.073219895,-0.15247075,0.08004797,-0.0031748638,-0.20454966,0.101736546,0.027247459,-0.019618327,0.03205808,0.073610686,-0.06250568,0.018907415,0.07383575,-0.0012444594,0.09288501,-0.00842818,-0.09350045,-0.0026587818,0.13703129,0.11780893,-0.024778508,0.10328642,-0.019388486,0.14166002,0.057343572,0.070093565,-0.04361554,-0.07474986,-0.080999576,0.091373816,0.056101985,0.025552262,0.059796333,0.027337285,-0.056265075,-0.018552493,0.007921121,-0.05976357,-0.12339484,-0.01752431,-0.0010266526,-0.030525163,-0.07334731,-0.09428083,0.04178174,0.05725985,-0.030816117,-4.0532184e-05,-0.059367716,-0.026630294,0.018229213,0.053520653,-0.08344083,0.06319533,-0.02868654,0.03276075,-0.07808709,-0.071510315,0.03713108,-0.01517712,0.16279738,0.13813159,-0.0044020605,0.03960758,-0.047068533,-0.13414533,0.100835904,-0.0373923,-0.016165785,-0.049362928,0.06288236,-0.06715178,-0.1608802,0.031305537,0.04210692,0.032285824,0.022374125,-0.09056382,-0.014279282,-0.104355335,-0.043268856,0.046762284,0.011384568,0.06865674,0.009277253,-0.0034264391,-0.0147392275,-0.035045363,-0.04938865,-0.09686321,-0.102643624,0.00032022543,-0.05888415,-0.010506461,-0.102165006,0.010242608,0.020964539,0.15870363,-0.016802602,-0.006316457,0.011858689,-0.0707389,-0.045861065,0.023883343,-0.002958964,0.08345857,0.0024509707,-0.09018446,0.10683143,0.076545045,0.07487159,0.025809282,0.0311976,0.027260644,0.02256385,0.065532945,0.00658266,-0.1513462,0.026034575,-0.045323927,-0.03285914,0.12395887,-0.040059492,0.06272259,-0.048189186,-0.070412844,0.042454273,0.050430126,0.14105089,-0.10931583,0.009048893
TCGA-AR-A24Q-01A,-0.01107325,-0.011660787,0.06914938,0.04393686,0.10315811,0.10313508,-0.03038808,0.03826558,-0.05444386,0.06425563,-0.0152346585,-0.016375987,0.07753736,0.09896361,0.02905345,-0.07902844,-0.020845387,0.094580926,0.055047292,-0.078248754,-0.08240685,-0.062981404,-0.03149696,0.061003134,0.036315512,-0.018589528,-0.12693745,-0.078518115,0.027675899,0.0058626523,-0.036464706,-0.00094034494,-0.057490736,-0.07856435,-0.0942158,-0.14763138,-0.0908442,0.03283791,-0.040815547,0.0049112793,0.031387467,0.07690096,0.18107775,-0.076843135,-0.11657481,0.03445888,0.007714782,0.040492464,0.061963484,0.08358549,0.048118837,0.06608292,-0.01778458,0.13812952,-0.00016547898,-0.031269755,0.06731778,-0.024418438,-0.09949684,-0.018828087,0.08762223,0.021385793,-0.009024812,0.05007157,-0.05829019,-0.041219532,0.0404986,0.005469315,-0.0220559,0.008818761,-0.14147274,0.0019495254,-0.049701177,-0.1506253,0.16539557,0.08900405,-0.016756464,0.05043875,0.020052843,0.0012593627,-0.021349076,-0.05579462,-0.055896815,0.090801984,-0.05573618,-0.09532688,-0.02589387,0.12910083,0.14285235,0.074078746,0.054914568,-0.10337805,0.028801175,0.07106511,-0.0065747616,-0.062491324,-0.11509234,0.06089878,0.064725436,-0.07265167,-0.010049378,0.04785554,0.015832892,-0.056629494,-0.15254714,0.05414082,-0.04931885,-0.09987944,0.019496053,0.07000559,-0.026400119,-0.015666861,-0.14540312,0.106649086,0.061027586,-0.020805616,-0.03303983,-0.066548035,-0.04641195,-0.0006997394,0.081195414,-0.0911215,0.046990734,-0.097979,-0.044871315,-0.091018975,-0.089026324,0.111942075,0.033528067,0.1488967,0.11197539,-0.1075597,-0.032354504,-0.08422366,-0.122709155,-0.0053677014,-0.017470893,-0.03159458,-0.050523277,-0.0026734513,-0.047671195,-0.11878818,-0.041254137,0.03938722,-0.051389985,0.030100025,0.013719183,-0.048841592,-0.10378239,-0.012407086,-0.036088,0.095590256,0.030493278,-0.03914461,-0.048355214,0.018545186,0.131891,-0.04521217,-0.045687627,0.003166626,-0.051118195,-0.03682312,-0.014686758,-0.12080351,-0.049601045,0.006203455,-0.011759778,-0.012938609,-0.03977084,-0.05291185,-0.041512422,-0.06719006,0.059454273,0.023658339,0.046095997,-0.009621954,-0.14064908,0.07723213,0.16602226,0.03715852,-0.0182219,-0.03649883,-0.0935313,0.007956765,0.025804088,-0.011457804,-0.08101259,-0.04675791,-0.028269263,-0.026472948,0.06624128,-0.11765897,-0.04885584,0.10527968,0.11202988,0.033476576,0.16758664,-0.013909307,-0.032649703,0.0031791513
TCGA-C8-A273-01A,-0.04815995,-0.036497947,0.11751546,-0.034688048,-0.031511046,0.00056703854,0.021002484,0.005034502,-0.007057975,-0.012133434,0.044246994,-0.06350508,-0.033259872,0.23082525,0.092259705,-0.025127197,-0.031397365,0.05413075,0.084161475,-0.063524224,0.00053464825,-0.022294281,-0.040159322,0.057438683,0.029736592,-0.08605233,-0.10102091,-0.07095177,-0.08784833,-0.04630394,-0.04166781,-0.051462658,-0.10411192,-0.09696926,-0.060382556,-0.11177978,-0.03766609,-0.024336811,-0.02320726,-0.0024959734,0.16458037,0.0045687757,0.105812944,-0.12854598,-0.05693586,0.03516405,0.0522265,0.048267294,0.04089555,0.10892092,0.020937426,0.08600376,0.111665346,0.16686389,-0.03907857,0.074016966,0.059115738,0.054771606,0.008300144,-0.006278803,-0.010533638,-0.027830096,-0.078530096,0.075051785,-0.030712124,-0.0450489,0.1308583,-0.02679024,-0.047853112,-0.023782142,-0.111402325,-0.005101844,-0.023748824,-0.18017757,0.05321929,-0.031757586,-0.0072637494,0.06905114,0.03205836,-0.05164044,0.07154538,-0.008864945,-0.06146945,0.014100319,-0.039041135,-0.054819677,-0.07283687,0.09557844,0.09069249,-0.05915443,0.05974192,-0.07959583,0.08113778,0.007737571,0.05293203,-0.05443074,0.0022344058,0.031062076,-0.045385126,0.014898921,0.052840807,0.027214775,-0.06738488,-0.077145636,-0.031230278,-0.033780187,-0.13575818,-0.037068583,0.028246293,-0.047504485,-0.011096205,-0.112036146,-0.057472795,0.068149716,0.044199027,-0.002454779,-0.030380066,-0.1172248,-0.08195786,-0.093237184,0.043982632,-0.2231885,0.02619999,0.058636915,0.06999887,0.012857209,-0.1013809,0.07714706,0.0054350263,0.07545961,0.119982496,-0.016566217,-0.060071822,0.00927104,-0.15885976,-0.013236629,-0.03379414,0.01053277,-0.10244015,0.016590346,0.031425226,-0.12506238,-0.032762032,0.09555014,-0.043195866,-0.066514894,-0.11126193,0.009687996,-0.03210382,-0.061839916,-0.009281986,-0.0013018737,0.05091752,0.14322746,-0.08416566,0.012921998,0.07225798,-0.12861694,-0.0037102439,0.05167279,-0.036042403,0.024888838,-0.08434093,-0.05476755,-0.06953531,0.026078649,0.047131453,0.00033497182,0.07919528,-0.044124007,0.0496047,-0.08909771,0.00359317,-0.078698866,-0.012520321,-0.034773923,-0.07985255,0.08738909,0.07056477,0.104974896,-0.12637322,-0.023150763,0.040532216,0.0032948847,-0.14607073,0.0013927663,-0.08021748,-0.04136356,-0.11317148,0.019836193,0.07304138,-0.09828321,-0.012281508,0.029566737,-0.04073893,0.02029682,0.116298184,0.05301373,-0.08130946,0.013883693
TCGA-Z7-A8R6-01A,-0.05624916,-0.053296395,0.13411468,0.04568441,0.021011572,0.052835483,0.020848637,-0.025053427,-0.12385556,0.000100717385,-0.016303295,-0.026962047,-0.011130681,0.20047314,0.12758082,-0.070318334,-0.0049688704,0.109539986,0.0014299584,-0.045913745,-0.030397069,-0.08294057,0.008944272,0.10365841,-0.027241968,0.028410856,-0.056572422,-0.1003164,0.013347603,0.0063757934,0.007031783,0.010166049,-0.15687527,-0.16390797,-0.011525806,-0.16062011,-0.018147498,-0.11419873,-0.059276808,0.008901915,0.03056949,0.06359372,0.081052795,-0.07634839,-0.071746364,-0.01773161,0.021150652,0.01536388,-0.055337768,-0.019426445,-0.04413413,0.061941355,0.13252784,0.0764079,0.022310527,-0.054949652,0.1970881,-0.018963343,-0.026918633,0.011499649,-0.0031599493,-0.0039326684,-0.04855959,0.12647344,0.028074827,-0.09330342,0.03488051,-0.06349826,-0.1476039,0.025070505,-0.18733366,0.028168079,-0.051052243,-0.15064807,0.09029837,0.0008199783,-0.037702613,-0.036104888,0.047828946,-0.06387966,0.020321151,-0.09042024,-0.03092928,0.08223895,-0.010419855,-0.020399757,-0.021233575,-0.016975041,0.0014561292,0.041093934,0.062935114,-0.003768477,0.00053046277,0.03839961,0.11473537,-0.07143197,0.017566426,0.014178136,0.006112609,-0.114525415,-0.05470594,-0.023601191,0.026597872,-0.098470956,-0.04479436,0.13078728,0.0003736004,-0.13273548,0.013916334,-0.0024996984,0.013286207,-0.13340092,-0.16263036,0.060326573,0.10799129,-0.064031966,0.040595908,-0.06022738,-0.027883746,-0.046972215,0.13765414,-0.0153414225,0.070525706,0.06976257,0.10721893,0.04720132,-0.0977496,0.048993517,0.058038406,0.07317416,0.08909159,-0.06427696,-0.07424967,-0.07332938,-0.1281084,-0.03976553,0.0122124255,-0.087785505,-0.06338073,-0.034530137,0.019726569,-0.13228934,0.024013245,0.008158177,0.03276726,-0.017640324,-0.08496071,0.010621445,-0.10511801,0.0041878503,0.030255621,0.02817117,0.044694513,0.04862552,-0.039484728,0.002974128,0.006138278,-0.08734684,-0.07437144,-0.08237353,-0.06675593,-0.056041088,0.07290487,-0.04145424,-0.024798986,0.11167954,0.098391175,-0.03826832,-0.017740503,-0.078809716,-0.07173439,-0.044852357,0.027213627,-0.1170524,-0.053838447,-0.026849555,-0.06885576,0.061276805,0.017760359,0.12736954,-0.032331195,-0.0102120275,0.055505075,0.0056981687,0.07543027,-0.0521351,-0.069042996,-0.02191931,-0.034703467,0.042372253,0.112381786,0.053402554,-0.047415268,-0.02800762,-0.0823945,0.014827807,0.038798578,0.037308693,-0.08630262,0.017941
TCGA-OL-A66H-01A,-0.023278607,-0.045991033,0.09924575,0.06283798,0.054518558,0.050163534,-0.016455533,-0.0012893509,-0.092823684,-0.062105674,0.043879315,0.039452326,0.011051007,0.0035369075,0.038697958,-0.04677837,0.025237642,0.09070587,-0.107665494,-0.07861744,-0.093714245,-0.1390395,-0.052261446,0.11442567,0.0442165,0.0076647666,-0.09221828,0.009941724,0.022082621,-0.044843987,-0.089057274,-0.0032524888,-0.10893811,-0.15474372,-0.06710537,-0.15726247,0.062165648,-0.032924335,-0.07560891,-0.040538177,0.036984567,0.04895797,0.07559383,-0.15657477,0.04988543,0.0066988766,-0.030887747,-0.012177688,-0.046711475,0.17383443,0.038880885,0.04502286,-0.0032439402,0.10373603,0.014100408,-0.07931798,0.08905874,0.08857782,-0.058082633,-0.024469353,0.04147168,-0.040374584,-0.016110599,0.048737515,-0.014359404,-0.04270117,0.05198975,0.0026159305,-0.016051484,0.028103968,-0.08181762,0.09755722,0.02549024,-0.14478159,0.08314609,-0.08533008,-0.05229131,0.049681142,0.022064984,-0.021568442,0.012277316,-0.022653623,-0.09991252,0.006168668,-0.05028698,-0.051328104,-0.044283736,0.005812403,0.14333256,-0.056893107,0.06330501,-0.060981605,-0.024184035,0.09022499,0.102421,-0.040634766,-0.07209165,-0.012545087,0.049168043,-0.0499258,-0.06382972,-0.037765212,0.06297527,-0.0946644,-0.15169238,0.01276146,-0.091592684,-0.06727217,-0.01639445,0.028677812,-0.0828017,-0.12932557,-0.07767706,0.078531906,0.08526776,0.0039141676,-0.07602749,0.02038319,0.028844243,-0.03096235,0.14892185,-0.15679848,0.03679895,0.08139854,0.052450195,0.010197076,-0.13721971,0.0895098,0.01933735,0.1766805,0.06376831,-0.064421415,0.071570374,-0.056906898,-0.19037992,-0.061907057,-0.013190122,-0.008198943,-0.07247032,0.024266591,0.00975117,-0.17955343,-0.00586271,0.068443775,0.083085656,-0.015440614,-0.097191565,0.025082793,-0.0004989837,-0.0028768207,-0.018924315,0.046595074,-0.02039774,-0.010199279,-0.034773413,0.062185984,0.03462,-0.06535713,-0.10156289,-0.012125851,-0.04305172,-0.025681188,0.07063818,-0.1769573,-0.014711911,0.0315379,0.12239893,-0.062478293,-0.07680945,-0.014968355,-0.047057867,0.022456607,-0.007708133,-0.03385004,0.11736918,-0.036271397,-0.028660493,-0.012558917,0.13840632,0.055564072,0.04601042,-0.060036644,-0.02642557,0.08285803,0.0015612656,0.041636426,-0.12035234,-0.057465386,-0.028639037,-0.029946804,0.02917351,-0.04599898,-0.06654475,-0.013748355,-0.038148,0.03031589,0.09280288,0.060365774,0.014123963,0.0058010723
TCGA-E2-A1IJ-01A,-0.07083745,0.04623737,0.03642611,0.064649105,-0.0040858225,0.0614725,-0.01314308,-0.023461249,-0.1514998,-0.033997197,0.09598065,-0.056680895,0.025029918,0.11739743,0.08794777,-0.03329368,0.097278096,0.014466896,0.02172746,-0.12731318,0.016927002,0.034697283,-0.10260673,0.042475678,-0.012043586,0.04500006,-0.08995722,-0.11971029,0.0025059783,-0.048617955,-0.02382274,0.03515348,-0.035104822,-0.13711531,-0.04026215,-0.026472213,0.040598746,-0.0068435026,-0.033475548,0.062339164,0.077475555,0.029863331,0.067081146,-0.082614824,-0.0326666,0.04944107,0.05818845,-0.04234567,0.14790991,0.104397915,0.0110405125,0.024029741,-0.017039467,0.1261036,-0.061262816,-0.06260512,0.08400976,-0.0007034482,-0.12233881,0.04643356,-0.054543328,0.016611898,-0.057687987,0.07804536,-0.041410115,-0.053033926,0.077065475,0.0508453,-0.10675186,-0.0015286744,-0.1434083,0.036790006,-0.022528872,-0.11888051,0.05880663,0.059242807,-0.009731696,0.07576627,0.14804839,-0.05226104,-0.01589889,-0.07827352,0.0013065536,0.13298689,-0.054071933,-0.032196116,0.07094526,0.07127152,0.08999951,-0.08733995,-0.0070079872,-0.055863235,0.100718446,0.11075554,0.070105426,-0.09242388,-0.00081177044,0.006027121,0.046293493,0.0022462106,0.041196305,0.028800307,0.0424127,-0.026721008,-0.1547583,0.05288571,-0.025028927,-0.10556604,0.015395729,-0.122226276,-0.05196673,-0.04186008,-0.169769,0.030521976,0.04804667,-0.01612,-0.03893321,-0.0828484,-0.019624334,-0.029934265,0.13611427,-0.1401237,0.058631096,0.04057844,0.10395138,-0.0026193373,-0.055565447,0.13149922,0.064500436,0.14170018,0.075491495,-0.03454375,-0.00044417699,-0.05538295,-0.078437045,0.08494153,0.023099381,0.027579473,-0.07688003,-0.06015112,-0.13752736,-0.12720644,-0.102309026,-0.028259633,0.006446745,-0.013212208,-0.09495935,-0.001480957,0.0037497645,-0.05262123,-0.019719629,0.009898587,0.009525399,0.08020178,-0.110926,-0.044100378,0.017476823,-0.006675689,-0.04712909,-0.01575747,-0.004052157,-0.10487388,0.04790307,-0.0808043,-0.018491032,0.066527925,0.12182533,-0.0061032376,-0.073965326,-0.06730848,-0.041665204,-0.07554648,0.03285548,0.08074019,-0.0057366993,0.039154917,-0.08094416,-0.003704798,0.04262232,0.17240244,-0.062426735,-0.03161051,-0.11283831,0.1024979,0.09949291,-0.007942461,-0.10267402,-0.088157125,-0.026060397,0.048419677,0.10069934,0.021566385,-0.01132791,0.0031508596,0.03794568,0.023923252,-0.0014885523,0.07424995,-0.050752297,-0.07379736
TCGA-E2-A10C-01A,-0.09028042,-0.05758356,0.14899932,0.008337719,-0.03908272,0.025096465,0.07377432,0.12309869,0.04540118,0.039367575,-0.041187797,0.0134391235,0.028584683,0.17856331,0.11025434,-0.011893784,0.0036299415,0.053581424,-0.0111834435,-0.1371155,0.027380852,-0.047967628,-0.058348484,0.038592774,0.024632901,-0.04148019,-0.16824558,-0.035426207,-0.06132038,-0.114276454,-0.09127773,0.042438157,-0.09405127,-0.107386686,-0.06312942,-0.15884125,-0.004283402,0.030290278,-0.07622015,-0.007167801,0.05013485,0.068986304,0.056821708,-0.08042411,-0.05556472,-0.03620083,0.0377968,0.018125936,0.13752386,0.15799813,-0.022228329,0.17223112,0.017611304,0.042173952,0.018029764,-0.054191962,0.057054367,-0.023396797,-0.057537816,0.10714999,0.024934318,-0.020471552,-0.084248476,0.021755394,-0.122896515,-0.013501942,0.15285525,-0.010777392,-0.07701016,-0.021294601,-0.008143919,-0.02508152,-0.03416614,-0.12658359,0.159695,-0.05293698,-0.02659214,-0.11117176,0.19059613,-0.10377883,0.032413572,-0.09158177,0.050286565,0.035285387,0.037898593,-0.11568592,-0.050384138,-0.011997326,0.14232294,0.018364921,0.08147782,-0.0114872465,0.010110341,0.010937853,0.110652424,-0.050039418,-0.03581743,0.011070185,-0.01839949,-0.065453,-0.0889669,0.068072766,0.012950106,-0.122434564,-0.06762084,-0.017833786,0.03826541,-0.035006702,0.019104725,0.02987759,-0.08017802,-0.024632545,-0.14445668,0.16194673,0.14282167,-0.082382895,-0.03229887,-0.07761239,-0.007553038,0.0685454,0.11233225,-0.05124329,0.020942334,-0.105030164,0.027125467,0.022378836,-0.023821497,0.011673478,-0.02532781,0.055136014,0.05776405,-0.030671813,0.030680832,-0.0053955913,-0.11002533,0.051091913,-0.09359364,0.012543284,-0.040727727,0.0032758121,-0.04074425,-0.069786854,-0.024279494,0.029453326,0.013671251,-0.06126099,-0.0035422172,-0.04752015,-0.044649266,0.027892616,0.018779272,0.0362594,0.080674574,-0.0067679724,-0.029017892,0.025836127,0.020926677,0.012939958,-0.039002992,-0.048417076,0.04621009,-0.092351474,0.03959876,-0.13451171,0.036160015,0.024699975,0.07078078,-0.004229069,-0.04478322,-0.020466266,0.091547295,-0.08160369,0.026462728,0.04430984,0.0036982673,-0.055662803,-0.13323212,0.16992313,0.053414784,0.10433692,-0.031592384,-0.005465908,-0.067768745,0.028039725,0.042867724,-0.054818723,-0.028983736,0.011824246,0.010393901,-0.036083225,0.035451956,-0.07728628,-0.047619473,-0.037061375,0.09817885,-0.03172738,0.050059322,0.07080869,0.021047285,-0.0027258152
TCGA-BH-A0BA-01A,-0.0726476,-0.036214918,0.06205302,0.050897107,-0.04328426,0.026634531,0.010496659,0.028240977,-0.08985049,-0.044395026,0.06648856,-0.058807656,0.02462104,0.15822394,0.07755432,-0.048342153,-0.010343611,0.054481864,0.008236401,-0.018180642,-0.02146798,-0.005042442,-0.054810278,0.008596386,-0.07325877,-0.07355209,-0.09795935,-0.048446257,0.017291483,-0.09631868,-0.094924286,-0.020428663,-0.17639591,-0.07050558,-0.1254951,-0.06943155,-0.01465503,0.023654046,-0.05696183,-0.036531564,-0.03733255,0.11213393,0.10558647,-0.10815182,-0.04530594,0.044654343,-0.032919884,-0.06425707,0.10599553,0.11500391,0.03845112,0.08664215,0.017787175,-0.02674333,-0.07553536,-0.010219925,0.06745219,-0.013200536,-0.03750306,0.039498337,0.0027212258,0.014876279,-0.08150545,0.040452696,-0.023635572,-0.024426436,0.06131399,0.010748873,-0.09533166,0.029317651,-0.18392164,0.009355047,0.042491116,-0.14547744,0.15724592,-0.06356228,-0.023760524,0.11341411,0.15683027,0.0425174,0.051579297,-0.047958422,0.031743445,0.043809906,0.051265933,-0.09355787,-0.026818233,0.18784872,0.12990282,-0.016706537,0.020303337,-0.06737676,-0.006675283,-0.022478824,0.109917276,-0.010953526,-0.03311841,-0.0038279258,0.07200362,-0.025342606,-0.047451288,-0.0060502286,0.004555246,-0.025571618,-0.047218725,-0.07782555,0.06477986,-0.14746375,-0.033053987,-0.03536019,-0.016258687,-0.068762474,-0.15790722,0.059069216,0.19704802,0.001276759,-0.010632662,-0.028431885,-0.08601722,0.033680994,0.06418103,-0.122326575,-0.03677554,-0.013025425,-0.0015703678,0.0018497512,-0.020966407,0.07358752,-0.040135853,0.08554454,0.06443738,-0.021280888,-0.09644109,-0.041014757,-0.15489478,0.18692276,-0.06101727,-0.054182254,-0.12051534,0.047613904,0.040309053,-0.15784517,0.025674663,0.023822196,-0.007735525,-0.01585551,-0.060712326,0.0054614604,-0.076784074,0.017150464,0.08100659,0.03184419,0.076598726,-0.0016530952,0.084196284,0.056284778,0.003514907,-0.028576737,-0.116707526,-0.0023320762,-0.043342438,-0.012337986,0.034137435,-0.08683694,0.054879505,0.022179183,0.10968029,-0.12236884,0.01104268,0.019042594,0.036981292,-0.03313201,0.027674198,0.026011249,0.056962453,-0.080563255,-0.044033345,0.15753262,0.076032214,0.053088985,-0.07131756,-0.09391713,-0.07707706,0.0046377853,0.0002977761,-0.053006962,-0.12381747,-0.061013512,-0.031888213,-0.01797817,0.05113807,-0.013023782,-0.0299999,-0.04856235,0.012185339,-0.022356937,0.09564804,0.016252149,-0.0073877126,0.0017756852
TCGA-E9-A1N9-01A,-0.071979925,0.021237193,0.10472308,0.11636422,-0.069698945,0.06604101,-0.06285084,0.0830873,-0.006455744,-0.0002143455,-0.034356195,-0.04207216,0.0393592,0.15641876,-0.008278529,-0.022007052,-0.05078511,0.015254389,-0.058728915,-0.0537243,-0.007899298,0.005985202,-0.012303552,0.115710534,-0.008247147,-0.09873454,-0.1471756,0.0099284705,0.02149555,-0.0048405845,-0.08360643,-0.023577172,-0.054680187,-0.20589975,-0.08682791,-0.06815503,-0.015403673,-0.039158273,-0.032363992,0.026806977,-0.061027423,0.079935454,0.05157552,-0.07413674,-0.03045987,-0.09049167,0.001619422,-0.01744607,0.07321488,0.14962518,0.08062819,0.0769972,-0.011446646,0.080254905,-0.020599544,0.016547784,0.047927186,0.04899527,-0.019543275,0.089580394,0.06988142,0.08249279,-0.03153429,0.029483976,-0.05478101,0.059040334,0.13894501,-0.052773274,-0.004748499,0.033525184,-0.08929258,0.09291618,-0.056758232,-0.16065264,0.07748909,-0.002249885,-0.038390703,0.07038179,0.09967913,0.009579467,-0.051928565,-0.076853745,-0.025595251,-0.041682716,-0.026350806,-0.17780145,0.06224143,0.1355292,0.075050294,-0.093480036,0.13984041,-0.07443461,0.030138727,0.13508375,0.08167206,-0.0372853,-0.10446278,0.057276245,0.0950886,-0.043205217,0.0067764446,0.062661454,-0.027949683,-0.04578966,0.036443084,-0.0033975865,-0.0044760033,-0.07547007,0.0031862885,0.018193357,-0.030836558,-0.082313076,-0.03736578,0.15358117,0.10396881,-0.04286068,0.029599125,-0.08993838,-0.050175708,0.016324218,0.085869916,-0.068900846,0.000113136375,0.00251469,0.06607006,-0.029911866,-0.085163325,0.040034905,0.011861384,0.097251825,-0.016705692,-0.14400715,0.03128325,-0.078413226,-0.2170595,-0.0037827773,-0.011873035,-0.052175,0.02320937,0.011449129,0.028964916,-0.15133692,-0.026072288,0.075227775,-0.03326422,0.080260515,-0.05928735,0.0013003901,0.042940237,-0.035326328,0.034502435,-0.007318772,0.03281475,0.026701033,0.030625269,0.062295333,0.039961185,-0.035685666,0.052055497,0.0010393242,0.095487654,0.00986169,-0.050166093,-0.13173652,-0.066782065,0.02171618,0.010559113,0.009052373,0.015871564,0.012089847,0.07712261,-0.07122861,0.0058593275,0.02794031,0.08939499,-0.10575352,-0.08385812,0.08655103,0.1967865,0.14504516,-0.053102277,-0.002773121,-0.04700172,0.038946953,-0.07918372,-0.028899807,-0.08366928,-0.040715307,0.033493765,0.011868365,0.034264404,-0.11501122,-0.008974716,0.0018369606,-0.07732503,0.03464058,0.06534024,0.023939455,-0.01831833,-0.075977646
TCGA-AQ-A54N-01A,-0.026364788,-0.012775677,0.16676937,0.033899486,0.024900751,0.05620867,0.01478698,0.12564011,-0.045322113,0.030232063,0.0037734287,0.03552914,-0.045678377,0.085950874,-0.015405015,0.04674942,0.041807797,0.054914985,-0.01863148,-0.114884175,-0.04387305,0.027926775,-0.12432726,0.13069509,-0.03496602,0.0071171112,-0.15502466,-0.022487292,-0.035502475,-0.12778188,-0.0052004834,0.03271276,-0.1150694,-0.094001055,-0.070811376,-0.13797002,-0.018084101,-0.06083951,-0.008657997,-0.003540751,0.016132044,0.0045636958,0.17435816,-0.042751018,-0.04435712,-0.09664684,0.016749294,-0.02741489,0.087941095,0.11228746,0.039427757,-0.028133485,0.08494707,-0.017382737,0.073146895,0.010991622,0.0775618,-0.028369706,-0.0659895,-0.038419496,0.013165864,-0.025844954,-0.0071439384,0.0899447,0.029674778,-0.08490584,0.15612948,0.02483311,-0.01927408,0.0655526,-0.09593341,0.040695764,0.034530938,-0.11425726,0.06975446,0.04268272,-0.074786246,0.08178878,0.0803958,0.06575662,0.053158905,-0.038782906,-0.022694262,0.04525156,-0.0075549814,-0.126122,-0.0789744,0.04946578,0.05815435,-0.033251364,0.06718127,-0.14951165,0.026313098,0.086622275,0.067579955,-0.03631209,-0.04596563,0.08263551,-0.02294908,-0.06135885,0.0036148874,0.032061838,-0.037410818,-0.057294533,-0.082746744,0.056088436,0.015277913,-0.06054339,0.066385254,-0.0018604757,-0.039208263,-0.1133559,-0.115990885,0.014008686,0.14379035,-0.035281733,0.0012212652,-0.044169825,-0.050236877,-0.03155137,0.11024146,-0.055156905,0.037623297,0.038269363,-0.032747738,-0.009222265,-0.13010082,0.06732966,-0.05547095,0.17192194,0.091444336,-0.100000486,-0.029336996,-0.014291002,-0.17332588,-0.17234759,-0.020078907,-0.0817836,-0.0475802,0.07659092,0.022397775,-0.084565334,0.0059530907,0.09533733,-0.018558376,-0.046808112,-0.10162051,-0.0017303454,-0.035691325,-0.048632678,-0.053227533,-0.0125630135,-0.05714311,0.10735778,2.2981035e-06,0.07128262,0.121293634,-0.05864069,-0.08693842,-0.0743506,0.020229448,0.021574443,0.062318668,-0.044626206,-0.0743666,0.036087796,0.060785547,-0.016644247,-0.038203817,-0.024618838,-0.028522909,-0.06301131,0.0683795,-0.027215978,0.05724567,-0.034429424,-0.049360014,0.07414732,0.080815546,0.17765275,-0.059264515,-0.08279123,-0.054102074,0.087314084,0.03852284,-0.11398099,-0.08436916,-0.14182791,-0.0044506895,0.052082326,-0.0011397,-0.046280008,-0.08409363,0.09068191,-0.001716157,0.03533714,-0.043352704,0.010909328,-0.0041426364,-0.0067812684
TCGA-W8-A86G-01A,-0.060052387,0.015143049,0.06255658,0.03501979,0.07137304,-0.06438731,-0.014880241,0.04603167,-0.022450738,0.0076270667,-0.016291052,-0.05321097,-0.00023343573,0.23631118,0.07875671,-0.0069490247,0.02631352,0.054877136,0.0470219,-0.060363278,0.025083782,-0.094306715,-0.12103421,0.09103245,-0.0021064235,-0.04330284,-0.1284292,0.015791083,0.042399105,-0.03737908,-0.051115956,0.035446882,-0.16628818,-0.08970546,-0.029162413,-0.1396306,-0.05063719,0.013006605,-0.12166098,-0.037532255,0.024256265,0.05154989,0.10727514,-0.06942182,0.008122034,-0.053468198,-0.085246444,0.020668443,0.0073466436,0.009157553,0.093732916,0.09480757,-0.010898156,0.08326651,-0.00159593,0.020144109,0.029545449,0.020098994,-0.11123852,0.13439709,0.052333064,-0.04414157,-0.116635054,0.09794838,-0.041000336,-0.037990272,0.10668981,0.043724004,-0.06259457,0.050826024,-0.14009362,-0.023241885,0.047555488,-0.089687236,0.08119531,0.01290961,-0.0034656427,0.17388883,0.04633457,0.019755404,0.03657761,-0.093250304,-0.018576702,0.09412174,-0.017391704,-0.20511974,-0.028206564,0.08594949,0.12470189,-0.02346177,0.08147579,-0.12414504,-0.016551992,0.021963907,0.0518631,-0.09646648,-0.049661715,-0.029771416,0.051905904,-0.07431563,-0.048201934,0.058309566,0.004712495,-0.036701698,-0.023332879,0.0021259896,-0.016289754,-0.0976166,0.020933433,-0.081584536,0.029145677,-0.15505528,-0.10810639,0.1483135,0.1282938,-0.036584314,-0.00027854214,8.759079e-05,-0.08553018,-0.030884614,0.09282172,-0.05623505,0.09017802,0.03895407,0.052812543,0.032091707,-0.08212337,0.12115123,0.016482286,0.0349672,0.06892412,-0.097007655,-0.057557467,-0.036552366,-0.102121755,0.035779174,-0.037588913,-0.003949774,-0.010957182,-0.031104334,-0.032375623,-0.092954084,-0.09056848,0.015612454,-0.11231072,0.06413139,-0.14970082,0.031313077,-0.08074355,0.031711154,-0.0155188525,-0.044261374,0.05207954,0.10631413,-0.054721728,0.02400942,0.10853981,-0.05290904,-0.048576906,-0.046116255,0.047958374,-0.10041752,0.0050660907,-0.035294436,0.023263337,0.095340736,0.06077911,0.051600374,0.024826458,-0.0027647042,0.040783223,-0.030145995,0.07076484,0.003562063,0.011421618,-0.0754969,-0.0047769775,0.11981211,0.05017908,0.019190833,-0.08909826,-0.0704719,0.024015358,-0.01657732,-0.035169758,-0.027743291,-0.0040155076,-0.037811138,-0.009112271,0.033430003,0.13378753,-0.12301429,-0.081862874,0.059374027,-0.034743182,0.0049533537,0.051642954,0.08636413,-0.038823474,0.011830603
TCGA-UL-AAZ6-01A,-0.04950583,-0.02340413,0.1520527,0.08927152,0.015912563,0.000895804,0.018261487,0.010769617,-0.01478042,0.076085255,-0.07138034,-0.018147651,-0.09017811,0.24969205,0.099257745,-0.026663987,0.014110969,0.10286199,0.040743764,-0.015268194,-0.0014283294,-0.060632963,-0.12636225,0.026609285,-0.09004979,-0.0074261874,-0.101837724,-0.025808563,0.055577837,-0.092499375,-0.042194385,0.0726347,-0.077250674,-0.029189508,-0.0011392924,-0.095804445,0.07077803,0.057526458,-0.095692985,-0.10103716,-0.009202525,0.036464494,0.08445216,-0.0714209,-0.019628642,-0.034417067,0.008534157,-0.01256122,-0.0019548617,0.01950161,0.03546927,0.06616225,0.05033529,0.07202092,-0.039472077,0.043366965,0.01697944,-0.090198934,-0.10375621,0.026682647,0.032444883,0.081645265,-0.03780338,0.04890601,-0.07194161,-0.0037430872,0.13326477,-0.0060256687,-0.09577965,0.02229119,-0.055569608,-0.018801102,0.043770213,-0.1633336,0.06550472,0.015096499,0.0027485688,0.072327085,0.053221174,0.027808638,-0.0014462724,-0.05515707,-0.057647835,0.016958842,-0.018636614,-0.09595406,-0.03898515,0.088626035,0.17414096,0.037251078,0.019207919,-0.08361894,0.0286133,0.0041690473,0.05941257,-0.04486687,-0.027393011,-0.0042780754,-0.052269008,0.006064247,-0.02213881,0.11658678,0.11285136,-0.10138638,-0.041863292,0.00010576965,-0.096261635,-0.14040235,0.11364015,0.0918679,-0.024368973,-0.09773455,-0.056288917,0.0752874,0.16768062,-0.032533433,0.0036429549,-0.018012682,-0.02713108,0.0035835346,0.088639885,-0.05447099,0.1046937,0.12692305,0.03411761,0.026037669,-0.091296904,0.047545172,0.021162845,0.073732905,-0.03222609,-0.012683861,-0.05622104,0.026170164,-0.17400146,-0.034059413,-0.046769444,0.011776089,-0.055375382,0.08670247,0.0399822,-0.18979315,0.038590476,-0.03224015,-0.04578052,-0.03150163,-0.07150983,0.01315515,-0.072300375,-0.0406127,-0.07748598,-0.02940499,0.045101583,0.039978378,-0.027916657,0.066673666,0.00015756258,-0.10158877,-0.08930594,-0.016789233,-0.062597804,-0.08431596,0.039802395,-0.16827492,0.04208986,0.03716862,0.07375923,-0.03239868,-0.10291918,-0.09488615,-0.060387153,-0.04227595,-0.011103178,-0.0020118218,0.032838408,-0.11273985,-0.09914268,0.17743692,0.04194551,0.07673492,-0.05886679,-0.03360017,-0.050796688,0.012586877,-0.029056113,-0.037343133,-0.061704494,0.02279039,0.0006727874,-0.050124433,0.07863244,-0.13965988,-0.06124105,0.094417006,-0.02564594,-0.07749624,-0.0027054742,0.08427825,0.025284115,0.0055917418
TCGA-LD-A66U-01A,-0.074766845,-0.07918777,0.11087791,0.037468106,-0.06549694,0.031378765,-0.038036667,0.046238165,0.053013574,0.046214867,0.04610695,0.016667869,0.102196716,0.1172538,0.109791294,0.0426944,0.05542975,0.14348157,-0.03363271,-0.16099697,-0.018305311,-0.1030754,-0.04484715,0.015638953,0.013284291,-0.04799633,-0.10171045,0.020107295,0.0019079825,-0.08637424,-0.05680106,0.03931487,-0.09007721,-0.069831535,-0.13489856,-0.0154604465,-0.049645044,0.029639224,-0.038774878,-0.03398117,-0.055867296,0.055253614,0.11313634,-0.046383757,-0.020321889,0.035212472,0.053863775,-0.025205512,0.1542736,0.11851168,0.027000926,0.11016006,0.03867603,0.050808456,0.051796075,-0.07898079,0.062092785,-0.02750885,-0.053125054,0.055160157,0.044395134,0.02695389,-0.07824893,0.07560601,-0.08059597,-0.074686065,0.15059836,0.07378886,-0.0038575218,-0.038614113,-0.083119154,-0.09087083,-0.069556415,-0.11385554,0.09787147,0.03089595,0.003244095,0.0100841345,0.094011724,-0.12049896,-0.067831166,-0.11466494,-0.03145305,0.13435459,-0.08199196,-0.02821874,-0.150263,0.1209817,0.07517462,-0.0088792,0.06877049,-0.11728519,0.1266506,-0.034976766,0.09720936,-0.029110627,-0.01992439,-0.08746716,0.01930036,-0.010462668,0.0063585658,0.06461505,0.046182033,-0.058709197,-0.035958312,-0.0027471,-0.06027467,-0.036494266,0.011792252,-0.004183242,-0.059900217,-0.045344368,-0.11261521,0.09648433,0.09032946,-0.055618495,0.007348459,-0.022523286,0.012807715,-0.03944161,0.07761214,-0.106036045,-0.077082455,-0.0447542,0.01614577,-0.017004857,0.014979293,0.03132999,-0.052172437,0.12351284,0.10510643,-0.018470908,0.01998029,-0.07859936,-0.0854056,0.0551144,-0.04677169,0.055301256,-0.06542896,0.059548154,0.00089281466,-0.044216115,-0.07222929,0.08483287,0.05636279,-0.05316372,-0.12248933,0.0992659,-0.050278977,-0.010725656,0.032136794,0.042045847,0.023854828,0.011365523,-0.13092928,0.07060686,0.07222652,-0.08938455,-0.06389703,-0.023147233,0.015563373,-0.017654443,0.02520799,-0.18268739,-0.0775337,-0.009081038,0.042790055,0.0032234073,0.025856668,-0.02863487,-0.0884922,-0.10336835,-0.044211846,0.033120293,0.085526235,-0.014218525,-0.06021709,0.13699041,0.09941596,0.069679335,-0.008944211,0.023520485,-0.030122375,0.05344169,0.09324726,-0.02547025,-0.18500616,-0.00377081,-0.015048555,0.09169243,0.04831151,-0.043389663,-0.031011377,0.011410801,0.028155241,0.026935007,0.11495415,0.06847865,-0.014020839,-0.03206676
TCGA-A2-A04R-01A,-0.07369186,-0.061531916,0.005394283,0.051740944,-0.0315483,-0.013400207,-0.10829806,0.042505708,-0.07727334,0.024460778,-0.03444222,0.030971201,-0.010011964,0.24145511,0.037793905,-0.0039368067,0.024408797,0.040722772,-0.054436084,-0.09733459,-0.08158551,-0.050182037,0.008095289,0.038105823,-0.033821896,-0.09678939,-0.18100177,-0.03447959,0.060810823,-0.025210334,-0.06587101,0.039225053,-0.06671137,-0.105806455,-0.097713195,-0.093675934,0.0055565555,-0.013075093,0.028954921,-0.040397353,-0.029067015,0.084538504,0.015545841,0.013378935,0.051879402,-0.04442541,0.020404032,0.06418643,0.123664945,0.07795508,0.064278536,0.10568751,0.011153763,0.13039131,-0.057180792,0.032285787,0.03670343,0.046601582,-0.11060826,0.07421769,0.14074905,0.043864585,-0.06262123,0.13608442,-0.01093291,0.04243528,0.09659115,0.06020224,-0.040491343,-0.027291384,-0.19461118,-0.06014408,0.008104868,-0.18361901,0.13639902,0.02118701,0.016195495,0.04692399,0.1309214,0.007362279,-0.010315982,-0.03366148,-0.0059380434,0.07731694,-0.13162443,-0.072496474,0.043030467,0.06224206,-0.0014016799,-0.055061746,0.0123947505,-0.15353878,0.07495929,0.056523517,0.0060234503,-0.04202959,0.00080477097,-0.062112305,-0.0017645668,0.010652854,-0.012931276,0.024794014,0.019719277,-0.07988379,-0.04576128,0.010430722,-0.08006004,-0.15028441,-0.06835865,-0.037824817,-0.039443646,-0.13002625,-0.10121077,0.09364078,0.041190915,-0.057627294,-0.005808563,-0.09673329,-0.0029963045,0.007551436,0.08048168,-0.12945123,0.008451676,-0.036832824,0.040599633,-0.008001584,-0.05029979,0.100810684,0.0021267806,0.020259712,0.07358253,-0.06677143,0.050348084,-0.07878987,-0.08832701,-0.090308264,-0.0033140292,-0.030004686,-0.06082972,-0.006858436,-0.08316775,-0.17617984,-0.050282117,0.071210876,-0.019723505,-0.07446669,-0.038602315,0.037423827,0.017877916,-0.0054142,0.008103862,0.03660682,0.07975592,0.04028502,-0.049174525,0.09387925,-0.009450393,-0.085468866,-0.051040813,-0.023960382,-0.025809685,0.011754227,-0.037863716,-0.089679316,0.014096848,-0.002122839,0.05987033,0.088169284,0.00036409916,-0.095533505,-0.020317951,-0.12783557,0.010173092,0.038200445,0.06886014,-0.04669271,0.023538098,0.11269121,0.097301975,0.19019994,0.006991212,-0.0074552726,-0.011916498,-0.057767574,0.076507814,-0.03247133,-0.09296573,-0.08579036,0.0042859376,0.07863108,0.07895345,0.025699379,-0.007231472,0.04285439,-0.013266,0.07589921,0.107481524,0.00019100164,-0.048234582,-0.030876417
TCGA-AC-A2QH-01A,0.047141384,0.0117220525,0.07233591,0.07589173,0.10521847,0.10472994,-0.046012808,0.06708332,-0.0064365277,0.06362592,-0.018533364,-0.03296116,0.009394198,0.1330137,0.057379264,-0.07386446,-0.016218353,0.060743302,0.09957574,-0.10421307,-0.015906556,0.027612207,-0.06462589,0.072931476,-0.06024876,-0.029672816,-0.18116926,-0.0807703,-0.06663684,-0.06515595,0.0152048385,0.029913152,-0.08500333,-0.059352066,-0.085509226,-0.06151578,-0.07173943,-0.027058685,-0.05601883,0.0058667865,0.03901126,0.06965125,0.09074812,-0.0640426,-0.023325784,-0.09148016,-0.026157407,0.06605945,0.10669525,0.121896446,0.08917323,0.047732893,0.08196602,0.07128644,-0.057201214,0.013034849,0.07070051,0.05579367,-0.08078496,0.064908594,0.05154993,0.043429345,-0.11768094,0.10874512,-0.11022429,-0.066438675,0.14692771,0.013534437,-0.105210654,-0.027302558,-0.06795697,-0.05665634,0.0013142804,-0.10717861,0.13822564,0.029681299,0.009705131,0.07761752,0.09194442,0.020478554,-0.04848944,-0.030280443,-0.024732362,0.045661267,-0.096750334,-0.09207636,0.06155991,0.14593925,0.027909575,-0.034925975,0.07036604,-0.065704845,0.04346891,0.071588084,0.06795646,-0.03454815,-0.05449089,-0.08260234,0.025264598,-0.08536062,-0.05092959,0.05727163,-0.015598451,-0.020274632,-0.0047841175,0.0020222906,-0.13491768,-0.0991858,0.07457992,0.010328084,0.012357914,-0.049649797,-0.09714411,0.04754076,0.1440373,-0.01569525,-0.05201451,-0.03886249,-0.051290076,-0.038228054,0.08585276,-0.0018774583,0.110601366,0.047884963,0.0071205306,-0.040804707,0.020875135,0.06007317,0.011435286,0.06858408,0.10873551,-0.09550443,-0.029383112,-0.06600452,-0.11270738,-0.0368787,-0.033947274,-0.036770184,0.046648603,0.05301361,-0.09431624,-0.0826607,-0.11433275,-0.033759978,0.006812425,0.020736823,-0.11895739,-0.00932143,0.009028525,-0.069779426,-0.0171515,0.06100243,0.063825995,0.0034507785,-0.06707555,0.1650549,0.0955268,-0.06850181,-0.10763953,-0.06400391,-0.0017492248,-0.023640081,0.07052871,-0.16469604,-0.045983072,0.011548977,0.026809432,0.03266581,-0.09603839,-0.03369004,-0.051167928,-0.079050094,0.06381831,0.13281137,0.0061505176,-0.054699082,-0.076145574,0.07162795,0.07099727,0.098386236,-0.07955436,-0.08068466,-0.08551404,0.013184621,0.0010573944,-0.03932476,-0.090126336,-0.0830628,-0.023494573,0.062214714,0.033596046,-0.07335435,-0.09189736,0.018005716,0.14398189,0.023987105,0.083404675,0.028753366,-0.0440854,-0.023564879
TCGA-EW-A1OY-01A,0.021866128,0.011761407,0.10350964,0.043247364,0.0494973,0.0852442,0.03824495,0.04328662,-0.032583337,0.06724795,-0.014036837,0.056745175,-0.077843025,0.12696381,0.10921707,-0.118461765,-0.07158196,0.06791507,0.0014990082,-0.039882407,-0.032114904,-0.06372937,-0.02304958,0.016144782,-0.06474756,-0.060826495,-0.069136314,-0.07315519,0.06952773,0.011815219,-0.012595103,-0.0013991384,-0.10365572,-0.012036513,-0.086393535,-0.19797309,-0.08105798,-0.06321212,-0.06960496,-0.07831801,0.013742233,0.06288762,0.10462268,0.011011672,0.020096613,0.0018995906,0.03703303,-0.01053162,0.088972986,0.0036652223,0.03995778,0.12722725,0.07166593,0.030761957,0.047860436,-0.030538747,0.08042596,-0.015703967,-0.114912264,0.013866208,0.031693354,0.025086317,-0.089520246,0.08662172,-0.053208034,-0.026688904,0.14126319,0.05005267,-0.10591996,0.04905467,-0.10035118,-0.017668612,-0.0038533804,-0.035056196,0.1372491,0.036349032,-0.08098191,-0.0018314546,0.086417615,-0.0020949284,-0.05351455,-0.068698965,-0.046603244,-0.028698023,-0.033020724,-0.1157314,-0.05659563,0.051074546,0.09875067,-0.027834425,0.08637628,-0.0678989,0.055158474,0.052844957,0.12030015,-0.062398214,-0.1129254,0.05562344,0.01715171,-0.023138562,-0.02246493,0.124575295,0.0442519,-0.01167928,-0.0910491,-0.043209497,-0.13303186,-0.06796059,0.056526907,-0.07299053,-0.045584336,-0.048075683,-0.056330834,0.09558168,0.17186937,-0.026352264,0.038611498,-0.06672893,0.04994516,-0.031948544,0.088272505,-0.08061336,-0.0047666105,-0.024112858,-0.032728136,0.083367296,0.032415796,-0.028050017,-0.018501068,0.0714316,0.0899568,-0.10097318,0.009315758,0.008366504,-0.19200745,-0.072189264,-0.038870543,-0.03598239,-0.041258246,-0.01302559,-0.040394366,-0.14583026,-0.033702627,-0.033865254,0.016607545,0.04963978,-0.12708482,-0.057896536,-0.062400628,0.038975827,-0.046621624,0.081105955,0.032328412,-0.04087312,-0.037298866,0.045886148,0.078092426,-0.074981816,-0.04917598,-0.1293278,-0.028911417,-0.106836595,0.092385024,-0.139295,-0.052051846,0.036849976,0.18648496,0.038265586,-0.024141064,0.013249327,0.022540124,-0.06084427,0.055921353,-0.054403998,-0.026469087,-0.023934977,-0.025872381,0.17282793,0.10440981,0.029791,-0.09395266,-0.068694204,-0.017109448,0.015413592,-0.011222987,-0.053991497,-0.16691145,-0.061426014,-0.0079184985,-0.026129745,-0.00063192355,-0.10312654,-0.0070791766,0.0046984726,-0.08461983,-0.018208368,0.0018145927,0.11373327,-0.035079554,0.037094824
TCGA-D8-A1X7-01A,0.017038077,-0.04591336,0.124121964,0.028766504,-0.10126696,0.04338103,0.05842761,0.017422834,-0.010891803,0.0076712794,-0.072413616,-0.117808,0.013726861,0.11748306,0.02757902,-0.07236983,0.03435724,0.108233854,-0.018136328,-0.06145027,-0.102337934,-0.07951814,-0.09661758,0.113520965,0.030054383,-0.044916574,-0.13463946,-0.0029316829,-0.029458854,-0.09844559,-0.027645662,0.04579365,-0.1118009,-0.16126232,-0.10308391,-0.15229475,-0.013321639,-0.051541895,-0.024274327,-0.016558615,-0.039302386,-0.020937445,0.123345174,-0.12942794,-0.0011266791,-0.08360001,-0.054525267,0.02174349,0.021442916,0.066658825,0.054221455,0.12040082,-0.033043165,0.1537074,-0.017440932,0.011259591,0.0553815,-0.041671436,-0.088131115,0.12191131,0.06035899,-0.021562783,-0.073412865,0.029787071,-0.004292194,-0.11308013,0.1507467,0.01235763,-0.10670887,-0.07531822,-0.14267485,0.0513142,-0.047036882,-0.16963793,0.010618259,-0.006904439,0.06762402,-0.014868732,0.14478698,-0.033433516,0.07163265,0.016622776,-0.07862587,0.043886058,-0.13875945,-0.093295485,0.0026531622,0.09647791,0.18347734,-0.034734678,0.09076829,-0.04105803,0.0117471,0.012209145,0.06280681,-0.07432329,-0.006180119,-0.03738593,-0.040759094,0.01668891,0.036463883,0.057981793,0.026650397,-0.06988358,0.03562836,-0.034614492,0.04102131,-0.100544214,0.014362382,0.004715935,-0.08161012,-0.048583575,-0.10058098,0.06992545,0.04601572,-0.026048813,-0.0154892905,-0.14556308,0.020280728,0.0023914042,0.10576737,-0.14409877,0.028341087,-0.02514557,-0.0039253137,-0.044713374,-0.11047135,0.016952176,0.03498895,0.07995532,0.10675441,-0.02766943,0.027672738,-0.054415617,-0.12415183,-0.025523826,-0.08461463,-0.03194644,-0.03145272,0.055001996,-0.038265545,-0.12019549,0.061086554,-0.045657437,0.052443407,-0.047785375,-0.093154214,0.0031459986,-0.08278611,0.011400099,0.012077695,-0.06803698,0.008611167,0.046972066,-0.050361246,0.025301866,0.01879433,-0.07061605,-0.038220044,-0.0017394226,-0.027778855,-0.019177666,0.037839934,-0.119837254,-0.010614771,0.024088321,0.01913859,0.047787476,-0.057412326,0.018204596,-0.034496922,0.054303516,-0.060609084,0.005770462,0.03457351,-0.16362299,-0.1637318,0.076051936,0.060548242,0.09608487,0.046974868,-0.07941199,-0.04522571,-0.001925761,0.031545307,-0.022794295,-0.07949468,-0.029969065,-0.06588392,0.020748002,0.02593325,-0.028348306,-0.0072630374,0.037390962,-0.045222487,0.07385273,0.09603269,0.06923582,0.027811313,0.022088567
TCGA-C8-A27B-01A,-0.020720705,-0.07123104,0.1496577,0.055561733,-0.040704858,0.05550685,0.016281834,0.05155391,0.004124983,0.07428814,0.0229596,-0.012013904,0.04354496,0.11533119,0.03293203,-0.03570836,0.04327408,0.11443825,-0.04580359,-0.088807076,-0.055461105,-0.026650539,-0.09155027,0.010749523,-0.0017999688,-0.07932692,-0.09632568,-0.038344737,0.01622241,-0.06248458,-0.06140715,-0.014144097,-0.043625277,-0.11423529,-0.16440706,-0.034257762,0.054640632,-0.053387783,-0.065830305,-0.031051733,0.080993205,0.0909596,0.07295226,-0.09661831,0.051256787,-0.019824833,0.12663276,-0.0018586441,0.08617722,0.084355466,0.00197646,0.033305287,0.08460474,0.02359838,-0.087661006,0.06018939,0.03994833,-0.0070812753,0.023783745,0.033197023,0.015396893,0.102833435,-0.05612571,0.13016552,-0.06562215,-0.048939627,0.1254237,0.02563459,-0.082724355,0.033593092,-0.10537229,0.052787844,0.04122582,-0.12666522,0.09236564,-0.034817774,-0.035547115,0.04054969,0.06951512,0.0032124212,-0.0054331827,-0.024835544,-0.017380023,0.040077277,-0.031492624,-0.10673757,0.080911785,0.13472554,0.20679232,-0.08849206,0.0048388774,-0.07527448,0.021270154,0.06589924,0.03468734,-0.03343893,0.057182238,0.011536329,0.056674775,0.028009392,0.017329426,0.020131033,-0.042940684,-0.071473986,-0.008064507,0.024423132,-0.06314775,-0.09401698,0.031168442,-0.009462693,0.09432634,-0.1027099,-0.06484474,0.1566282,0.090537526,-0.06543147,0.12749577,-0.05712888,-0.037199575,0.06664099,0.014371126,-0.08437803,-0.0077141533,0.12880255,0.08229226,-0.05702468,-0.09153889,0.16680957,0.020307692,0.09132635,0.16088578,-0.07844586,-0.041496057,-0.08363021,-0.12663887,-0.022982482,-0.0070281015,-0.07859574,0.050524753,0.03866029,-0.09304309,-0.111191005,-0.019918026,-0.032902397,-0.034524538,0.049611963,-0.038139436,0.06269639,-0.060842287,-0.06899857,-0.09403325,0.029285172,0.065343015,0.09075727,-0.07499671,-0.082425565,-2.248718e-06,-0.14721489,-0.05349019,-0.04960321,-0.005652969,-0.034624364,0.010917897,-0.03495166,-0.039698083,0.078663684,0.12902008,0.03998097,-0.11776463,0.03406181,0.01273356,-0.046838544,0.014500195,0.06260744,0.06347828,0.011163085,-0.019554947,-0.017052962,0.14443654,0.1442991,-0.09185891,-0.04638929,-0.07032654,0.057062127,0.01909515,-0.06761385,-0.0834616,-0.07709434,-0.0724999,0.008155035,0.07230323,-0.016573591,-0.03559216,0.02423277,-0.05434716,0.01907735,0.02800345,0.07168684,-0.032239694,0.014758617
TCGA-C8-A278-01A,0.08432191,0.09322642,0.13165852,-0.028990952,-0.10179442,0.06352504,0.053989142,0.10659191,-0.006051896,-0.022636915,-0.013468622,-0.037607312,-0.11370244,0.18668386,0.030984912,-0.084888466,-0.044259895,-0.033608023,0.007914021,-0.057728797,-0.11437508,0.02104348,-0.07200353,0.027566561,-0.03584096,-0.013765556,-0.12737054,-0.028427634,0.08774189,-0.056021743,0.03703178,-0.03669906,-0.06237943,-0.10089321,-0.08346492,-0.089715876,-0.0125239,-0.034985892,-0.086779274,-0.05878894,-0.07528041,0.13549589,0.17653579,-0.04208418,-0.017998707,-0.023810713,0.038847383,-0.00060634786,0.04367294,0.106899776,-0.019330122,0.10928542,0.013967557,0.15726176,0.05126645,-0.12443059,0.04916507,0.044232123,-0.08042181,0.0036306358,0.011205003,0.0048619485,-0.04622133,0.045686316,-0.035726715,0.007687176,0.120100096,-0.099918,-0.07161559,-0.04424469,-0.054479145,0.063862994,-0.1084298,-0.15523882,0.09150339,0.027784495,-0.00457573,-0.04432496,0.11040526,0.017998764,-0.104489446,-0.045577176,-0.12016916,-0.023182327,0.051324964,-0.05359366,-0.02281868,0.0877417,0.058814045,-0.0040267706,0.031527743,-0.096708685,0.020060163,-0.03045834,0.0002971695,-0.0033324272,-0.06917656,-0.017887661,0.1290969,-0.028200863,-0.020938873,0.022584004,0.06386203,-0.087636694,-0.06531635,0.03449986,-0.0864711,-0.08309501,0.03722308,0.053322516,0.030390522,-0.06767779,-0.008960334,0.07117896,0.05557835,-0.026953347,-0.14745109,-0.06499004,0.023212045,-0.049035177,0.10353795,-0.08743422,0.06098798,0.03439946,0.018172406,-0.03731128,-0.049520362,0.029674841,-0.022829685,0.13299921,0.07815043,-0.11409434,0.035414707,-0.0937907,-0.22975008,-0.07594119,0.0075675994,0.031982888,0.039878227,-0.022910232,0.03555639,-0.098109104,-0.0109174745,0.071373254,0.028618533,0.047615573,-0.08390896,-0.034460444,-0.06294218,-0.027982555,0.04294982,-0.025917418,0.1046257,0.050331708,-0.029687008,-0.050050467,-0.006660421,-0.027376913,-0.03963931,-0.032354034,-0.041428655,-0.10949643,0.012254108,-0.088994496,-0.04385543,0.10683419,0.021668134,0.025793672,-0.037424553,0.038076892,-0.07933934,-0.10363436,0.020232208,0.10860776,0.10394822,-0.041157924,-0.05471854,-0.07424198,0.039815236,0.15259744,-0.044728547,0.06606844,0.04179372,0.055363808,-0.06307222,-0.070067406,-0.055347405,-0.025654932,0.00043183798,-0.028912231,0.020728681,-0.0984954,-0.08535839,0.081162095,-0.005666631,-0.08057722,0.07547967,0.08339968,-0.053431522,0.016513601
TCGA-BH-A42V-01A,-0.035030432,-0.095552124,0.12592328,0.031113444,-0.09862772,0.05036813,-0.040795043,-0.03498091,-0.08094572,0.01613939,-0.017978499,0.011218207,0.00990964,0.091148585,0.07921192,-0.01999264,0.014385947,0.06044745,-0.002244625,-0.13521178,-0.025051558,-0.006657644,-0.13719745,0.108004734,-0.006583061,-0.016663844,-0.18495762,-0.04817019,-0.023754353,-0.094109476,-0.0940958,0.033454746,-0.10552327,-0.12139925,-0.060222216,-0.094248615,-0.042776197,-0.0006282761,-0.049186032,-0.049250737,0.07502468,0.00883788,0.057928458,-0.12209583,-0.086616844,-0.037102815,0.08682986,-0.00830153,0.15821539,0.121829964,0.03834161,0.07532161,0.02500704,0.094886474,-0.052374605,0.037781503,0.08671753,0.05578097,-0.069005445,0.097389825,0.093033046,0.0032249358,-0.0680277,0.09945512,-0.058654245,-0.011082198,0.09953509,0.06262211,-0.095755234,0.025918677,-0.19824089,-0.018938817,0.020760544,-0.0621249,0.05680867,0.053669527,-0.079029456,0.010094774,0.056819994,-0.027077233,0.09641589,-0.018961623,-0.06597407,0.14908239,-0.019623706,0.006787401,-0.018432433,0.020491887,0.09835979,0.045554943,0.06578065,-0.019832207,0.115405604,-0.0049613747,0.026208092,-0.11835831,0.01903568,-0.04067795,-0.03165749,0.036937814,-0.062403627,0.081654415,0.075886294,-0.09745725,0.07525716,-0.031963803,-0.055085596,-0.040381495,-0.0027527777,0.033473607,-0.101406656,-0.1331723,-0.03873799,-0.0030502423,0.08132532,-0.042391513,-0.09555034,-0.085324556,-0.015265256,0.02530863,0.033798754,-0.11321964,0.037322663,0.050967325,0.0444625,0.0477751,-0.04260714,-0.005768314,0.0109849945,0.16944125,0.19044624,-0.13088901,-0.006684916,-0.02504078,-0.18112099,-0.03109755,-0.11941016,0.0686815,0.0024569107,0.026838258,-0.13075714,-0.09046129,-0.060501527,-0.0037054506,0.02935218,0.0101089245,-0.12008429,-0.056814946,0.10072461,-0.022205217,-0.0035607698,0.056394674,-0.030429037,-0.000938884,0.01378895,0.023251778,0.075695254,-0.14561573,-0.011006109,0.017919423,-0.013007895,0.009284765,0.03323572,-0.09739143,-0.052245483,-0.046607148,0.0010121415,0.0070101093,-0.018669544,0.032918155,-0.046898387,-0.06924559,0.041002836,0.00960957,0.0025453425,-0.017450655,-0.048344042,0.014770643,0.03885614,0.13870005,0.042911835,-0.07775637,0.053806994,0.009068168,0.047306404,0.018942166,-0.15499468,-0.032953653,-0.013083136,-0.03303327,0.10079632,0.0028265887,-0.043173447,-0.021539912,-0.00886124,-0.03218975,0.052218035,0.0012390704,-0.083602056,-0.017267678
TCGA-BH-A0HX-01A,-0.045300998,0.010019615,0.055020228,0.042390518,-0.02968002,0.05382848,-0.06862581,0.06489605,-0.12576132,0.016740121,-0.010107097,-0.039376117,0.047292117,0.13242067,0.08838283,-0.061941348,-0.031045131,0.10932415,0.036270898,-0.050556626,-0.04767487,0.024677755,-0.02908226,0.094668746,-0.016012985,0.026484692,-0.15426591,-0.07879075,-0.01935677,-0.019646714,-0.06360564,0.014919205,0.05635451,-0.10308434,-0.05829421,-0.0957659,-0.067300625,0.0012758652,-0.11639893,-0.0050685317,-0.025126541,0.08332006,0.09687875,-0.01595315,0.035749145,-0.0149042215,-0.04243645,-0.04086902,0.055975873,0.021740368,0.079074,0.022883411,0.03644672,0.060056657,-0.05328205,-0.080287494,0.055070575,0.040072452,-0.041792337,0.0899077,0.008095982,-0.035389572,-0.005814775,0.06747601,-0.12331706,-0.020488093,0.14800505,0.12114205,-0.05764318,-0.0038383296,-0.19055898,0.059643455,0.03227442,-0.19875991,0.063871495,0.02242324,0.006716705,-0.026959654,0.08370619,-0.011619796,-0.030944664,-0.025694523,0.062466945,-0.014149659,0.008827102,-0.059466142,0.047115974,0.11945219,0.097692356,-0.0052498267,0.025496816,-0.1309686,0.09257313,0.049405694,0.09791087,-0.07282529,-0.13161953,-0.05923392,0.040677328,-0.14978161,0.0252292,0.064967774,0.053480454,-0.09509895,-0.04650698,0.012518405,-0.09886994,-0.11357225,-0.037824705,-0.0033074827,0.101230696,-0.05315782,-0.042832464,0.09759061,0.09127801,-0.06898907,0.07404959,-0.06484698,-0.07613731,-0.020539947,0.12971292,-0.11850477,0.09927863,0.030717596,0.03819719,-0.014633131,-0.015558963,0.004130041,0.032605976,0.05061862,0.047205117,-0.06548605,-0.07472713,-0.03712195,-0.14302295,-0.022827223,-0.002536633,-0.07949469,0.014384137,0.008516086,-0.11108417,-0.1431821,0.016526552,0.0007623709,0.051160175,0.0074661938,-0.1155999,-0.048447423,0.051914793,-0.060912583,-0.04171581,0.0014640042,0.080882706,0.05596643,0.096392974,0.08876773,-0.021981386,-0.036488578,0.017770795,0.021464132,-0.04509792,-0.04972068,0.06074197,-0.15288432,-0.099133454,0.013122603,0.063288495,0.014946521,-0.105218105,-0.03939571,-0.09136118,-0.047611445,0.021761188,0.096387595,0.011285857,-0.0816642,-0.018999299,0.0032107935,0.10729894,0.16241157,-0.011265852,0.025341509,-0.09999644,0.026615605,0.032077916,-0.07187247,-0.06394675,0.05167837,-0.008411973,0.07044456,0.12761834,0.07576012,0.05362795,-0.0037350638,-0.036592856,0.031177146,0.047804117,0.14542626,-0.055973053,-0.021398718
TCGA-A1-A0SB-01A,-0.12241301,-0.058198027,0.049828332,-0.04173427,0.04662155,0.008620726,-0.007113955,0.020127036,-0.010800095,0.08051206,-0.07287681,-0.055283558,-0.025512502,0.124562055,0.14662397,-0.030627301,-0.016813684,0.07876646,0.030297142,-0.15672085,-0.032520596,-0.06764261,-0.017376453,0.14061564,0.026630288,-0.07126663,-0.20607498,-0.104178704,-0.041998923,0.03832951,-0.09522399,0.07116868,-0.07400996,-0.124376714,-0.021342302,-0.096400954,-0.056233596,-0.003692444,-0.102747835,-0.028537313,-0.059361003,-0.019187544,0.12112753,-0.052803326,-0.1291691,-0.046214025,0.022736138,0.05909219,0.052121587,0.03116659,0.034930047,0.06490462,0.08846502,0.025635574,0.011409811,0.010828235,0.10547049,-0.023916198,-0.066517055,0.13044523,0.081950024,-0.010307842,-0.06523707,0.058698785,-0.07359474,-0.052710023,0.10305512,0.032941405,-0.07792686,-0.0011404116,-0.07810641,0.05663845,-0.008532138,-0.0860974,0.07036942,-0.015386071,-0.039971855,0.06050136,0.022966344,-0.073075555,0.015487481,-0.07148828,0.065666884,0.003356787,-0.08100267,-0.090528324,-0.09034046,0.074190184,0.11724715,0.014935272,0.04213979,-0.06858898,0.02093123,0.06934966,0.10029968,-0.023429919,-0.068617806,-0.0040799375,0.0064632804,-0.036110952,0.033155054,0.08683282,0.053549174,-0.076352775,-0.08232061,-0.03455477,-0.011461295,-0.07677598,0.029763719,-0.050033975,0.011748634,-0.083200485,-0.09574239,0.042882618,0.09171703,-0.016171815,0.10497742,-0.04083938,0.032930993,0.063070744,0.13570008,-0.054428257,-0.016173748,-0.012399751,0.027226832,-0.02940059,0.0037927914,-0.025593078,-0.019168785,0.16863447,0.029551916,-0.032671217,0.005727267,-0.04313295,-0.11650011,0.009788104,9.166896e-05,-0.081642136,-0.038162936,-0.040846992,-0.0074375267,-0.15612763,-0.006692572,0.028848618,-0.042260822,0.090879686,-0.08891074,0.021709872,-0.050626624,-0.06335899,0.02917692,0.10288733,0.015605445,0.032708418,-0.11218422,0.039571963,0.03236287,-0.08516617,-0.03667627,-0.06766938,0.013323293,-0.056309465,0.03943793,-0.16850364,0.031584606,-0.019164765,0.036772266,-0.029171662,0.014542692,-0.12474802,-0.026483389,-0.05301006,-0.056309726,-0.09179634,0.0051458827,0.018537361,-0.05878893,0.20383844,0.12124576,0.18752976,-0.04821576,-0.028889222,-0.0414929,-0.0133406585,0.0803353,-0.095724724,-0.079439506,-0.041978665,-0.01886102,0.07788963,0.12127216,-0.073373355,-0.05127342,0.008288033,-0.03193861,0.015074511,0.12349724,0.03966444,-0.042166848,-0.029643273
TCGA-D8-A1JA-01A,-0.05054334,-0.011150081,0.07921005,0.086307004,-0.02351692,0.02724171,-0.0496092,0.018851196,-0.029705426,0.06770956,0.10516022,-0.044988304,0.03399566,0.16685408,0.03041308,0.021204945,0.10985706,0.16398846,0.027472375,-0.14263679,0.03803444,-0.061912976,-0.066928096,-0.04714149,-0.029397339,-0.013155389,-0.14282264,-0.033660814,0.028856143,-0.05605524,-0.002290992,0.08963105,-0.036403753,-0.06691332,-0.08336334,-0.13538639,-0.053551253,-0.028436793,-0.060695473,-0.07169802,-0.03541777,0.12226101,0.022161335,-0.027780466,-0.05838163,0.005511439,-0.014581982,-0.046481527,0.119646765,0.020776909,0.04512842,0.10017439,0.01908834,0.105359174,0.0097457385,0.09279973,0.103183195,0.010010367,-0.078701295,0.032844856,0.091955796,0.05144156,-0.11046587,0.13343984,0.020603215,-0.04740126,0.12385964,0.06130925,-0.027140955,-0.03349538,-0.15882921,0.012545061,-0.06136288,-0.106570415,0.12126771,0.05545667,-0.025362436,0.042395603,0.05622446,-0.033391897,-0.011832209,-0.051740665,-0.055778783,0.07625869,-0.04408244,-0.0925567,-0.056491315,0.09087352,0.08888402,0.02611465,0.12290174,0.015677731,0.071322545,-0.017936157,0.124114856,-0.045662668,-0.03611389,-0.058007892,0.02667044,0.029298615,0.03958705,0.096984744,0.019329598,-0.033107597,-0.04370085,-0.015621864,-0.028378403,-0.081493005,0.09402888,-0.024779473,-0.00028016587,-0.13686521,-0.084564105,0.14036377,0.17129509,-0.04857606,-0.017918924,-0.06316397,0.029475769,-0.0038279393,0.051109497,-0.062697396,0.0030275604,-0.009037921,0.04787418,-0.07447947,-0.016525349,0.050590843,0.02985616,0.050502717,0.12588513,-0.07568427,-0.001686924,-0.10111648,-0.1341234,0.005545791,0.021460287,0.04931453,-0.10464648,-0.019101828,0.02005917,-0.14717698,-0.04854667,0.016654253,0.05130304,0.003804221,-0.11472768,-0.059191924,-0.06794012,-0.017827958,-0.01642849,0.11731275,-0.076611795,-0.0021795777,-0.08926439,0.03295654,0.05940315,-0.08677109,-0.012506358,-0.0067386148,0.083012566,-0.051742163,0.026773216,-0.14150806,0.0020444999,0.05354087,0.06859212,0.05138805,-0.022654677,-0.09792699,0.0035124284,-0.0774289,-0.020323073,-0.02472595,0.045127004,-0.014564484,-0.05023588,0.103632,0.021572264,0.10368763,-0.0893585,-0.12580846,-0.030541653,0.020528631,0.03906145,-0.07684267,-0.13202576,-0.11104239,-0.008063645,-0.022576416,0.114452355,-0.06517071,-0.03656072,0.061785847,-0.002739382,0.02802407,-0.027388401,0.114857614,-0.05339246,0.01487949
TCGA-AO-A0JM-01A,0.04557883,-0.0129178725,0.08082964,0.09258572,0.027075008,0.04826985,-0.0019849665,0.040240023,-0.04654702,-0.09141182,0.048755273,0.013353846,-0.03479279,0.08978219,0.03769235,-0.06544291,-0.047236815,0.06174373,0.0708563,-0.018815491,-0.10831567,0.006108154,-0.08355844,0.011065465,0.003636273,-0.0807069,-0.16154067,-0.13057615,0.039793745,-0.066693224,-0.10323026,-0.016140802,-0.13003,-0.058453515,-0.026093632,-0.1015743,-0.044503134,-0.0128376,-0.118629865,0.031244764,0.049468953,0.009846657,0.11613909,-0.077296704,-0.036635272,-0.0042279367,0.061009463,0.08743638,0.087539025,0.10540297,0.02553996,0.048313677,0.027451562,-0.019522227,-0.075106405,0.020087412,0.030388327,0.0037954147,-0.06044971,0.038868193,-0.013911412,-0.06486937,-0.012374967,0.022342518,-0.10148795,0.0106044095,0.09757186,0.0077914014,-0.07283979,-0.027685314,-0.13544318,0.0038698975,-0.06659365,-0.18441264,0.12813726,0.038854953,-0.019291006,0.010570821,0.07370375,0.008233468,-0.010043245,-0.035489105,0.042683687,0.033060204,0.11288915,-0.108803,-0.03600863,0.057219066,0.15627383,-0.05068646,0.022810252,-0.09520107,0.08585644,0.010443986,0.04443848,-0.094401635,-0.06612626,-0.060867433,0.017366467,-0.022636877,0.026623705,0.035462707,0.046050522,-0.08032168,-0.016973557,-0.09805653,-0.018690394,-0.13112526,0.07640482,-0.030151714,-0.0044240057,-0.09444727,-0.07162039,0.0997574,0.102513,-0.06962013,-0.026375951,-0.044898506,-0.090698764,-0.019815795,0.08568515,-0.107774265,0.08670601,0.007858224,-0.018591978,0.0099471975,-0.060289823,0.117949724,0.0069207666,0.13024949,0.13107456,-0.06908777,0.012258325,-0.063177,-0.1398877,-0.009845395,-0.09332075,-0.05942417,0.0053867144,0.029894955,0.0045849583,-0.16536681,-0.06815354,0.04586824,0.09145057,-0.017538942,-0.1376865,-0.08296224,-0.09893953,-0.044741526,0.032984395,0.00026349677,0.099042356,0.029584527,-0.07196472,0.016043272,0.051152043,-0.03878127,-0.07110309,-0.07507528,0.06222487,0.00026715605,-0.015567238,-0.13226822,-0.031664312,0.0010735244,0.024247933,0.036313508,-0.08261837,0.019066457,0.035551846,-0.03648384,0.059297156,0.11049523,0.09841745,-0.0709248,-0.07378905,0.028928464,0.10854325,0.14882527,-0.07943167,-0.009131655,-0.07013739,0.020898158,-0.057637855,-0.03760343,-0.14432983,-0.023256473,0.021810545,-0.0018923195,0.043634556,-0.075803526,-0.07458739,0.078794375,0.05385418,0.11378042,0.058642,0.080395244,-0.030248469,0.08880559
TCGA-AN-A0XP-01A,0.015983615,-0.013623746,0.09996792,-0.0047178827,0.0009674479,0.05210317,0.018919978,0.007445821,-0.09768249,0.023278125,-0.028670013,-0.03741572,0.00013836166,0.18169484,0.04790638,0.01704348,-0.005098544,0.0023202307,0.0042165606,-0.106100224,-0.1105309,-0.023510205,-0.13365997,-0.062378727,-0.09680406,-0.036329553,-0.14705218,-0.10978486,0.057398908,-0.07576826,-0.011709824,-0.007612009,-0.08186006,-0.13452446,-0.06969178,-0.07173772,-0.05413201,0.002610526,-0.1255511,-0.045691147,0.032704998,0.08043074,0.11962024,-0.016030943,0.041027598,-0.04083907,0.043680437,0.043416988,0.05512231,0.022388823,0.12338925,0.08647628,0.02614763,0.011384009,-0.096522585,-0.046193935,-0.046152074,-0.05335952,-0.08369318,0.10892883,0.022286315,-0.018141055,-0.038878012,0.057423472,0.0038262825,-0.018647175,0.10407402,-0.049940914,-0.12825233,0.07480372,-0.08027487,0.082814895,-0.009626973,-0.14494158,0.040804632,-0.030155212,-0.016786128,0.101127006,0.11805216,0.020047074,0.07295846,-0.010982896,0.0061954423,0.10129789,0.044406917,-0.14024194,0.05258944,0.14247537,0.11954405,-0.06780543,0.09837187,-0.049941484,0.044690765,0.12693298,0.07869716,-0.048385587,-0.042808883,-0.0017458813,0.053594932,0.0014404682,-0.09942078,0.062761985,0.03330945,-0.0664403,-0.089609675,-0.03077833,-0.0091613345,-0.15745625,-0.065388314,-0.09232925,-0.02427696,-0.10353636,-0.11333565,0.11934696,0.10662532,-0.007819539,-0.0051110834,-0.08787974,-0.079451516,0.0024648253,0.14988755,-0.06453145,0.005326706,0.0039018092,0.060738873,-0.0545655,-0.144359,0.06863817,0.087823,0.058028493,0.09892056,-0.039230026,-0.032413002,-0.118577205,-0.07374146,0.10068462,-0.041164096,-0.04530966,0.045308273,0.029635327,-0.036357116,-0.10155595,0.018175418,0.10599496,-0.021814788,-0.04706428,-0.0422059,-0.022524301,-0.08494913,-0.008491634,-0.013563167,0.02398669,0.067591965,-0.018668227,0.015932197,0.01681809,0.047820058,-0.056367744,-0.13723765,-0.06493231,0.00019916808,-0.06240705,0.01413716,-0.11177891,-0.071431115,0.020388214,0.067826316,0.040277917,-0.071475066,-0.0047588944,0.030997427,-0.026612787,-0.0042567803,0.098001264,0.032900896,-0.0074750385,-0.033697437,0.049775187,0.10034534,0.11168686,-0.033228863,-0.10045579,-0.015265417,-0.030455949,0.011130286,-0.024783647,-0.06158488,-0.007141204,-0.05039692,-0.064788476,0.13449666,-0.08768829,-0.029559199,0.0021529167,-0.045422055,-0.021669691,0.030819362,0.117442556,-0.014420582,-0.08496052
TCGA-A2-A0YH-01A,0.014810775,-0.008909285,0.14892595,0.07575268,-0.042919904,0.13951087,0.033854056,0.09704116,-0.008540425,0.0036735635,0.03000593,-0.027796453,0.028790358,0.19131334,0.12067287,-0.079074495,-0.013754471,-0.0068213353,-0.010987944,-0.028717486,-0.13713102,-0.04629584,-0.06080951,0.067801476,0.026564958,-0.072044745,-0.15419155,-0.032940492,0.005502144,-0.06193073,-0.03669016,0.026329022,-0.09402585,-0.13615933,-0.06267409,-0.11654292,0.033649623,0.015831664,-0.024434002,-0.10220264,0.061402984,0.018001381,0.17937607,-0.039380454,0.013949928,-0.047327384,0.00015024448,-0.026222153,0.032977153,0.09242592,0.12623265,0.10723402,0.048625644,0.11304715,-0.014508829,0.019525705,0.013321556,0.06660093,-0.10241463,0.04025094,0.04870195,-0.03650024,-0.0012253125,0.07448696,0.020137457,-0.093992725,0.11109954,-0.053704083,-0.09731144,0.014273887,-0.081296384,0.047722016,-0.08118268,-0.07537164,0.08945262,-0.02531084,-0.02386895,0.025035268,0.13496397,-0.022354668,-0.020119337,-0.051271882,-0.07013292,0.027594455,0.06882468,-0.13092493,-0.006561078,0.13169812,0.16974206,-0.041512687,0.0808148,-0.016913172,0.024828976,0.09149451,0.03755813,-0.0097638415,-0.06297614,-0.020833708,0.07568594,-0.024046417,0.01805003,0.05695118,-0.02204358,-0.111766174,-0.06953633,0.018905766,0.044485003,-0.035848018,0.11975398,0.03293759,0.025791232,-0.049501576,-0.1181586,0.108218975,0.08880629,-0.05811682,0.0177811,-0.040817175,-0.046000052,-0.05574276,0.03470738,-0.13304323,0.15386486,-0.041316647,0.0030111196,0.07147784,-0.02846663,0.02617323,-0.012744829,0.118060805,0.099237874,-0.03396061,-0.015833793,-0.18175794,-0.12002162,0.080349036,0.030446334,-0.041509796,0.026865933,-0.014691794,0.049088426,-0.11904667,0.043181837,-0.02842063,-0.03461638,0.04210954,-0.08976044,-0.049756985,-0.033429626,-0.052054554,0.026165318,-0.010045965,0.01907286,0.07450368,-0.02928359,0.07795324,0.06633833,-0.12338294,-0.04364002,-0.068196885,0.021992397,-0.021856025,-0.0063817287,-0.086098894,-0.033957154,0.0148217855,0.06512306,0.005233077,-0.039920926,0.011527169,-0.068099424,-0.12495607,0.08950817,0.014201789,0.110696465,-0.005151332,-0.07997275,0.11081065,0.101696625,-0.031805437,-0.014351241,-0.010660453,-0.0067201983,-0.048389632,-0.025735443,0.004006251,-0.14229614,-0.024022253,0.0018265744,0.05717489,0.049463358,-0.07354526,-0.09506324,0.028535187,-0.05260152,-0.005943666,0.063074805,0.081933565,-0.04445102,0.019148543
TCGA-B6-A0RP-01A,-0.05102359,-0.11323615,0.11137869,0.09526037,0.033626977,0.008758895,0.00967139,-0.027794128,0.012169815,0.0029929532,-0.003552132,-0.0028001908,0.0042405664,0.21187688,0.08912461,0.051202785,-0.005285857,-0.016410867,0.018229984,-0.06468387,-0.07757847,-0.0052959374,-0.07644193,0.107159816,0.049496744,0.013961848,-0.20714632,-0.08343233,0.031533126,-0.11963762,-0.071509145,0.09776724,-0.101688385,-0.1870132,-0.1117006,-0.10737004,0.009196125,0.01057967,-0.14149,-0.08313787,0.006720138,0.012173175,0.110326454,-0.027710088,0.0025958382,-0.0393713,0.10401459,0.018789358,-0.021903958,0.09663763,0.007614904,0.085634835,0.06114898,0.06952065,-0.06523248,0.048406597,-0.081884034,0.0419133,-0.06344204,0.076454006,0.015462526,0.0435248,-0.092244394,0.035059083,-0.006487319,0.040327743,0.16625044,-0.03402329,-0.08385333,-0.08076705,-0.009968869,0.09288481,-0.042660035,-0.13330285,0.12540112,-0.0017196244,0.015501023,0.08468633,0.15114878,-0.030271845,-0.031272974,0.042349834,-0.014341607,-0.028641965,0.06259856,-0.05893044,-0.004607314,0.11207225,0.15705489,-0.06657306,-0.04603242,-0.01756212,0.03399205,-0.0009851581,0.04798643,0.02098013,-0.07034994,-0.066861115,-0.0050016786,-0.07787576,-0.030890385,0.12506764,0.07002215,-0.07707089,0.015265474,-0.0071787857,-0.04915688,-0.091903046,0.015376971,-0.062400665,-0.04038517,-0.088215224,-0.113240145,0.084700406,0.09804134,0.03512785,0.0084589375,-0.040469408,-0.021788415,0.0032471004,0.117805526,-0.106996045,0.14434665,-0.005361217,0.040400773,-0.10853956,-0.094626896,-0.0228044,-0.010646807,0.12595247,0.02245414,-0.09246515,-0.08813124,0.008296298,-0.14285709,-0.065876655,-0.04919361,-0.042213842,-0.041741468,0.06590442,0.06269547,-0.11019681,0.018413665,0.016751511,-0.035856344,0.03964865,-0.14517896,-0.0368751,-0.08265699,-0.034602553,0.04804055,-0.055239458,0.034918502,0.041787133,-0.007558412,0.0061097555,-0.002059689,-0.024799239,-0.02810744,-0.053079534,0.083490945,0.026108464,0.048578154,-0.12204973,-0.040937275,0.042129844,-0.012521945,0.070093594,-0.0060102735,-0.0047662724,-0.016142176,-0.03063345,-0.011661883,0.06545491,0.097739354,-0.14718975,0.0076154857,0.011595274,0.001558289,0.053065453,-0.035167065,-0.043634783,-0.016939616,-0.014672803,0.030256785,-0.06018938,-0.033150002,-0.022357104,-0.023831429,0.05400826,0.050628398,-0.074127465,-0.08935996,-0.0143950395,0.026193524,0.08816558,0.046153296,0.09384324,-0.07556632,-0.055494502
TCGA-AR-A24W-01A,-0.06399804,-0.03042886,0.07069301,0.007717037,-0.050757136,0.05997428,0.011498431,0.06882767,0.002251678,-0.061800677,0.06729306,-0.0145662,-0.010731299,0.1386604,0.021786734,-0.04070646,-0.040838405,0.04279221,-0.035284605,-0.06508906,-0.06766325,-0.0016935522,-0.089437835,0.053428765,-0.03929163,0.010483329,-0.052630544,0.03214145,-0.06069216,-0.05136239,-0.09254659,-0.013862419,-0.041451726,-0.10068301,-0.013812371,-0.112551704,-0.10590464,-0.049639918,-0.05203814,-0.03769424,0.023103967,0.079965085,0.13248612,-0.04119047,-0.051374123,0.054635562,-0.07231406,-0.055083767,0.057295967,0.14187014,0.12349591,0.061681516,0.07663644,0.14310999,-0.0736254,-0.05361335,0.026381508,0.017866237,-0.1203935,0.11182507,-0.014302798,-0.15254727,-0.072919175,0.07648979,-0.0320534,-0.020496592,0.12891509,-0.009573271,-0.035134256,-0.008265685,-0.14525023,0.07512353,0.044014055,-0.12734786,0.09569236,0.08447485,0.0010480912,0.057089288,0.16161166,-0.09451388,0.0030740509,0.06718308,-0.10268576,0.0019062617,0.037673023,-0.073169015,0.00015407403,0.13105345,0.16662428,-0.065827645,0.09925331,-0.050103873,0.11793467,0.031382114,0.05269119,-0.018403212,-0.06748044,-0.06899323,0.08548174,-0.095172405,-0.018242452,0.055547677,0.013557743,-0.06781316,-0.056590073,-0.01263796,-0.04533236,-0.010937373,0.024593106,-0.07680196,-0.10543836,-0.13025135,-0.111433856,0.059576567,0.08566904,0.03485155,-0.028535223,-0.048955165,-0.00055065926,-0.05961781,0.046771117,-0.05161841,0.03152713,0.00594628,0.054279935,0.04473238,-0.09713702,0.11304419,0.071264654,0.16724896,0.121512175,-0.0978735,0.0013355463,-0.036705673,-0.16850871,0.010187422,-0.0051307497,0.006247738,-0.07869764,0.0030530654,-0.03806764,-0.13753775,-0.0012922377,0.03805263,0.012919978,-0.006076319,-0.1886326,0.024165954,-0.018856566,-0.016209703,0.011009496,-0.027821803,-0.012798518,-0.011312449,-0.018018344,0.08168861,0.04483367,-0.010070931,-0.042962726,-0.082775936,0.07014213,-0.024205307,0.04426816,-0.14629874,-0.08854681,0.037020553,-0.052079212,0.025870293,0.029227402,-0.04118644,-0.022191701,-0.11027836,0.07291353,0.09366641,0.06829904,-0.043480095,0.0033790097,0.03319655,0.0044695046,0.15407641,0.06556629,-0.046537064,-0.020901255,0.010943346,0.054187667,0.03726229,-0.0814442,-0.09677058,-0.039084144,0.037886374,0.06662069,-0.035336226,0.007097544,-0.04999338,-0.03821505,0.02556126,0.025859382,0.06610772,-0.05794292,0.01427188
TCGA-E2-A56Z-01A,0.037896443,-0.10347098,0.12591323,0.061061203,-0.02039503,0.0570736,-0.012444441,0.029292071,-0.058788836,0.004542393,-0.0771224,0.078769185,0.006377377,0.13578661,0.14367811,-0.025685066,0.006474668,0.04247973,0.008837384,-0.03303722,0.006583704,0.028793333,-0.116948575,0.07340032,-0.17165075,-0.07262783,-0.17799984,-0.070781164,-0.022124788,-0.17106149,-0.061778672,-0.0055297236,-0.069114484,-0.05662571,-0.048312604,-0.1434802,0.071005285,-0.00042122157,-0.057421044,-0.12020417,0.037186258,-0.027983464,0.11654137,-0.026660316,-0.06369993,0.0023805979,-0.003848999,0.015387905,0.09741714,0.06506171,0.08384055,-0.02247065,0.095098175,-0.0051549426,-0.02962702,0.037005797,0.09811658,-0.012965413,-0.06316992,-0.03416107,0.013867589,0.045953996,-0.052322257,0.053078335,-0.040580977,-0.0018251339,0.10176381,0.05354212,-0.07949408,0.056337826,-0.08111116,0.035522968,-0.039766174,-0.24671596,0.08703333,0.0038431736,0.069818385,0.09097927,0.049074147,-0.0016540117,0.010031883,-0.034824952,-0.085985385,0.0040737563,0.030625911,-0.079439044,0.048688382,0.081935294,0.12440761,0.014142445,0.052364394,-0.04719121,0.018800968,0.10907575,0.015074966,-0.029168112,-0.013471337,0.005478738,-0.009498904,-0.09972604,-0.050860588,-0.004233069,0.042237382,-0.13835734,-0.10673854,-0.0071081985,-0.042627476,-0.12924881,0.037653606,-0.022938889,0.023855774,-0.07718258,-0.12797253,0.0850058,0.1564345,-0.023913695,-0.06139216,-0.08095757,-0.047602206,0.007188344,0.13243091,-0.075722866,0.12612666,0.025326742,-0.006712423,0.0023195525,-0.09412558,0.057478353,-0.024145585,0.073720925,0.1377013,-0.077452704,0.0112805115,-0.0029062063,-0.1433773,-0.044736724,-0.010686304,-0.036095154,-0.07143518,0.040252563,-0.040066596,-0.10591949,-0.014400105,-0.000762919,0.0038768987,-0.10622865,-0.020252394,-0.04367206,-0.06342213,-0.04974406,4.0996296e-05,0.013754909,0.06228972,0.026459396,-0.09772048,0.050038885,-0.0019999533,-0.034546133,-0.07394619,-0.07164767,-0.015190951,-0.11356947,0.07950069,-0.07467518,0.026613662,0.09836574,0.11330164,-0.04257425,-0.13514109,-0.052524075,0.014654896,0.045767132,0.054873213,0.040648643,0.03766153,-0.056752127,-0.06363481,0.05081761,-0.029881034,0.08826083,-0.059485484,-0.072323665,-0.043805726,-0.020426678,0.1478887,-0.0733393,-0.05730612,-0.009704083,-0.050000094,0.04510812,0.048549388,-0.015502666,-0.021521505,0.033958863,0.028730031,0.034113526,0.01772469,0.030619532,-0.05346415,-0.09896673
TCGA-E9-A3X8-01A,-0.08839463,-0.04448972,0.053627428,0.068266034,0.008051841,0.10006463,0.011588504,0.09422282,0.05370977,-0.020529909,0.06192295,-0.054381795,0.012806441,0.15187459,0.05788585,0.06915678,-0.069200575,0.102558605,-0.034914486,-0.051339217,-0.019451447,-0.0067378483,-0.06895833,0.04573123,0.048840456,-0.04226934,-0.08401294,0.018503778,-0.014134216,-0.067341976,-0.09563666,0.029491836,-0.11115251,-0.08087992,-0.16950889,-0.10669023,-0.12421898,0.023664989,-0.015987135,0.0016956566,0.01176604,0.08296246,0.11893915,-0.047831144,-0.04473053,0.013199117,-0.032558117,0.08144098,0.077097416,0.08905315,0.05733545,0.015029883,0.024072373,-0.03950353,-0.065631375,0.010534354,0.05087655,-0.03364221,-0.10605225,0.041616805,-0.018563427,0.009127289,-0.011662721,0.07032726,-0.11317219,-0.038612634,0.06307744,-0.0028458096,-0.08808445,0.05093169,-0.07636635,0.07734084,-0.027883837,-0.077420406,0.17749798,0.028201794,-0.0044838362,0.042636957,0.17099503,-0.03546319,-0.004300583,-0.10264889,-0.034685895,0.108382866,3.6211328e-05,-0.09377607,-0.03934719,0.093107946,0.0833698,0.026413094,0.090778254,-0.2192378,0.047074072,0.053448915,0.01862048,0.02043814,-0.07573655,-0.023993405,0.07754094,-0.080974564,-0.022978533,-0.0037057253,0.020097803,-0.062617205,-0.082189776,0.043248627,-0.03403907,-0.002269257,-0.016653236,-0.051723458,0.011213806,-0.05776891,-0.15342464,0.06927644,0.07799125,-0.0032413185,-0.022987401,-0.03829171,-0.07578136,-0.038898602,0.117371924,-0.008637102,-0.011567127,-0.044641413,0.014833603,0.07009175,0.01078557,0.12146604,-0.01652678,0.15381584,0.1559199,-0.073503405,-0.0027944327,-0.055174604,-0.17355059,-0.038131673,0.03429838,0.028436614,-0.07317374,0.029026639,-0.038931835,-0.09246757,0.041917562,0.04553592,-0.053048857,-0.02920122,-0.09271077,-0.056745246,-0.020029625,-0.016967284,0.014834956,0.0010252675,0.07496046,-0.015691236,-0.020602139,0.037744023,0.06685486,-0.024774833,-0.06935492,-0.096049584,-0.057471797,-0.070751764,0.061614588,-0.18897177,-0.08286977,0.04239032,-0.0029033239,0.027153598,-0.080397874,-0.0066407574,0.09263606,-0.13876349,0.037812997,0.09932914,0.045600865,-0.018802647,-0.016765775,0.05386141,0.05024454,0.12017951,-0.070551045,-0.06284796,-0.071618795,0.030081369,0.06591766,-0.014574402,-0.15475482,-0.033350434,-0.035868596,-0.0054923943,0.049214154,-0.040437806,-0.08862751,0.096149765,0.102528304,0.011677898,0.08558152,0.058966454,-0.031819824,0.04795717
TCGA-S3-A6ZF-01A,0.097292066,-0.0869613,0.14843364,0.055571064,-0.024256319,0.136096,-0.033260114,-0.017639365,0.024538344,-0.11103267,-0.045854706,0.006435815,0.006263576,0.090696596,0.0623765,-0.13391432,0.0936737,-0.047373265,0.06668206,-0.0076170205,0.012831196,0.012183087,0.010692094,0.021125896,-0.026957564,-0.050855506,-0.10127085,-0.009627246,0.0051987823,-0.12775445,-0.035914086,0.010460029,-0.10384437,-0.07953693,-0.12789033,-0.11802417,0.047423806,-0.06455726,0.028471611,-0.029005317,-0.031258915,0.16223353,0.13453692,-0.054855235,-0.015485058,-0.04682817,0.1098755,-0.011606122,-0.021081038,0.07212742,0.011418147,0.06791559,0.009897096,0.028341457,-0.04379507,-0.059115704,0.077117495,-0.037248615,-0.013579094,0.053730413,0.0246231,0.034430932,-0.009162606,0.0035047743,-0.13179985,-0.0902568,0.15030126,0.05199263,-0.13273379,0.018163376,-0.09002105,0.0003716546,-0.06349485,-0.16455828,0.069682546,-0.01342502,-0.0071915737,0.13432427,0.05688251,0.06713523,-0.02786779,-0.12609065,-0.008744416,-0.05492665,-0.040304523,-0.053685434,0.032869942,0.079641245,0.104284346,-0.09196137,0.038381323,-0.07780288,0.036828432,0.055808455,0.085790835,0.014720599,-0.061214767,-0.043477524,0.09638408,-0.11877728,-0.07837271,0.06365183,-0.025827097,0.016573353,-0.01638875,-0.0060944236,0.044878602,-0.068048954,0.052718103,0.010551862,-0.102047436,-0.03571366,-0.015949616,0.10364012,0.17189889,-0.036244363,-0.04230791,-0.06721066,-0.012413814,0.018116461,0.09368817,-0.08096965,-0.017155454,0.085823156,0.13042462,0.097538546,-0.017596029,0.03488279,-0.059396937,0.15541162,0.10532827,-0.04288614,0.013271186,-0.09380613,-0.15594436,0.056003604,0.04173503,-0.06130375,-0.029606633,0.060894288,0.024048168,-0.16406809,-0.015800755,0.02517607,0.04539616,0.019377392,-0.030321814,0.012860315,-0.028649079,0.037376516,0.009521551,-0.05230287,-0.015215482,0.077040136,0.01727341,-0.081887186,0.024916343,0.020484835,-0.11165665,0.00023797504,-0.034799244,-0.02184162,0.016747924,-0.15624335,0.036221035,0.034982145,0.078846104,0.049542706,0.027083796,0.07839385,-0.025698239,-0.012268985,0.07626651,0.077231854,-0.049759045,0.0064559993,-0.09349104,0.06829174,0.10823567,0.034298897,-0.055212706,0.047233827,-0.010638194,0.072279856,0.030057425,-0.09587215,-0.026286935,0.09520818,-9.778936e-05,0.05092295,0.07068138,-0.07966039,-0.10357972,0.00087428704,0.0031801923,-0.04332822,0.11804914,0.11646735,-0.008154858,-0.06920327
TCGA-GM-A3XL-01A,0.022737632,-0.019179277,0.16303419,0.09352898,0.011594858,0.031025458,-0.0105697075,0.067785345,0.023919709,0.041185636,-0.046873372,-0.051110044,0.0014748625,0.11453977,-0.002238144,0.010595337,0.053626943,0.11229789,0.034494888,-0.12586367,-0.034835894,-0.027712004,-0.03987732,0.027528813,0.027745282,0.042107917,-0.063701846,-0.065758996,0.038281854,-0.08295364,-0.13200335,0.07654557,0.016998773,-0.13072035,-0.026782341,-0.043006416,-0.030047867,-0.021070037,-0.015282976,0.026585534,0.06723043,0.038314827,0.09913473,-0.04595148,-0.029656038,0.04210683,0.044574246,-0.027328325,-0.034933504,0.091174334,-0.027783437,-0.032993507,-0.018163875,0.08545595,-0.013063661,-0.06856016,0.09244179,-0.010612077,-0.08330045,0.023840912,-0.02543478,0.01930808,-0.03963739,0.141574,0.00090236036,-0.062377594,0.116016,-0.02254741,-0.055132914,0.031419195,-0.17570707,0.10247382,-0.04543079,-0.13100837,0.15303645,0.035759784,-0.034042772,-0.06491094,0.098516315,-0.008163501,0.044216484,0.028256614,-0.010522814,0.07177344,-0.019225268,-0.0013930213,-0.033561718,0.057656076,0.13045536,-0.1073894,0.045614623,-0.048499756,0.07324501,0.0495667,0.0095659755,-0.027167883,-0.033936974,0.010200678,-0.0235547,0.0063692387,0.07064361,0.08607899,0.08712301,-0.15894465,-0.09177633,-0.0020572625,-0.018942595,-0.0072231237,0.056267735,0.05444986,0.021543778,-0.091215014,-0.08794715,0.04277313,0.17850658,-0.09642582,0.060735047,-0.037265196,-0.0004738346,-0.05955478,0.13309623,-0.028360913,0.059574164,0.10580848,0.00060092006,0.04026574,-0.0708384,0.057603218,0.06528127,0.12340891,0.08786263,-0.09947943,0.11081346,-0.13444771,-0.1354684,-0.081732474,0.035689972,-0.027327014,-0.017634448,0.02572225,0.06667902,-0.22492278,-0.033334356,0.0015970768,0.06747832,0.06430831,-0.090057865,-0.053158324,0.017910121,-0.047940586,0.09555467,0.031068996,-0.00104944,0.018823527,-0.03387359,0.119064525,0.032878637,-0.055737816,-0.12791876,0.05066772,-0.007097411,-0.027179096,0.03949769,-0.1375145,-0.08368866,-0.058856416,-0.007143864,0.02355293,-0.0683859,-0.053128373,-0.03220256,-0.05551898,0.033773333,-0.033657297,0.1005765,0.025868619,-0.055659667,0.05262091,0.07434624,0.18748097,0.06934195,-0.014201868,-0.028560126,0.025405912,-0.012017139,-0.027318325,-0.16491815,-0.07646668,-0.043517713,0.00904808,0.08613909,-0.04839255,-0.09928725,0.065329835,-0.044317484,0.023360135,0.052740015,0.04112752,-0.0109369615,0.009239978
TCGA-AR-A24X-01A,-0.0008354034,-0.09812921,0.15482058,-0.0044151545,0.0024283126,-0.015598696,0.001592075,-0.01784993,-0.0019334418,-0.002750635,0.0016355609,-0.091976024,-0.08961406,0.17740381,0.01633627,-0.03380754,-0.047178216,0.03695916,0.010419081,-0.03921434,0.01702307,-0.034774445,-0.020440262,0.030784806,-0.019030672,-0.043538626,-0.15323278,-0.025787162,0.0054347627,-0.011906413,-0.0049337395,0.05461505,-0.09578281,-0.1093355,-0.13593183,-0.0120633785,-0.053040184,-0.04413861,-0.05928213,0.023205427,-0.06307173,0.057344746,0.0924471,-0.10373485,0.03435275,-0.00802396,-0.032093197,0.062597506,0.052723557,0.036280345,0.048822165,0.014752434,-0.076046504,0.07556442,-0.04539052,-0.019689037,0.1416846,0.013158434,-0.05894546,0.03500468,-0.0033987842,-0.024344463,-0.020399725,0.1053193,-0.042346977,-0.03936242,0.14255649,-0.06941034,-0.13441834,0.026999021,-0.15895554,0.07336941,0.019666934,-0.15040779,0.14404656,-0.04296345,-0.11288744,0.005544292,0.058735307,-0.15923671,-0.0042356006,-0.035789482,0.049198892,0.09233426,0.07791034,-0.082533255,-0.04801936,0.15542778,0.10080462,-0.08170955,-0.053649943,-0.0475957,0.009289228,-0.008870267,0.068156995,-0.010887717,-0.056301173,-0.08341545,-0.020562084,0.15402628,0.016132068,0.021179514,-0.10747915,-0.07783732,0.0049737482,-0.07240978,-0.035381164,-0.08551376,0.010329877,-0.013856835,0.018173156,-0.13130099,-0.0901611,0.09219419,0.0989482,-0.062141307,0.03868207,-0.05072203,0.021785913,-0.0508554,0.15822141,-0.09926473,0.12348853,-0.009592336,0.026115479,-0.049727086,0.032473687,-0.0006414183,-0.018182645,0.07363519,0.07873925,-0.015477717,-0.04039598,-0.06897584,-0.12548119,-0.009977199,-0.13265546,-0.050176024,0.0387041,0.010098482,0.026698297,-0.09788971,-0.057246905,0.0598815,0.07341619,-0.007166052,-0.143793,0.004494617,-0.09343145,-0.067174286,-0.026994118,0.035198435,0.011864898,0.07809677,-0.033021644,0.0630516,0.06515239,-0.018325217,-0.011547762,0.008943115,0.01111195,-0.073992334,0.035652097,-0.09218359,-0.03351645,0.06498345,0.023889028,0.037022173,-0.093429685,0.05267784,0.015760235,-0.04059403,0.1062778,0.034971233,0.047827195,-0.07115949,0.044835486,0.13297407,0.121981144,0.12625062,-0.04987943,-0.037017327,-0.03748156,0.021813782,0.04766522,0.019633694,-0.14920345,-0.05648969,-0.06610623,0.048403755,0.15861224,0.02059926,-0.07897195,-0.016153153,0.018384276,-0.016052539,-0.005666829,0.089975625,0.026847152,0.026078219
TCGA-BH-A0E1-01A,-0.06258749,-0.10218237,0.1375662,0.010541547,-0.13193154,0.1145867,-0.008161269,-0.007884143,-0.06074462,-0.006454462,0.07165609,-0.00645392,-0.043487422,0.091776736,0.13957651,-0.026505895,0.069348715,0.068236694,0.08592503,-0.110111885,-0.029507926,-0.012243012,-0.0427258,0.02205731,0.014301393,-0.04138839,-0.16165332,0.017846655,-0.03952164,-0.05775628,-0.097914845,0.023561966,-0.09172634,-0.10547712,-0.11723449,-0.06876705,-0.014915026,-0.074398614,-0.08364725,0.016252032,0.044927653,0.04038963,0.015943944,-0.089021735,-0.003628008,-0.031544924,0.019548181,0.073451065,0.13628556,0.15556456,0.114928834,0.015584256,0.04936602,0.1533337,-0.09428935,0.033147972,0.056072086,-0.008140965,-0.076442145,0.03445262,0.051757924,0.021331292,-0.03541025,0.055401705,-0.0563498,0.045069292,0.08092388,0.0037851112,-0.035955884,-0.06759724,-0.1349564,0.030645523,0.026501829,-0.10451635,0.1350786,-0.030800575,-0.05873235,0.03754285,0.067867875,0.033076897,0.12644027,-0.055129692,0.040326867,0.010023156,-0.03581824,-0.023100097,-0.0011101242,0.01701907,0.11349896,-0.0062285694,-0.0021948104,-0.11145869,0.07825048,0.022610221,0.07983597,0.044007,-0.12967764,-0.017215228,-0.005413928,-0.13003379,0.022083297,0.13263412,0.08151221,-0.08077382,-0.033635497,-0.03467242,-0.028295476,-0.06803231,0.07298694,-0.11264338,0.012360013,-0.09404703,-0.06437503,0.042451862,0.0663842,-0.08670112,-0.034032263,-0.025610821,-0.07698476,0.006278985,0.10890649,-0.077310935,0.11344906,0.08723115,-0.003122786,0.021612622,-0.06662232,0.043071434,-0.010076827,0.112320185,0.069315724,-0.053555753,-0.004936251,-0.045442283,-0.20247991,-0.015074704,-0.07983916,0.0014042229,-0.051295385,0.003423234,0.011562609,-0.101367116,-0.034188602,0.0632528,-0.021429695,-0.017183397,-0.099890366,-0.09466288,0.06763655,-0.084710225,0.022495387,0.07940143,0.023978317,0.013056918,-0.022024741,-0.111450955,0.059054155,-0.10923322,-0.006688781,-0.04930631,-0.029094277,-0.025986977,0.045504656,-0.123031065,0.034527093,0.05169837,0.059216455,-0.055015203,-0.009651375,-0.058798052,-0.040181916,-0.118452266,-0.042376302,0.05292912,0.030475192,-0.046251472,-0.07126534,0.018318726,-0.03361114,0.1659251,-0.009603425,-0.06604058,-0.0121931005,-0.048097085,0.101851426,-0.07052976,-0.14192268,-0.035198346,0.001133993,-0.012048668,0.10522085,-0.016950922,0.0066420394,0.05795343,-0.082980335,0.08739495,0.03583998,0.045403294,-0.06193799,-0.027516771
TCGA-E9-A22H-01A,-0.047414746,-0.048996024,0.1187292,0.09474731,-0.0054330765,0.0127931945,0.11715124,0.05555013,-0.058925677,0.026221525,-0.04032509,0.046547003,-0.08503186,0.11099054,0.020200688,-0.023833806,0.06358129,0.13245259,0.008056557,-0.09739277,0.031857926,0.06787596,-0.068254866,0.18789597,-0.065706484,-0.01688997,-0.07122486,-0.057642654,-0.01569792,-0.093436345,-0.03946463,-0.013774036,-0.018550241,-0.1312351,-0.046147346,-0.10006907,-0.06261163,-0.02476478,0.008102889,-0.0060077095,-0.016564645,0.09561851,0.014404016,-0.1312365,-0.031044716,-0.049635153,0.052700855,0.050836623,-0.056125388,0.07531767,0.050440762,0.08854893,0.058913346,0.08232116,0.05030497,-0.039806854,0.06658039,-0.0067600063,0.017221402,-0.00755061,-0.051362813,-0.060752116,-0.08886674,0.034187667,0.012921237,-0.05341828,0.122293,-0.05800224,-0.081095494,-0.058169816,-0.19084321,0.10551343,-0.048852477,-0.259393,0.13809651,0.029751286,-0.041473895,0.007597271,0.10938633,-0.032308936,-0.006618505,0.084247984,-0.020023763,-0.028258177,-0.032567237,-0.01433574,0.0019070352,0.051435396,0.10754422,-0.009161229,0.01032224,-0.0693199,0.004132213,0.011390859,0.026607946,0.041266657,-0.04558587,0.00078040385,-0.037015274,0.03934661,0.023792831,0.040426224,-0.12472862,-0.15839097,-0.04077845,-0.03140671,-0.021874309,-0.10196865,0.052358795,0.04448635,-0.17438576,-0.015415118,-0.09366702,0.07912411,0.017027678,-0.01079527,0.07557474,-0.009386951,0.04550174,-0.033663932,0.18956347,-0.10882541,0.11076165,0.060787942,0.024673589,0.0388965,-0.05677378,0.0395891,0.07521231,0.13515447,-0.0021999392,0.026240414,-0.03591417,0.00798216,-0.10386447,0.008745001,-0.02014447,-0.09356199,-0.10513595,0.0027919132,0.018122245,-0.17476274,-0.01811286,-0.029717552,-0.022918351,-0.02934715,-0.05632649,-0.058973413,-0.043746058,-0.060534857,0.0054649906,-0.023603613,-0.059978276,-0.03882349,0.040984146,0.033852085,0.041374728,-0.06818078,0.0018652285,-0.041574385,-0.002289483,-0.07420269,0.0419283,-0.15240735,-0.023417896,0.08112566,0.11625273,-0.009029277,-0.0093645565,-0.020188231,0.057728417,-0.08130934,0.0070694913,0.036495227,0.08435717,-0.05498945,-0.07093886,0.050775345,0.055868667,0.1670374,-0.011765912,-0.010205989,-0.09347089,0.08296871,0.092939585,-0.029563691,-0.06976633,-0.05737902,-0.07011144,0.0026760737,0.014059603,-0.012093272,-0.04347944,-0.015756676,-0.02533441,0.0709242,0.05758085,0.083077215,-0.061307088,-0.065771595
TCGA-EW-A1PB-01A,-0.05714607,-0.14453761,0.11674826,0.097996324,0.022799859,0.12618655,0.0021706594,0.024742251,-0.04578039,0.086971976,-0.01924761,0.040080246,0.02491994,0.095918275,0.010023884,-0.013207213,0.0040062666,0.115114935,0.0072531393,-0.13079928,0.021318257,-0.039177246,-0.08029361,0.058824066,-0.08439705,0.023483897,-0.08328205,0.0055486704,-0.073996216,-0.051201027,-0.062388428,0.023858441,-0.012876021,-0.063080736,-0.017049408,-0.18316095,-0.008845192,0.078827,-0.021647995,-0.050960727,-0.12403947,0.13693437,0.06268016,-0.063330196,-0.07437788,0.048500825,0.092909634,-0.02656662,0.026474837,0.14344026,0.04564252,0.017526057,0.066705264,0.0013261714,0.09246726,0.009902303,0.08025224,-0.06707185,-0.05523726,0.05318448,0.07716216,-0.05160867,-0.029293323,0.06293864,-0.077096574,0.03780576,0.10519742,0.016220586,-0.031876978,0.01604221,-0.08363412,0.0718252,0.035995904,-0.141957,0.11490362,0.014524248,0.034622658,-0.01964545,0.024798572,0.022161458,0.021733847,-0.07172455,0.0016036564,0.00059727253,-0.011958557,-0.026789572,-0.047572706,0.08724106,0.13559207,-0.061158653,-0.031497583,-0.09587123,0.0622101,0.026641143,0.10281803,0.013450973,0.0046793805,-0.046291813,0.03940371,-0.06432103,-0.107345395,0.07442547,-0.04716062,-0.15088232,-0.07154175,-0.0077834446,0.01879249,-0.05678732,0.05565998,0.041584242,-0.15564065,-0.08869548,-0.021023963,0.06489676,0.13708685,-0.022443011,0.010251695,-0.09988708,0.059476398,0.07099847,0.15570284,-0.03882064,0.024870127,-0.0037464793,0.08122522,-0.041839365,-0.097145766,-0.01884428,-0.08844176,0.118984096,0.12253037,-0.15317221,-0.0015542712,-0.06410572,-0.13559262,-0.057283632,-0.03659434,0.0054193283,-0.0099518625,-0.000999047,0.040398665,-0.17375731,-0.01432258,0.083476275,0.0005832094,0.025845602,-0.04407813,-0.030963458,0.04222518,-0.007520993,-0.025981769,0.07461567,-0.031920608,-0.003717051,-0.040188365,0.116661064,-0.004467192,0.041059747,-0.009741742,0.020912366,0.019443141,0.0045043486,0.056652404,-0.10907615,0.039297853,0.026212847,0.06314671,0.079079814,-0.03755616,-0.10934129,-0.06108583,-0.09906357,0.038785316,0.0988481,0.014906168,-0.063749686,-0.01056267,0.035582658,0.06645194,0.22473054,0.03876664,-0.09852008,-0.092035435,0.05858663,0.017383384,-0.07405431,-0.083185874,-0.013867929,-0.069901794,-0.036425907,0.053889412,0.036190655,-0.079248846,0.07095219,-0.023909656,0.08251153,-0.030627169,0.02366986,0.04573761,-0.04382547
TCGA-BH-A0B5-01A,-0.08286231,0.07818877,0.17803386,0.106567636,-0.036498398,0.07298506,0.01964576,-0.008084059,-0.011585955,0.061961737,0.0021855717,-0.0353853,-0.008418938,0.1315174,0.10221482,-0.09803911,-0.034891125,-0.016819026,0.075243324,-0.15063107,-0.07811878,-0.054341123,-0.032146823,0.1512692,0.09368882,-0.068445064,-0.22461627,-0.04811925,0.02557245,-0.07731055,-0.045845646,-0.045931302,-0.021517498,-0.08438759,-0.13729674,-0.112400785,0.0102344025,0.0040078904,-0.014032069,-0.041403756,-0.02059059,0.11200199,0.14734933,-0.101076186,-0.019224305,-0.09896308,0.053871397,0.06450945,0.0029104338,0.044112053,0.12051209,0.045734692,0.061837927,0.09317771,-0.06347598,0.030642884,-0.005297522,-0.072248116,-0.014953363,0.035569966,0.05492257,0.006841315,-0.043514565,0.035113692,-0.11353158,-0.020214962,0.15883787,0.015996678,-0.08027589,0.034450013,-0.0655017,0.018857013,-0.0010189528,-0.113347575,0.06217187,-0.051552124,-0.049812064,-0.009484181,0.067343324,-0.100045584,-0.07889865,0.0195933,-0.018379081,0.027694669,-0.044598967,-0.14518204,0.0068056253,0.06380104,0.12390034,0.028180394,0.10268095,-0.11245437,0.05322071,0.12898801,0.09881764,-0.0048596454,-0.05463511,-0.055875562,-0.008628258,-0.11605265,0.03132966,0.11099724,-5.4574437e-05,-0.065590575,-0.041702557,0.061829537,-0.06198381,-0.14062877,0.041008834,-0.010096593,0.033731084,-0.041969236,-0.10690591,0.08525472,0.09022756,-0.012522646,0.12396507,-0.039965402,-0.092193216,-0.13644017,0.10570832,-0.095819026,0.06985172,-0.010289937,-0.0038903935,0.0280965,-0.13456932,0.036520444,0.03937325,0.04967669,0.047789674,-0.059295546,-0.022274703,-0.030132147,-0.13019527,-0.03752674,-0.058506157,-0.052030783,0.026783377,0.0037148322,-0.058436003,-0.09556369,-0.0008526683,-0.07662027,0.013412098,-0.013303536,-0.08289567,0.068823546,-0.081464685,-0.028017305,-0.03466591,-0.031488277,-0.017428908,0.038388263,-0.042861186,0.09093886,0.005350728,-0.08312011,-0.031245664,-0.015456078,-0.018266324,-0.043915503,-0.0077998163,-0.08235389,-0.015408145,-0.002821098,0.094292775,-0.03418626,-0.0602937,-0.012796433,-0.016309943,-0.03122842,-0.04417249,0.060904678,0.055645164,-0.019281473,-0.060366124,0.08766118,0.11775834,0.080147825,-0.014648479,0.0151969455,-0.07716561,0.00012949084,0.051608924,-0.097834155,-0.05997968,0.04043737,0.04382104,0.10062428,0.007308573,-0.0844072,0.019862719,-0.024741346,0.024770582,-0.055375766,0.10048634,0.03920431,-0.04411118,-0.016015392
TCGA-OL-A66N-01A,-0.034602445,0.03203354,0.104014054,0.11707679,0.0016677736,0.12976027,-0.03499465,0.020739447,-0.038044136,-0.001809016,0.037298795,-0.07436883,-0.0042970246,0.13962448,0.14676008,-0.0349424,-0.0203176,0.09141614,0.001466181,-0.09726293,-0.075869404,0.00042184346,-0.04453823,0.09418676,0.029401932,-0.061343137,-0.16318022,-0.13480458,0.0028968006,-0.078690186,-0.023463659,-0.074962236,-0.11055684,-0.15766105,-0.07741114,-0.13852803,0.023751529,0.0068618855,-0.0036991558,-0.0025753358,-0.03573939,0.10286548,0.10203125,-0.08054371,-0.040865757,0.0078085526,-0.019872962,0.00413974,0.050519194,0.15349305,0.106557354,0.024018142,0.02224226,0.017197048,-0.12773894,-0.010970572,0.053848714,0.04876961,-0.084288076,0.08060298,0.061059244,-0.05572217,-0.109987006,-0.0148137,-0.089731015,-0.033169754,0.09857137,0.06154896,-0.1026338,-0.017798323,-0.11934385,0.00032479168,-0.019731293,-0.14720634,0.09821888,0.07675997,0.0303619,0.036308546,0.11143169,0.038855072,-0.030699447,-0.016351214,0.050530948,0.023304159,-0.00047883173,0.017453197,-0.053935215,0.14339507,0.13430212,0.035073314,0.105888255,-0.023847459,0.03873971,0.07075263,0.021103794,-0.0067610336,-0.055811703,0.01848234,0.04331273,-0.014294612,-0.059479687,0.056767635,0.05307812,-0.04837137,0.036423344,-0.014268119,0.04027415,-0.14002311,0.11724208,0.03630477,-0.026712041,-0.101714306,-0.11685217,0.06065649,0.15595978,-0.0963964,0.010839709,-0.07296788,-0.0895886,0.0071029253,0.06327281,-0.11434448,-0.005119172,-0.040507205,-0.0013228928,0.0045472127,-0.06835196,0.06649236,-0.033309136,0.13414161,0.09123434,-0.09505138,-0.04154927,-0.08673296,-0.17839533,0.021772094,-0.09188271,0.012284922,-0.015703449,-0.043055244,-0.05920178,-0.035509184,-0.0690729,-0.018206127,-0.0153034935,0.04728939,-0.058017846,0.008412026,0.014262688,0.057527795,0.012634881,-0.049676858,0.057440028,0.016506879,-0.057124242,0.04793351,0.002343047,-0.002996314,-0.015169979,-0.068167195,0.039870996,-0.083543785,0.111687556,-0.1086443,0.05970739,0.0009113611,-0.034398906,-0.012225149,-0.037137385,-0.024941953,-0.082989626,-0.065223165,0.057419762,0.063780464,0.09001265,-0.031253457,-0.14613679,0.013674641,0.1170995,0.08274314,-0.036308378,0.0144495135,-0.079506785,0.06564,-0.020454982,-0.032891057,-0.1513948,0.011632229,-0.009452644,0.059669096,0.052612316,0.024112292,-0.06748364,0.02894836,-0.03057453,-0.005071197,0.004710548,-0.045401752,-0.0774229,0.042976428
TCGA-AR-A251-01A,0.052074887,0.052816622,0.11922482,0.02385403,0.044394616,0.10943129,0.020837117,0.04150923,0.020578153,0.06437764,-0.029858232,-0.08832131,0.028543588,0.16926001,0.06574307,-0.09089863,-0.05609789,0.052149683,0.12442907,-0.10251618,-0.051036116,-0.06355111,-0.04730341,0.11501556,-0.09551447,-0.0013483317,-0.100537606,-0.04391595,-0.048058394,0.07547582,-0.031347796,0.040416222,-0.100010544,-0.098979965,-0.03482497,-0.14154685,0.047815476,-0.011146281,0.06915902,-0.024082199,-0.076071635,0.15195973,0.124270566,-0.07903891,-0.059114963,-0.06903256,0.060819395,0.06750195,0.05099823,0.10707788,0.04719181,0.02035991,0.032854665,0.036270477,0.0040079155,0.016418625,0.07511764,-0.03329957,-0.11507743,-0.03504906,0.0026508807,-0.005955058,-0.07215499,0.15941647,-0.06298884,-0.016987583,0.069367185,0.011641659,-0.122839235,-0.038073137,-0.0022666252,0.027011422,-0.017117027,-0.101842225,0.097411335,0.00030910608,-0.043241553,0.03439314,0.105527446,0.086326405,-0.07566357,-0.04072649,-0.04410517,0.040616818,0.03171924,-0.0434395,0.07285678,0.14409779,-0.011877492,-0.050915416,0.012880331,-0.09306393,-0.030248325,0.06344091,0.04170888,0.06427702,-0.022733305,0.056320883,0.104125574,0.04306981,-0.034534182,0.09843446,0.012513868,-0.090206504,-0.09288832,0.077933855,-0.03747953,-0.09755854,0.076956116,0.015744109,-0.15731962,-0.10683234,-0.024656435,0.04806079,0.13351212,0.029942274,-0.037278645,-0.06689751,0.023644641,0.015744686,0.07433034,-0.03967082,0.052089717,0.06789827,0.10783415,-0.014664448,-0.009271583,0.02340039,-0.054379992,0.1379343,0.12808684,-0.105311856,0.03093589,-0.051623,-0.23359093,-0.047644164,0.011806087,-0.013844891,-0.016211063,0.011257837,0.10264752,-0.1574535,-0.010915572,0.060758658,0.01629902,0.018949611,-0.046076313,0.045877527,0.008503733,-0.04112664,0.02552567,0.0008290863,0.047684055,0.039904263,-0.04912811,0.062846005,0.07485203,-0.04194267,-0.03935654,-0.049078457,-0.116711,0.010768867,-0.0033818255,-0.10152107,0.021289265,0.019141825,-0.029597376,0.0030707114,-0.02492893,-0.042699076,-0.08126996,-0.089163125,0.019058768,0.019056197,0.071626395,-0.033747185,-0.13520338,0.087333374,0.06518126,0.13486943,0.016213661,-0.031675607,-0.068072654,0.07745563,0.0287525,-0.07508508,-0.024218323,-0.09920491,-0.0062330686,-0.0049889027,0.08161129,-0.043541964,-0.0177783,0.112699635,-0.01477251,0.05323507,0.1035776,-0.051965892,-0.021556295,-0.044333685
TCGA-S3-A6ZH-01A,-0.076468304,-0.07750664,0.09552334,0.064891905,0.00293219,0.0015309703,-0.02078461,0.027072547,-0.032662172,-0.03924972,-0.04473871,0.013113055,-0.09289282,0.15589888,0.031103931,-0.020689653,-0.04300098,-0.0016217005,-0.0059134094,0.071386606,-0.104183674,0.017169436,-0.13759309,0.07559829,0.023241863,-0.0051160846,-0.15515126,-0.046095807,0.05036336,-0.13137375,-0.02804067,-0.017378531,-0.12948537,-0.10475865,-0.13892949,-0.20612988,0.0047037476,0.06807805,-0.13495572,-0.017869364,-0.03229877,0.08336808,0.09675446,-0.0981296,-0.074113935,-0.12487194,0.043660074,0.021263154,-0.053227857,0.06288414,-0.026960613,0.11999631,0.04442516,0.04183307,0.01637787,-0.059429087,0.06486339,-0.050408106,-0.076323874,0.035148013,0.07618719,-0.041409194,-0.0917602,0.07566096,-0.023085926,-0.05031748,0.073629335,-0.027333245,-0.0077398764,-0.012391436,-0.2424819,0.008642793,0.025266644,-0.14069904,0.08152894,0.060490865,-0.08025107,0.029385734,0.036613382,0.012913148,-0.014222086,0.007914044,-0.07958058,0.08694532,-0.013577488,-0.12892158,-0.02728243,0.06314933,0.10117443,0.08064262,0.0707282,-0.08117515,0.11009495,0.04309384,0.0973849,-0.04497946,-0.072568625,0.004634896,0.01681375,0.014134411,-0.05540763,0.11769733,0.0115473755,-0.07283149,-0.122190826,0.019724637,-0.03857583,-0.11347753,0.03650203,0.07907821,-0.14050923,-0.13028847,-0.06488424,0.047325764,0.07117081,0.0011724045,0.030566098,0.023460213,-0.024185676,-0.102029674,0.072346084,-0.06680617,0.06393465,-0.037684362,-0.0020812703,0.026092121,-0.05736796,0.007642738,0.021112518,0.013998358,0.017866,-0.08656317,-0.08186759,0.0006006249,-0.143789,-0.012251381,0.016275007,-0.08250601,-0.035737526,0.009494101,-0.023890726,-0.044055764,-0.05794748,0.02156511,-0.039296806,-0.019372962,-0.0716667,-0.020825412,-0.080226235,0.043872908,0.030417046,0.067236334,0.0025023895,0.050006904,-0.008716844,0.024711154,0.044349644,-0.030638592,-0.064443134,0.00028423642,-0.027234951,-0.05978209,0.0037908682,-0.15269598,-0.0358745,0.04282631,0.035831656,-0.055078547,-0.035909522,0.0073661385,0.014130469,-0.003653387,0.0032860062,0.042130467,-0.03085989,-0.16435973,-0.08668928,-0.023316646,0.0970011,0.053148337,-0.08535364,-0.045002904,0.023232985,0.051825754,0.008870402,-0.06882978,-0.05192112,-0.101057485,-0.012063978,0.031971324,0.09108801,-0.03394853,-0.1450616,0.12333206,-0.0071184863,0.035250556,0.06550734,0.14280118,-0.03461852,-0.0021785835
TCGA-BH-A1EN-01A,0.015583215,0.0074752467,0.10717538,0.11486203,-0.021290427,0.06145709,-0.04445742,0.0298088,0.022358852,0.11798537,0.024975497,-0.04561874,-0.027299995,0.1254858,0.15270363,-0.04030507,-0.010312407,-0.017388472,0.101841174,-0.14628978,-0.19787216,0.045670208,-0.02981281,0.011468207,-0.081507936,0.0023323833,-0.12568606,-0.11579714,-0.004397121,-0.10058405,-0.08076103,-0.016063472,-0.12707628,-0.105515264,-0.09120415,-0.09839362,0.025728602,-0.10730248,-0.0868511,-0.00814685,0.059775848,0.09300405,0.15484504,-0.043500908,-0.03288216,0.0017382434,0.004595607,0.032237615,0.006793974,0.054316383,0.02481688,0.07874983,-0.016647115,0.011414792,-0.027554076,0.0308775,0.048169177,0.07454972,-0.18122497,0.046229616,-0.0072145434,0.022590607,-0.09566944,0.055576254,-0.13345635,-0.07238799,0.13653244,0.062225062,-0.030733263,-0.012637078,-0.1503043,0.045941383,0.015928898,-0.086970024,0.110346936,0.038316615,-0.016870607,-0.058365542,0.030726045,-0.024954848,0.006714947,0.052335396,0.009303311,-0.013294353,-0.034966853,-0.11225724,-0.033588998,0.11150407,0.051644593,0.0050239265,0.07348001,-0.085264355,0.06463103,0.047874168,0.01801973,-0.033017475,-0.12720846,0.051506665,0.061828762,-0.029886432,0.021173276,0.1540013,0.050944272,-0.15782554,-0.012853502,-0.06574834,-0.07658485,-0.10815353,0.023421468,-0.06426694,-0.016005373,-0.0785802,0.022217125,0.09340509,0.10817246,-0.053871207,-0.061396956,-0.0996722,-0.113154925,-0.0151291955,0.10186773,-0.05738593,0.008121973,-0.03210945,-0.0028342817,0.076351255,-0.06165714,0.04863093,-0.10154252,0.066761255,0.14373818,-0.09818071,0.057068333,-0.053943403,-0.17740463,-0.032674924,-0.04908169,0.041311555,-0.066862635,-0.021882873,0.0030275765,-0.122372076,0.026720608,-0.041120846,0.0618254,-0.03862973,-0.10439332,0.034532316,-0.06506395,0.00134892,-0.021531159,-0.0036808362,0.06609637,0.041773587,-0.028112203,0.014990373,0.024630096,-0.040474664,0.045741875,-0.03245548,0.01589817,-0.077176794,0.07109547,-0.14516723,0.017286574,-0.03748033,0.06509964,0.018818367,0.068301074,-0.040484533,-0.011794017,-0.035322323,-0.005015511,-0.0012562067,0.0012477202,-0.11301158,-0.10456341,0.0067469967,0.06506944,0.076954864,-0.039149906,-0.05328362,0.031234374,-0.0064234445,-0.056397792,-0.10727726,-0.044950318,0.026430367,0.037253834,0.017341679,0.06552717,-0.022311399,-0.05453189,0.07095322,-0.008500862,-0.049406484,0.050111752,-0.058784403,-0.029579023,0.0034325407
TCGA-A2-A3Y0-01A,0.013054071,-0.09340406,0.122304566,0.012771804,-0.019076081,0.108341895,-0.056331508,-0.010447272,0.005642946,0.031233553,0.04063062,0.06114773,-0.03304031,0.0820876,0.07974039,-0.07717002,-0.018862806,0.047162767,0.069392234,-0.048126627,-0.08116581,0.018196642,-0.04219148,0.043921858,-0.07745352,-0.030796872,-0.1152852,-0.020718692,-0.019791078,0.015019626,-0.07387053,0.021718781,-0.09996844,-0.027992148,-0.06997739,-0.09198796,0.04450339,-0.02047646,-0.015812557,-0.09068495,0.044669643,0.046126366,0.015706249,-0.08788356,-0.04961677,-0.06960048,0.017796688,0.08874518,0.03438723,0.112527795,-0.015752364,0.064616,-0.014895742,0.087933086,-0.005919627,-0.045943886,0.09842442,0.03771867,-0.06938597,-0.014739503,0.0384275,0.023192532,-0.025254102,0.14125913,-0.077787,-0.056445412,0.06500427,-0.0885932,-0.060091995,-0.07302401,-0.12781334,-0.01814441,0.044945184,-0.13545153,0.079945736,0.0037188432,-0.072449654,0.07863818,0.050053556,0.05844188,0.0017421957,0.044404473,-0.037395485,-0.050643332,-0.082472555,-0.11946687,0.0016437855,0.06844278,0.095514596,-0.11017021,0.07585016,-0.11516636,0.012533608,0.0883025,0.07780026,-0.06488557,-0.07940752,-0.07337995,0.06569227,0.050485596,0.030310621,0.03975037,0.023062494,-0.050847717,-0.047140423,0.024847355,-0.054437023,-0.08424378,0.02661244,-0.014169927,-0.007246487,-0.08873072,0.015736764,0.112595424,0.092310324,0.035995632,0.01368554,-0.030112734,0.0478168,0.091309786,0.23143898,-0.10716513,0.08035102,-0.01920275,0.019789308,0.0071300813,-0.04723409,0.06709484,0.06156734,0.077326395,-0.016502256,0.023176312,-0.012696451,-0.07055138,-0.16683535,-0.06662992,-0.022813862,0.001923366,0.0055218656,0.04707337,0.023269638,-0.1819597,-0.044026013,0.07909167,-0.02013541,-0.053902946,-0.1467721,-0.00075401383,-0.09195601,-0.035300378,0.08014316,0.13117933,-0.066100076,0.06699382,-0.059335127,0.08287859,0.05512762,-0.07014022,-0.09727746,0.016838007,0.007954714,-0.022111138,0.038094133,-0.17682023,-0.06868094,0.06557859,0.10927614,0.036871884,0.014812637,-0.09869178,0.02874315,-0.06384383,0.03379269,-0.031152617,0.0336681,-0.02817157,-0.0569762,0.015816651,0.07259174,0.19344634,-0.12870301,-0.06681036,0.024202403,-0.032242037,0.025661327,-0.04587904,-0.07149666,-0.10992582,-0.0846754,0.049205337,0.117621206,-0.059650917,-0.12462929,0.04864817,0.0335392,0.06230831,0.11083192,0.035428166,-0.03423902,-0.022323417
TCGA-AC-A5EH-01A,-0.044542853,-0.035354387,0.13949756,0.05820612,0.023661362,0.067059994,0.11822841,0.0403694,-0.029245658,-0.029106932,0.07174479,0.008274627,-0.015157792,0.14715002,0.2177971,-0.02975841,0.02988645,0.06097515,0.044422217,-0.022002678,-0.033305705,-0.1326577,-0.09727711,0.08894689,-0.009737266,-0.061292283,-0.19755623,-0.041111927,0.0011656621,0.008011855,-0.042886414,-0.022236954,-0.111682825,-0.13557114,-0.12782715,-0.15253213,0.0011018902,0.014330191,0.0068010767,-0.09034263,-0.019645914,0.11087635,0.09649801,-0.016871158,-0.026842272,-0.036865678,-0.033789657,-0.0056629283,0.05788105,0.005895327,0.14955568,-0.051037975,-0.033437826,-0.00037119363,-0.109621175,-0.0047303746,0.06738659,0.0078050536,0.00069960166,0.017483482,0.03571593,0.010963493,-0.029751135,0.09814309,-0.03385702,-0.11339778,0.11307512,0.007072911,-0.027206635,0.01134328,-0.11114049,0.025065845,0.019640297,-0.18775962,0.14091206,0.08255766,0.04783238,0.09917795,0.07133199,0.002130866,-0.033576056,-0.019357553,0.06303976,0.04261364,-0.05066053,-0.038634934,-0.017740188,0.1651513,0.10900258,0.034343205,0.092868365,-0.08169381,0.09606775,-0.005524141,0.066023745,-0.025408508,-0.079201214,0.052151956,0.10180268,-0.06352505,0.019239832,0.021697497,-0.024222724,-0.07771153,-0.03268329,-0.0020539765,-0.07789658,-0.06437212,-0.023172557,-0.01944067,0.04671087,-0.055533614,-0.0559324,0.12125632,0.1338051,0.0085381465,-0.03036023,-0.006097919,-0.15764424,-0.013304545,0.08585923,-0.09594639,0.0772876,-0.07459729,0.07259018,-0.029365236,-0.0302141,0.018730925,-0.078057535,0.068644814,0.09583014,-0.0011981502,-0.07488523,0.023632716,-0.13076518,0.035069633,0.012542352,-0.10193667,-0.088286676,-0.017580649,-0.023375547,-0.07337163,-0.06568798,0.008940757,0.021829257,0.0069921426,-0.046685595,0.026929557,-0.096531235,-0.041939516,0.0025510304,-0.05868235,0.041478127,0.08701668,-0.12084949,-0.06521247,0.074257985,0.034719966,-0.02496633,-0.07410345,-0.014672764,-0.031193376,0.06404658,-0.07016367,-0.050033633,0.040873013,0.085445784,-0.010053205,-0.12882538,-0.044823647,0.025420494,-0.02789939,0.06438965,0.013983516,0.099143654,-0.041667838,-0.052508257,0.08275078,0.06743102,0.023237366,-0.04630559,-0.06204346,-0.08261677,0.07570289,-0.0065073567,0.046194956,-0.089571774,-0.05758836,-0.07032254,0.076664455,0.043346554,-0.037848417,-0.08762464,0.057464037,-0.029487377,-0.016423522,0.015015013,0.10741159,-0.030851724,0.0021174343
TCGA-E9-A1NF-01A,0.009910827,-0.036043514,0.11870907,0.025305394,-0.07569422,-0.023208134,0.036125008,0.05216861,-0.049298875,0.04034753,0.03731086,0.05840877,-0.03601237,0.10183152,0.046975814,-0.15208341,0.02001749,0.1388742,0.03341926,-0.016793659,-0.10258231,0.029416965,-0.051493872,-0.010092887,0.018095082,0.023368465,-0.04437239,-0.055042073,-0.0038832524,-0.030200105,-0.030409053,-0.07005164,0.035815686,-0.15034819,-0.17998327,-0.04048714,-0.08964697,-0.05731757,-0.094373226,0.046566915,0.09436712,0.04071683,0.13769811,-0.098785,-0.054160442,-0.0038584922,-0.011305593,-0.020171283,0.09903439,0.074493326,-0.001574965,0.0748025,0.020550262,-0.017855622,-0.0081200935,-0.048294898,0.028435996,0.012970629,-0.01405546,0.070802934,-0.01416956,0.01638901,-0.05375987,0.026052903,-0.024906524,-0.055883255,0.07210814,0.05034465,-0.066477545,-0.047630094,-0.13290106,0.046683732,-0.009348015,-0.1493224,0.15890464,0.026885966,0.040798005,0.013569904,0.07410187,0.0061143376,0.09867037,-0.05868196,0.05257346,0.063280575,-0.022211783,-0.13361396,-0.054671526,0.004947461,0.11464501,0.010705948,0.060752295,-0.08001542,0.01804657,0.024302775,0.07919039,0.053335465,-0.13477597,-0.0549912,0.0114328135,-0.18200634,0.007119713,0.021721449,0.06742191,-0.06977644,-0.032990344,-0.005666801,-0.058282834,-0.20448714,-0.019177446,0.0070582493,-0.10376483,-0.091678075,-0.083347015,0.030831484,0.03982538,-0.030627308,-0.018498307,-0.009727641,-0.01622602,0.01989738,0.0423905,-0.042289212,0.02142459,0.03685019,-0.035680145,-0.04010997,-0.18299787,0.0217483,0.056309957,0.11733995,0.07565507,-0.03939743,0.0030294359,-0.101143286,-0.20121017,0.0072661163,0.009543023,-0.106063835,-0.03444776,0.10448682,0.009925957,-0.10003155,-0.022909151,0.07572446,-0.0009872235,-0.040386394,-0.042063028,-0.05476431,-0.029233921,-0.09225844,0.022043217,0.0024033294,0.07247886,0.03372273,-0.08786815,-0.07377166,-0.04345375,-0.16862811,-0.06857528,0.013561933,0.025804594,-0.055783648,0.11217266,-0.1456889,-0.006989406,0.09724297,0.073781505,0.045512713,-0.039099853,-0.06843057,-0.0053950706,0.00586424,-0.010997912,0.03026736,0.021497522,-0.061423827,-0.11736085,-0.008008496,0.068097554,0.16428931,-0.031255838,-0.09638785,-0.04413265,0.0670551,-0.023098323,-0.050755374,-0.0889266,-0.024808148,-0.0014202333,-0.00056098704,0.10168578,-0.15029356,-0.047373872,0.061927713,-0.046444107,-0.019905776,0.03457871,-0.025130205,-0.02400292,0.0139833195
TCGA-E9-A1R2-01A,0.0025671863,-0.004496595,0.10019923,0.09192456,0.017162872,0.027827254,0.008523639,0.053526778,-0.032519788,0.050189983,0.037976682,-0.02618755,-0.031282082,0.19042167,0.17324305,-0.04661465,0.02523287,0.09091682,0.020658644,-0.040197525,-0.031786263,-0.09903814,-0.04757277,-0.018676935,0.05711223,-0.11120551,-0.20295487,-0.03256008,-0.06392553,-0.02038411,-0.03320797,0.06969537,-0.13053672,-0.11798276,-0.025700469,-0.026559032,-0.034086775,-0.0804266,0.054143287,-0.10451859,-0.06420862,0.07182094,0.026323032,-0.0700909,-0.0107080005,-0.061800405,0.053303175,0.05705287,-0.024928369,0.12240389,0.033641443,0.034667276,0.08664862,0.10326688,0.003855228,-0.0076289005,0.11705109,0.030968446,-0.05752369,-0.026782392,-0.0011876543,-0.041973475,-0.08838318,0.028602889,0.03294411,-0.059997145,0.08096163,-0.014134714,-0.07485169,0.018679362,-0.09169358,0.008124246,-0.01921637,-0.18373191,0.035087604,-0.02295203,0.011729709,-0.054545462,-0.01380182,-0.039780185,-0.04475213,-0.03393575,-0.007738279,-0.029196339,0.015576909,-0.020375593,-0.060903877,0.0736032,0.07312939,-0.0529316,0.03224466,-0.10788297,0.10056956,-0.010140427,0.082921095,0.0049659316,-0.064946175,0.007973488,-0.015485691,-0.00468287,0.023935538,0.045986366,0.13005939,-0.16337648,-0.070116036,-0.02596443,-0.06400781,-0.117482156,0.029519845,0.005264248,-0.038003188,-0.11476371,-0.04122435,0.065402,0.14889826,-0.014244605,-0.017804448,-0.056861565,-0.09134195,-0.08209959,0.03437066,-0.076293945,0.09557753,0.059464615,0.0068356413,0.06229497,-0.1366484,0.029395524,0.014714186,0.14074859,0.07730673,-0.041005287,-0.050443828,-0.060980197,-0.12981471,-0.036036443,-0.09441774,0.058827568,0.016132437,-0.060783867,-0.036919773,-0.18776219,0.03970725,0.14792539,0.07686407,-0.010917898,-0.10611455,-0.0791546,-0.12156036,-0.10609073,-0.045656823,-0.030614797,0.027498726,0.04449373,-0.10085837,0.04468715,0.081444524,-0.02668409,-0.02445173,-0.025278507,-0.016173212,-0.003612335,0.039048024,-0.1668443,-0.009147414,-0.054983918,0.028033074,-0.018165058,0.0010350959,-0.05398389,0.06855993,-0.15508476,0.06155134,0.009316436,0.0216007,0.060185943,-0.096540846,0.09309243,0.041221235,0.13451223,-0.022609845,-0.016170893,-0.022792784,0.109865725,-0.0044846134,-0.043322515,-0.044053786,-0.016537597,-0.03537025,0.08403458,0.0805664,-0.010511624,-0.0536568,0.07777257,-0.034829244,0.0520519,-0.01090214,0.069512285,-0.030828709,0.015312831
TCGA-AR-A1AI-01A,0.06338425,0.025765322,0.15468863,-0.010327498,0.029274182,0.097841024,-0.052558664,0.041038617,0.022703495,0.04569649,-0.0017293527,-0.02669566,-0.04718245,0.1588803,0.09326532,-0.035364833,-0.0009699413,0.12830873,0.04484897,-0.05522619,-0.0035465248,-0.11783031,-0.07773281,0.10846938,-0.06410996,-0.118103884,-0.14913113,-0.06329471,0.06583004,-0.06551719,0.041318692,0.019091718,0.009318718,-0.14042829,0.005839154,-0.10497988,-0.07646478,-0.022168139,0.047090046,-0.10341917,-0.0021044186,0.06305048,0.054804437,-0.12389032,0.030382788,-0.030929193,0.0694459,0.026369281,0.0032894968,0.06395726,0.06898049,-0.01110735,0.073566906,0.040473033,0.039696578,0.020529808,0.01771381,0.036206573,-0.067230724,0.0718594,0.04570215,0.11034644,-0.035450123,0.05402986,-0.01487424,0.07866284,0.13991867,-0.0008328518,-0.086059205,0.06999739,-0.07402296,-0.010057994,0.007814375,-0.15836804,0.056332666,-0.006388308,0.01812464,0.037401196,0.04782781,0.028948886,-0.037549064,-0.014667865,-0.043816335,-0.0070453677,-0.059574388,-0.035124946,0.056643713,0.08199976,0.09674444,-0.068004556,0.09520208,-0.12993096,0.040857468,0.06769291,0.079159476,-0.014355321,-0.114007786,0.022946566,-0.037205897,-0.0657247,-0.026497558,0.055422254,-0.0050305314,-0.027195077,-0.010373621,-0.03809405,-0.07758206,-0.05366506,0.07519923,-0.04176591,-0.06740247,-0.0559757,-0.04922861,0.20002212,0.12765217,-0.030647002,0.02339796,-0.022337414,0.02696753,0.042321946,0.124574356,-0.071305916,0.13344924,0.0035949673,0.035793066,0.042480007,-0.03985403,0.029238483,0.073534966,0.11139636,0.07582361,-0.10503894,-0.100174434,-0.04154576,-0.21329536,-0.06153562,-0.0938036,0.03835372,0.09590415,0.03655961,-0.094849825,-0.1905729,-0.021315938,-0.10025954,0.016111238,0.07809861,-0.1647975,-0.05221276,-0.03527006,-0.0077869683,-0.10226212,-0.017295359,0.051599253,0.04788336,-0.024572697,0.1251811,0.09978178,-0.059190217,0.0062832446,-0.047246113,-0.027738918,-0.04522986,0.10022229,-0.042300202,-0.024344908,-0.022946848,0.06209531,0.113843225,0.0273968,-0.039926894,-0.0036963904,-0.074820325,0.03975138,0.0493926,-0.008690393,-0.037195645,-0.07262654,0.051777817,0.044830568,0.10799457,-0.08180833,-0.0032539295,-0.046890344,0.04092247,-0.039325383,-0.06612986,-0.012598889,0.02312763,-0.018631794,0.024082845,0.09863934,-0.02733428,-0.10828665,0.015039386,-0.060403123,0.020652976,0.05351906,-0.018361209,0.025733223,-0.04022267
TCGA-E9-A1R7-01A,-0.046770405,-0.011572097,0.09156473,0.064372815,-0.025620459,0.052969526,0.0380981,0.008238485,-0.030008944,0.025307767,-0.002964697,-0.0079596415,0.056391094,0.16991109,0.16138577,0.03275323,0.104512244,0.1787635,0.0025147132,-0.14974988,0.019599678,-0.019505402,0.002791456,0.093560226,-0.020262908,0.011568185,-0.04764813,-0.017185008,-0.07538027,-0.044476446,-0.04514488,0.017568208,-0.04286149,-0.22326927,-0.06842422,-0.1172781,0.08554916,-0.05683399,-0.02450662,0.0124796005,-0.079990216,0.2167016,0.07896332,-0.016460761,0.04153547,-0.02309108,0.014610557,0.051284693,-0.044793732,0.047265314,0.0023497706,-0.030390402,-0.020845085,0.044441976,-0.023628067,-0.017181676,0.15614846,-0.077986665,0.032857746,-0.046597082,0.020881992,-0.024651622,-0.11066691,0.07226243,-0.07576495,-0.070940115,0.11986016,-0.015237009,0.013857898,0.05587513,-0.11356215,0.0373462,-0.009433837,-0.20171277,0.108190425,-0.0010570809,-0.034848694,-0.02765066,0.07472458,0.038552817,0.0017910014,-0.00225493,-0.028171124,0.034823284,-0.006360596,-0.090572685,0.009859933,0.07391744,0.07654,-0.070461586,-0.013271296,0.0034465734,0.11231701,0.022561118,0.07100296,-0.0471783,-0.13350874,-0.006421007,0.050759777,-0.046859056,-0.09211478,0.13374324,0.00753212,-0.107007384,-0.08692872,0.036956657,-0.077624835,-0.14733694,0.013195703,0.025003197,-0.00026890234,-0.09985058,-0.07849501,0.11060917,0.14684123,-0.07349485,-0.046664163,-0.008191182,-0.10420617,-0.029881181,0.11627506,-0.039159853,0.074786074,-0.016306601,0.014063969,-0.052491385,0.044157345,0.055188954,-0.035031747,0.123002395,0.05013966,0.017641189,-0.00012620063,-0.05734327,-0.08803768,0.043729603,-0.08928305,0.046490625,-0.071856976,-0.034668382,-0.00057194417,-0.07985407,0.06925253,0.033101518,0.057022914,-0.07791862,-0.09676533,0.012896185,0.020526452,-0.011089605,-0.013953814,0.025812414,-0.041106485,-0.017059674,-0.042801525,-0.016255246,-0.042556673,-0.023613175,-0.0115649095,-0.075826265,-0.024209857,-0.067035265,0.038154457,-0.2142569,0.0039390344,0.09225441,0.12620078,0.050860994,-0.015070654,-0.016914235,0.0042013833,-0.004044074,0.07061592,-0.016427465,0.03910373,-0.06720619,-0.11321637,0.04319162,0.04081985,0.10119842,0.019111844,7.7772864e-05,-0.031189637,0.086868994,0.08145964,-0.063172385,-0.11903111,-0.002643221,-0.023839215,-0.010730558,-0.062869325,0.028649343,-0.051044684,-0.015117452,0.04496259,-0.022092437,0.017755471,0.13086873,-0.011197584,0.055007186
TCGA-AC-A23C-01A,-0.00762586,-0.06223263,0.08400097,0.035076424,0.004910196,0.034512945,-0.0009059469,0.12158463,-0.022753375,0.0014727919,-0.0015841245,-0.040432066,0.0195813,0.08451202,0.10439127,-0.052373223,0.014738319,0.15837818,-0.010653598,-0.1163055,-0.060842775,-0.09103884,-0.063674204,-0.04096832,0.030793805,-0.03844561,-0.09409434,0.011201179,0.0016010443,-0.049008954,-0.123610444,-0.023868436,-0.052143503,-0.10491318,-0.13799901,-0.11432065,-0.002235397,-0.03582797,-0.019926947,-0.054252006,0.11639626,0.06708927,0.07698378,-0.16415864,0.005332899,0.0045624687,-0.050197475,0.041673277,0.07096851,0.15193355,0.035682578,0.005817207,-0.013533556,0.06728829,-0.050726205,-0.08369518,0.06819522,-0.01059271,-0.030051384,0.10673032,0.075994745,0.12205175,-0.053704392,0.059203874,-0.07205231,-0.050020095,0.10861386,-0.030690726,0.0058800983,0.04018432,-0.08563498,0.08370763,-0.0031511465,-0.16452178,0.14085588,-0.008025078,0.07668819,0.09135602,0.05965453,0.0075116376,0.10334538,-0.045651376,-0.054240964,0.052872267,0.0034614492,-0.08519997,-0.016211202,-0.020209722,0.10946723,-0.047411017,0.053407982,-0.11237763,0.073823124,-0.0473554,0.08275111,0.03600713,-0.06256385,0.13295738,0.048160236,0.03643054,0.02765688,0.095064975,0.047678895,-0.046773348,-0.12144091,0.022880564,-0.0662409,0.030745605,-0.02383645,0.039103348,0.010214632,-0.022096708,-0.04229332,0.19906063,0.11903174,-0.063204005,-0.08303569,-0.022167567,0.0074035395,0.027302379,0.07770529,-0.1370427,-0.017833365,0.020720564,-8.774733e-05,-0.01242634,-0.060002062,0.07300824,0.12656978,0.068577215,0.0044465195,-0.051642004,0.009140968,-0.004221979,-0.15119356,-0.043946818,-0.08335435,0.065741844,-0.0032635971,0.10709926,0.026511542,-0.0722045,-0.07705212,-0.04267757,0.08563908,0.08374945,-0.12280997,-0.037765853,-0.077780776,-0.09525603,0.00848996,0.09876628,-0.004492954,-0.021386838,-0.0837583,0.07237109,0.060665533,-0.09198248,-0.037761323,0.0033261294,0.000706183,-0.05476297,0.07715825,-0.1359453,0.002379621,0.037250802,0.066893205,0.061462585,0.049412876,-0.104999326,0.05141825,-0.07718399,0.07932395,0.035925288,0.050334018,-0.023954976,0.010814716,-0.029068416,0.056350715,0.023554716,0.015939347,0.100635335,-0.043904126,0.061028097,0.04739881,-0.054753978,-0.124596536,-0.033901524,-0.046377312,-0.0106989965,0.16747145,-0.07023238,0.0066377204,0.019176312,-0.024343401,0.006306291,0.081971526,0.08191604,-0.010093328,0.031789143
TCGA-B6-A0RV-01A,-0.02452262,-0.03496616,0.09389017,0.037738286,0.022217847,0.09631592,-0.0029805424,-0.062215105,-0.0031056504,0.027577931,0.050528564,-0.09824443,-0.07833544,0.15347543,0.034596145,-0.040535584,-0.051697936,0.07862214,-0.011353216,-0.13837607,-0.018618416,-0.08037823,-0.028186545,0.14200123,0.08531222,-0.014465646,-0.15145345,-0.06539081,-0.090414494,-0.02783857,-0.08935712,-0.10982068,-0.11359055,-0.07853301,-0.023402764,-0.18071637,-0.011657193,0.06593419,0.055026438,0.06540319,-0.095171414,0.08942345,0.031179143,-0.115253426,0.017643884,0.059134744,-0.03289325,0.0036890886,0.046232164,0.1323271,0.1273154,0.016983652,-0.0044526756,-0.002030118,-0.011938761,0.013694931,0.10229232,0.003627981,-0.0983272,0.0007723585,0.07054257,0.009540254,-0.00823556,-0.033040047,-0.007411449,-0.01893343,0.07725442,0.028787011,-0.14312465,-0.030432368,-0.1242693,0.03592943,-0.02623755,-0.1571875,0.13628769,0.03502035,-0.008330299,0.06669773,0.029122908,-0.037702095,-0.0023748458,-0.06511706,-0.009654147,0.03789863,-0.009688703,-0.050369117,0.0039885445,0.03903762,0.12000645,0.001076859,0.09247541,-0.12642142,0.049022473,-0.012999898,0.08009825,-0.017196804,-0.10199181,0.0065539177,-0.028791722,-0.07383173,-0.038462806,0.071791954,0.06943013,-0.047282808,-0.0310063,0.021279378,0.0013534263,-0.072194345,-0.008542277,-0.035583574,-0.07420806,-0.118370004,-0.15257965,0.041583486,0.04873828,-0.012277324,0.055160522,-0.031092847,-0.06575364,-0.025319234,0.13695374,-0.14500868,0.12937596,0.022326542,0.06800742,0.05149823,-0.09620815,0.0673386,0.060651157,0.07469905,0.06400582,-0.07268383,-0.025912052,0.0017890985,-0.102663875,-0.050494835,-0.015847832,-0.023727702,-0.0055986564,0.025578035,0.03791477,-0.19395971,-0.053045187,0.018624354,-0.01983725,0.024866223,-0.07761936,0.0010611003,-0.047759354,-0.061370585,0.007894327,-0.005534908,-0.046173215,0.059924778,-0.06334494,0.09613089,0.030639905,0.052646067,-0.023497444,0.033033296,0.046390884,0.0052942107,0.07203743,-0.053700116,0.050497513,0.06818614,0.0342624,0.0097480435,-0.026954787,-0.09170134,0.031577885,-0.06241753,0.080741756,0.06674837,0.07599728,-0.029655399,-0.055972215,0.094244145,0.13057825,0.18167067,-0.03735266,-0.026250286,-0.16863945,0.0406291,0.049840216,-0.06362319,-0.12146454,-0.03677428,-0.11408272,0.06514922,0.07961681,0.056662656,0.0006367195,-0.060621392,-0.007877193,0.06969261,0.0051833303,-0.023605872,0.0038193637,-0.033735435
TCGA-LD-A7W6-01A,-0.044023372,-0.022172835,0.14801653,0.044266194,-0.07325399,0.008920699,0.021040482,0.013638406,-0.11019279,0.015934609,-0.02610162,-0.0952827,-0.11318793,0.12504825,0.15659666,-0.056193512,-0.09335965,0.030025396,-0.042340018,-0.023899546,-0.0292873,-0.052995708,-0.041549046,-0.005555052,-0.02062691,-0.076864496,-0.10315405,0.09373235,-0.02258839,-0.06246365,-0.08396246,0.04385708,-0.029037401,-0.06687111,-0.067868456,-0.12171714,-0.029558009,0.0362354,-0.023357356,-0.032606218,-0.07081868,0.023186073,0.11298687,-0.032095365,-0.12382689,0.0528206,0.10169156,0.027998041,0.086877555,0.048361048,-0.05553601,0.043007616,0.017054189,0.046153143,-0.034872096,0.00864775,0.13498606,-0.0046576783,-0.03896485,0.07368972,0.056213673,-0.0034682623,-0.05195813,0.06317168,-0.027861668,-0.08242057,0.09087212,0.0011791497,-0.044260066,0.06424029,-0.19616653,0.049009208,-0.06597907,-0.18656477,0.08894814,0.0014335687,0.027299797,0.018638311,0.09863596,-0.11721481,0.025078764,-0.035249405,0.02341876,0.06959822,0.018950135,-0.040895455,-0.050129782,0.13591628,0.1740414,-0.042328455,0.065681994,-0.051125478,0.10337667,0.008216169,0.08568852,-0.14424093,-0.0773186,-0.034241542,0.03869154,-0.09337272,0.008155758,0.011196369,0.021226615,-0.09274064,-0.08049838,0.011381085,-0.09488742,-0.061482247,0.027387599,-0.077159755,0.0011294087,-0.13113388,-0.044464536,-0.029649904,0.15175714,0.02401368,0.03788718,-0.04793619,-0.024698524,0.04901557,0.11569815,-0.11037374,0.10076769,0.083936065,0.09394755,0.04973691,0.044880025,-0.015624878,0.010008063,0.12400777,0.1317422,0.013915994,-0.043003667,0.031454805,-0.16332857,0.03138022,-0.014797254,-0.050116964,-0.0022650224,0.0110583715,0.036250684,-0.07482947,-1.3277135e-05,0.06114666,0.08611136,-0.02730844,-0.052579653,-0.04708308,-0.04467717,-0.028752789,0.040498663,-0.030899532,-0.0046923123,0.13329248,-0.13733342,-0.010454033,0.04187017,-0.033485692,-0.07962191,0.034275867,0.023471214,-0.019832272,-0.033062488,-0.15021959,-0.038887963,-0.006777648,0.036053192,-0.0028624502,0.010781164,0.007875368,-0.017462527,-0.11938054,0.009884742,-0.04197671,0.023918815,-0.03474744,-0.10359615,0.14678279,0.0101450225,0.16343156,0.00050271413,-0.08979273,-0.12192833,0.046666462,0.028774781,0.021219902,-0.07589667,0.009729566,-0.016404793,0.042016093,0.07765627,-0.019084454,0.023041645,-0.046543818,-0.015002124,-0.040069327,-0.006984523,0.020864038,-0.07307967,-0.036212668
TCGA-C8-A8HP-01A,-0.048713673,0.019187653,0.10339066,0.02456316,0.069127575,0.045416072,0.0072207334,-0.020701045,-0.09723791,-0.030072968,0.037948977,0.02250042,0.06065782,0.09201886,0.090563215,-0.07120484,0.06566457,0.0997683,-0.013619295,-0.11379042,-0.0060498845,-0.10580043,-0.05153934,0.06449255,-0.0046677534,0.0028807218,-0.06851196,-0.12349499,-0.013449481,-0.05582082,-0.14411114,-0.027440198,-0.025553845,-0.19902273,-0.11993636,-0.07930193,-0.03406014,-0.06024452,-0.040816147,0.048320524,-0.0022286307,0.016952727,0.07790387,-0.07005019,-0.009088482,-0.033198576,-0.017226687,-0.012054118,0.06028811,0.10936259,0.040718704,-0.008979459,0.028078739,-0.047597155,-0.06296847,-0.05876475,0.0764521,0.06721251,0.019338148,0.032625794,0.016202927,0.06157692,-0.10218313,0.10670389,-0.045308407,-0.08798071,0.08338325,0.008709339,-0.043248266,0.012001873,-0.11368175,0.0068781944,0.018145822,-0.15298896,0.05524618,0.0063259867,0.051363755,0.0015742619,0.15112653,-0.032849733,-0.033879798,0.038204174,0.043915305,0.122009054,-0.058052506,-0.026843274,-0.08295101,0.13210087,0.13629325,-0.041528296,0.0203383,-0.06581102,0.092480406,0.054986525,0.060223646,0.024454843,-0.04935464,0.05430766,0.01485763,-0.12682319,0.07527559,0.012940002,0.05172682,-0.05431217,0.016213268,-0.06511692,-0.06027207,-0.07234861,-0.026960526,-0.022207858,-0.05931011,-0.006995671,-0.06484278,0.08387244,0.19879124,-0.14386263,0.035888493,-0.046530724,-0.10601162,0.0013015633,0.09621087,-0.04875099,0.009164829,-0.0065805092,-0.0019889916,-0.005945951,-0.038938522,0.042627644,0.024902562,0.14256641,0.026796516,-0.044130296,0.048529003,-0.0039422363,-0.15357812,0.0007176205,-0.07319636,-0.04116382,-0.03749343,0.024547135,0.04606481,-0.21265242,0.093875274,0.03130847,0.0005245144,-0.0030581262,-0.15647084,-0.0022608684,-0.0043952516,-0.12454782,0.020326272,0.00072267116,-0.037936855,0.09659048,-0.059625596,0.034172196,0.047673684,-0.039607372,-0.045654777,0.06916906,-0.116854094,-0.021207098,0.09398241,-0.15915564,-0.117142715,0.015616071,0.09700427,-0.071674526,0.042138707,-0.05566147,-0.023071662,-0.023257481,0.010250519,-0.015843485,0.060616482,0.07418206,-0.10534161,0.14364432,0.030207276,0.062743485,-0.026913183,-0.04912917,-0.07902942,0.115244225,0.06195745,0.021777581,-0.060287908,0.035539977,-0.06960194,0.13509566,0.064353995,0.012092978,0.011930812,-0.015666572,-0.0016115909,-0.031220226,0.059895184,0.021347906,-0.008446867,-0.010575264
TCGA-A8-A0AD-01A,-0.055494852,-0.10932522,0.11094943,0.059579015,0.028502354,0.06720927,-0.05562942,-0.018696275,-0.11753155,0.08441472,0.017452376,-0.05246718,0.001152558,0.18335201,0.100894436,-0.0022426294,0.06943086,0.07694205,0.11834426,-0.10506236,-0.04933583,-0.08637854,-0.048186775,0.067922704,-0.02317083,0.031131674,-0.111803584,-0.07713535,0.07218156,-0.07408391,-0.101961024,0.0534475,-0.048596628,-0.12536727,0.019014435,-0.06147446,0.030821308,0.008578918,0.012003664,-0.021189516,-0.046683807,0.06879789,0.032210965,-0.13478501,-0.018497873,-0.03854146,0.027063055,0.065639734,0.05799032,0.06312373,0.007859929,0.083357014,-0.0046330006,0.13420819,0.020078601,0.047621682,0.07517639,-0.04791271,0.015679894,0.034044664,0.04000501,-0.0056089354,-0.07588119,0.062173143,-0.09715478,-0.03906361,0.12362163,0.00071940914,-0.10949437,-0.04921121,-0.1263935,-0.017267207,-0.017018668,-0.18215652,0.09116545,-0.020641098,-0.06971006,-0.047175616,0.07184767,0.0470666,0.027797138,-0.0436973,-0.020446375,0.042350054,0.017805899,-0.13954175,0.011134555,-0.018894883,0.13185292,-0.019504815,0.031285156,0.028936286,0.035299942,0.04582951,0.07238023,0.05016776,-0.059191395,-0.033376385,-0.00239483,0.015258313,-0.022537215,0.07657948,-0.029525265,-0.118966326,-0.08673355,-0.0655297,-0.027031856,-0.130933,0.12513278,-0.0120305745,-0.059527636,-0.042662002,-0.092021115,0.13591386,0.15484291,-0.05426326,0.020328408,0.014925981,-0.042286333,-0.020070713,0.120171554,-0.117307246,0.07786036,0.032486912,0.039899528,-0.053403992,-0.065550335,0.078375496,0.035594977,0.09995872,-0.0244997,0.0099703595,-0.002481406,-0.010070225,-0.09882198,-0.017325247,-0.07178627,0.00045747057,0.014061365,0.01195073,-0.031153588,-0.18106893,-0.065412976,0.06478412,0.005297584,0.095231935,-0.04872806,0.021376176,-0.08005665,0.0017459074,0.03166135,0.060034305,-0.022104856,-0.044305388,-0.01549999,0.08880189,0.07527852,-0.03366106,-0.036249775,0.032699913,-0.031278297,-0.06368123,-0.0146568045,-0.19241741,0.035247937,0.03758031,0.17045628,-0.09322174,-0.026065096,-0.016021982,-0.0014077659,-0.07865084,-0.06532902,-0.059938006,-0.017354982,0.0031503993,-0.099268034,0.12676966,0.09282439,0.07605249,-0.06408988,-0.01661517,-0.09971169,0.015674658,0.08604063,-0.094303034,-0.112204865,0.028277904,-0.017134918,0.0037515725,0.08763001,-0.03815585,0.054269552,-0.08917484,0.043921374,-0.009496733,0.039493605,0.080863416,-0.006440474,-0.06672604
TCGA-B6-A0X4-01A,-0.07114135,-0.027962126,0.13821775,0.03522894,-0.05206374,0.07676494,0.04254769,-0.024782164,-0.09870766,0.031229038,0.005576402,0.011113213,-0.004991447,0.11636157,0.009068957,0.010847787,0.04425604,0.04456157,-0.051068235,-0.12661928,-0.031238317,0.0105292,-0.013783204,0.06046459,-0.04785427,0.011637619,-0.13114655,0.055565692,0.006935302,-0.0846692,-0.053437207,0.0172223,-0.058738317,-0.105652794,-0.048018612,-0.20004027,-0.02983899,-0.04500606,-0.030152978,0.026497554,-0.0721915,0.06635338,0.09370539,-0.18677092,-0.056766238,0.03229427,0.05391617,-0.0663384,0.16518092,0.12699859,-0.0033621427,0.023213746,0.07430904,-0.03124874,-0.018860336,-0.05133869,0.122748375,-0.05551948,-0.023899559,0.072387494,0.024681898,0.044199195,-0.14026424,0.068539865,-0.043589946,-0.12891647,0.19151004,0.10189098,-0.06506971,-0.049558498,-0.10592468,0.032033868,-0.04191829,-0.15579772,0.102194786,0.009762234,0.0140768485,0.009020275,0.07323622,-0.018156707,0.046027046,0.015536754,-0.0001461677,-0.007834969,-0.09893158,-0.005363916,-0.009369668,0.06758439,0.049626503,0.00043610853,0.023020703,-0.01469188,0.0721351,0.0880525,0.15528105,-0.06779114,-0.062304057,0.0013052468,0.049096163,-0.19069743,0.013988977,0.05375532,0.081865385,-0.16430801,0.025717072,0.018762255,-0.071509905,-0.01735545,0.062091645,-0.01290477,-0.041279994,-0.0037769699,-0.10028733,0.041984957,0.104154386,-0.0046990737,-0.0021001154,-0.06940238,-0.04534032,0.029516436,-0.01293573,-0.07889885,0.08454422,-0.021010188,0.0455237,0.0496313,-0.018678287,0.010030771,-0.015368623,0.09669546,0.12336345,-0.05889417,-0.0021028512,0.031705357,-0.07092864,0.013386704,-0.02774682,-0.07576828,-0.016252065,-0.06363959,0.0011907198,-0.15550216,-0.07989484,0.11034936,0.06466974,-0.11825632,-0.06408272,-0.021275774,-0.013961134,-0.058235116,0.065431125,0.060560517,-0.03303549,-0.0007110064,-0.03726492,0.03373936,0.005902646,-0.084193386,-0.07801624,-0.04102721,-0.0024362453,-0.08547592,0.014765137,-0.115924075,-0.003238947,-0.0041107223,0.0926596,-0.034207184,-0.040845502,-0.038572796,-0.03073943,0.013030459,-0.039310396,-0.08355251,0.04697851,-0.009882873,-0.044056576,0.20123915,0.0649264,0.123961315,0.014204924,0.017644694,-0.02526056,-0.014068818,0.007483488,-0.07377035,-0.15275228,-0.023674455,-0.04851157,0.08256358,-0.014674859,-0.019035665,0.088623814,-0.063486814,-0.06376081,0.02562549,0.040434595,0.0714264,-0.061904375,-0.025963731
TCGA-A7-A6VY-01A,-0.061513,-0.04029761,0.13580394,0.059775833,0.038566183,-0.0023920613,-0.018329965,-0.010689037,-0.07821593,0.12294101,-0.028276516,-0.048365917,0.014465779,0.12872367,0.05109457,0.03304814,0.07828643,0.01503989,-0.03380114,-0.120884016,0.0013748065,-0.052014414,-0.03919353,0.11807394,0.024513787,0.08031361,-0.02222057,-0.004302054,0.0629032,-0.11034301,-0.0461643,0.07054587,-0.07701531,-0.10826758,-0.046514906,-0.098962285,-0.04463446,0.02735191,-0.08784947,0.011235547,-0.009311059,0.002822412,0.10614692,-0.0685768,0.009114246,0.0038563558,0.009658576,-0.025123736,0.052329816,0.13871032,0.008767773,0.046377074,-0.0040440727,0.017557858,0.003644758,-0.0221428,0.050537165,-0.029757923,-0.07824348,0.031382296,0.044941045,-0.07309144,-0.04230451,0.021294616,-0.014528762,-0.0909721,0.16116363,0.0093671195,-0.044097062,0.085826285,-0.10426357,0.059828088,-0.006925644,-0.17472182,0.09580075,0.023175122,0.015558067,0.009016136,0.113782905,-0.056266226,0.050302338,0.02431962,-0.062150493,0.12920749,-0.0553897,-0.09308288,-0.047123328,0.04664161,0.05837685,-0.04711291,0.027620666,-0.09515581,0.110762075,0.10759346,0.04774765,-0.013544513,-0.0123157995,-0.0482222,0.018838111,-0.05446423,0.008801989,0.12103273,0.05906643,-0.11426571,-0.06149451,0.084701486,-0.048685204,0.05168218,0.05186333,0.009376477,-0.070368275,-0.048256297,-0.121482626,0.120383464,0.07984262,-0.08049893,-0.020793425,-0.025448611,-0.012581394,-0.045130983,0.097343296,0.012128699,0.073446654,0.11263969,-0.04462511,0.002533491,-0.10760914,0.08944247,0.05379958,0.116156064,0.062304802,-0.051547825,-0.016758656,-0.0071414886,-0.13911751,-0.019002756,-0.02235681,0.015130644,0.07918985,0.044527072,-0.009313639,-0.055604484,-0.028753905,0.012446906,0.0023601307,-0.029871399,-0.13437824,0.009370063,0.02040027,-0.0147630945,0.039449517,-0.04223659,0.058483522,0.07147058,-0.075193,0.042534422,0.008317371,-0.07219803,-0.11067903,-0.0031413885,-0.04051204,-0.1503997,0.08945091,-0.14595728,0.03859158,0.07822251,0.08123998,0.09774682,-0.02334163,0.03630946,-0.027818207,-0.060043316,0.027029788,0.021411339,0.008949885,-0.08034051,-0.08386023,0.16201866,0.022386275,0.16571616,0.04461584,0.040018972,-0.0073027085,0.041031547,0.10216075,-0.02708535,-0.13640228,0.008884573,0.018154113,-0.0009847528,0.26942432,-0.12049816,-0.06427244,0.01928454,0.00019763624,-0.03359273,-0.0652444,-0.0018548085,0.016360842,-0.0063033476
TCGA-C8-A26V-01A,-0.06720067,-0.03382335,0.05483281,-0.0344503,-0.016673733,0.103542954,-0.047673978,-0.008693339,-0.052344233,-0.048390713,-0.01828428,-0.0211104,-0.06286918,0.106750414,0.06867445,-0.1423496,-0.012397773,-0.008144849,0.031770933,-0.12854886,-0.024380364,0.0007162259,-0.021705534,0.086988285,0.04894444,-0.04136134,-0.171736,-0.004758301,-0.00029264842,-0.052969117,-0.012304475,0.059287746,-0.09413731,-0.09089616,-0.17249316,-0.1889255,0.008527587,-0.02884104,-0.026310382,-0.0051811337,0.0037396816,0.026805747,0.07848423,0.0012314233,-0.010533737,0.032707017,-0.018456748,0.023818439,0.09641664,0.051522676,-0.06900677,0.041624323,-0.068432085,0.0634744,-0.0042784875,0.011334356,0.107328355,0.068008125,-0.12836567,0.04756283,0.060385995,-0.11215959,-0.060578693,0.035057664,-0.11652186,-0.050486304,0.1289173,0.05428899,-0.026911637,-0.024971249,-0.13379039,0.013675233,-0.0021872802,-0.17982578,0.12192711,-0.01939727,-0.041238576,0.03155276,0.028457547,-0.0075926925,-0.02205282,0.027809912,0.11547478,0.06251114,-0.078999884,-0.11695575,-0.08503289,0.03538077,0.12513453,-0.031450316,0.006822584,-0.14540686,0.0073162927,0.0437716,0.032168917,-0.05958568,-0.06343107,-0.0040383353,-0.058169246,0.0015717294,-0.03980682,0.07395002,0.04603959,-0.089506075,-0.17630623,0.0030733896,-0.053404722,-0.15716185,-0.020739254,-0.054868005,0.026368361,-0.07370806,-0.1201968,0.1221192,0.11831817,0.008395162,0.039878342,-0.12234974,-0.04688105,0.014759811,0.13522752,-0.08795216,0.022870207,0.061367407,-0.0011524792,0.086146146,-0.027485335,0.03619176,-0.048047107,0.084832594,0.121471755,0.001771756,0.10665838,0.015752863,-0.15797745,0.012986872,0.048230346,0.048788026,0.008648943,-0.04909481,-0.082715996,-0.1653515,-0.0075454204,0.044094227,0.054917313,-0.07790218,-0.04204753,0.0013404619,0.033447366,-0.03478049,-0.0011915964,0.027081588,-0.03608312,0.06386899,-0.049905095,-0.04506667,-0.00030207794,-0.047586843,-0.05843236,0.015725594,-0.041590355,-0.05743655,-0.047517806,-0.11115656,-0.0117876455,-0.037636682,0.0487642,-0.054437175,-0.072570086,0.0026204484,0.012210581,0.046099808,0.073713385,-0.00586054,0.13461576,-0.012418056,-0.061942805,0.076191954,0.12461345,0.061107133,-0.05682063,-0.059554674,-0.10126071,0.070624314,0.06323766,-0.06183456,-0.096574605,-0.022326676,0.091077596,0.0130607085,0.10320855,-0.0036653022,-0.0081707435,-0.0150272865,0.0044718813,0.07056562,0.035007436,0.07554556,-0.051112093,-0.023092847
TCGA-3C-AALI-01A,-0.03205036,-0.048024483,0.027046416,0.036412686,0.005931859,0.037729662,-0.017248398,0.066867344,0.080797225,0.03780765,0.0056565534,-0.03076171,0.03371113,0.07827472,0.004247072,0.0017121225,-0.01285753,0.071714446,0.024395803,-0.06076456,-0.051253784,0.035902377,-0.02317013,0.037836205,-0.062676705,-0.08043935,-0.1635598,-0.01353871,-0.015232657,-0.11552247,-0.007199235,0.05469612,-0.07333042,-0.032901265,0.024346318,-0.060452808,-0.039463103,-0.02711851,-0.0973185,-0.06563362,0.09768483,0.09033214,0.05501917,-0.0108951675,-0.038792275,-0.058049694,-0.012576335,0.04848557,-0.10778975,0.20070097,0.06497895,0.071704365,0.04839615,0.093318164,-0.090011545,-0.021031708,0.042088382,0.011523201,-0.15015705,-0.036422532,0.015337485,-0.012390349,-0.0046521816,0.11433193,-0.0018290122,0.00805169,0.12942134,-0.008447552,-0.039618634,-0.0027627428,-0.13585204,0.11830964,-0.049419034,-0.08483492,0.08005221,0.008626258,-0.036316816,0.026891168,0.08902679,-0.053388387,0.10267978,0.0004953965,-0.008491801,0.021369928,-0.076693766,-0.12554218,-0.001124044,0.11530627,0.16297847,-0.04447183,0.069880955,-0.07633113,0.02186627,0.15735884,0.18851307,-0.037500903,-0.0820543,0.03349016,0.059867516,-0.06956596,-0.08345854,0.10328886,-0.03227647,-0.027817799,-0.02820623,0.0009294861,-0.018161321,-0.025285127,-0.008079899,-0.050356418,-0.053187314,-0.14562415,-0.09619957,0.04504354,0.05411953,-0.016628847,-0.038218066,-0.11419439,-0.121571206,0.06249176,0.14527859,-0.034030814,-0.07131296,-0.0055898004,-0.027230421,0.02313476,-0.062914856,0.19020654,0.03003814,0.038824968,0.05894505,0.0067990683,0.07606648,-0.11066598,-0.19499399,0.056188993,-0.023060089,-0.031757608,-0.09606475,0.011284067,-0.048507553,-0.11062746,0.008279534,0.014426175,-0.015974248,-0.033718426,-0.09093378,-0.102900825,-0.0042077596,-0.11503876,-0.04006419,0.16402043,0.1279613,0.03462151,-0.023176739,0.014267457,0.04755178,-0.11510269,-0.042731743,-0.0313853,0.09485665,-0.060250934,0.034045037,-0.1176398,-0.031159518,-0.0032384377,-0.0057167853,-0.01917053,-0.054565445,-0.06622529,0.026807819,-0.016558584,0.047686577,0.042554922,-0.050998207,-0.090631254,-0.076868996,0.053025406,0.07067138,0.14970905,-0.018073682,-0.005322338,0.06227942,-0.031852223,0.0022562994,0.013146837,-0.029964214,-0.07009495,-0.029473023,0.012790395,0.03613664,-0.06423656,-0.016959885,-0.01487152,-0.0044467673,0.05938669,0.111002795,0.08471973,-0.012275262,0.018599378
TCGA-AN-A0XO-01A,0.034155745,-0.012198215,0.13114129,0.08114389,-0.046924155,0.023665866,-0.031407245,-0.06173005,-0.0247326,0.048833482,0.038213886,0.08607012,0.028880851,0.08657578,0.10400483,0.068595044,0.07285184,0.03633125,0.03913316,-0.061056547,-0.037259664,-0.0014517102,-0.11473203,0.059584893,-0.0021739732,-0.06276822,-0.058703754,-0.09455907,0.050445493,-0.064729266,-0.0054987543,0.017437892,-0.14378583,-0.17962082,-0.08371162,-0.10048847,-0.11922324,-0.08734233,-0.07366669,-0.010396238,-0.07821297,0.10684775,0.001676123,-0.07030428,-0.04481492,0.014439757,0.08302891,0.092227414,0.050452314,0.1725458,0.06799158,-0.030188655,0.07667862,0.053595833,-0.059245363,0.005152383,0.07654134,-0.06548482,-0.055838123,-0.068752035,0.017174786,0.0104901595,-0.14815305,0.059174586,-0.06627414,0.0008929044,0.12236757,-0.015307707,-0.11834242,0.006013384,-0.12817156,-0.008129344,-0.060754273,-0.07645152,0.027173243,-0.010442956,-0.06393495,-0.007454268,0.11769117,0.04685141,-0.03540686,-0.11276985,0.015873833,0.07932092,-0.041945413,-0.09240612,-0.037091784,0.01218812,-0.05668784,-0.12420472,0.021086475,-0.09718879,0.06706016,0.080526955,0.110707216,-0.04785611,0.0077319187,-0.052413225,-0.0026122443,-0.035712495,0.062388074,0.10336375,-0.01441574,-0.14144215,-0.057636105,0.002563032,-0.07393043,-0.08374515,0.10253393,-0.012868179,0.0030259173,-0.051068377,-0.009358758,0.025559818,0.059693687,0.008567768,-0.09376928,-0.015580953,-0.04781368,0.014468981,0.15869725,-0.1281122,0.018440818,0.117354214,0.098563045,0.014395755,-0.06438772,0.06518094,-0.056421112,0.13161258,0.037178952,-0.11134048,-0.015859574,0.028899686,-0.16113223,0.013785386,-0.063422024,0.02580997,-0.009411646,0.038637277,0.07789475,-0.087215714,-0.031704236,0.032452174,0.06171919,-0.032168135,-0.17228433,-0.036410216,-0.03360389,-0.036076043,0.020196363,-0.027441423,0.016861428,-0.0047771186,-0.04910415,0.022915518,-0.03113534,0.011993259,-0.064316556,-0.042591557,-0.05869323,-0.034716766,0.033138514,-0.18427442,-0.035734642,0.05122681,0.013851373,0.042610396,0.017318977,0.00826877,0.04961896,-0.095979385,-0.10977165,-0.040483736,0.061619617,-0.121777914,-0.022654707,0.08901824,-0.012431783,0.1735752,-0.0044751475,-0.047004912,0.019026872,0.052105736,0.0334896,-0.057018574,0.025618538,-0.052413873,-0.009609966,0.06370053,0.098322414,-0.02943445,-0.028361784,0.00568774,0.007047313,0.107991405,0.070186734,0.098254666,-0.059256896,-0.03648567
TCGA-A1-A0SJ-01A,0.014480541,-0.0022611725,0.07373956,-0.01932341,-0.018849777,-0.01966183,-0.083667964,0.02978128,0.019133063,0.11220133,0.044761993,0.08231549,-0.07014453,0.09616544,0.05518358,-0.098149106,0.04673139,0.05205567,0.0054558855,-0.08924228,-0.028658306,-0.011570173,-0.03611963,0.0620653,-0.036405083,0.0028076246,-0.12591739,0.036750134,0.052788507,-0.0116791455,-0.12295991,-0.05904966,-0.06312263,-0.15776949,-0.14805439,-0.06858131,-0.007518391,0.0072628115,0.002872954,0.010599113,-0.04736997,0.113634154,0.12977538,-0.017146457,-0.028384544,0.0150469,0.07423655,-0.05448546,0.021348605,0.12873128,0.051253967,0.0012451039,-0.0055649886,0.042426538,-0.003385207,0.06202089,0.09707266,-0.015661426,-0.03339023,0.021299453,0.010444001,-0.0879523,-0.050110154,0.025548609,-0.056235988,-0.019465404,0.12825684,-0.04651756,0.0037902342,0.02193892,-0.14507875,0.06258974,0.00787673,-0.052287742,0.11643008,0.030030444,-0.096567966,-0.037895784,0.12373161,-0.00021381993,0.056709908,-0.012746696,-0.046464097,0.071952105,-0.062525205,-0.051890463,-0.029039105,0.17268465,0.11211863,-0.013655834,0.0023958765,0.019539014,0.09803739,0.022031829,0.07346316,0.019203447,-0.059969895,0.008301813,0.039628457,-0.028049469,0.036486693,0.05917303,-0.0148481345,-0.067360215,0.07157433,-0.04930063,-0.12751727,-0.15078971,0.006096512,0.038836133,-0.08521707,-0.15536317,-0.09290802,0.017909441,0.11028906,-0.027127756,0.047148116,-0.07136224,-0.10652551,-0.019811245,0.13175467,-0.051482588,0.09917204,0.0046570897,0.067924984,-0.053709842,-0.10142589,0.0893348,-0.09949038,0.0802117,-0.017154697,-0.08121443,-0.05378097,-0.050532278,-0.13480362,-0.014063218,0.005333112,-0.04869316,0.006679864,0.05820843,0.004179406,-0.10877176,0.014804474,0.07698825,0.047576502,0.017373016,-0.043711744,-0.057589356,-0.05707371,-0.044690575,-0.01680961,0.013354443,0.02489917,0.09964316,-0.08246559,0.019542044,0.10184687,-0.101717934,-0.12693584,-0.09887846,0.012662281,0.017229984,0.08100808,-0.018204171,-0.11212123,0.084486455,-0.0023564573,-0.016364865,-0.060285237,-0.0068310993,0.0141573865,-0.1312579,0.048993304,-0.03289689,0.017835522,-0.1340592,-0.008027032,0.09145183,0.014633828,0.12898868,0.074700885,-0.11680216,-0.011863898,0.052970175,-0.0018218827,-0.019958077,-0.1653178,-0.0029395067,-0.09223128,0.106911875,-0.024898047,-0.16597226,-0.09293379,0.036232762,-0.0009221559,-0.09042561,0.07665881,0.03573496,0.069847494,0.024739925
TCGA-BH-A0BC-01A,-0.104903184,-0.057123948,0.074081525,0.030485144,0.037062984,0.050150227,-0.031215608,0.01137281,-0.029117823,-0.0452221,-0.04488566,-0.043694083,0.0380048,0.1743026,0.05980206,-0.039597422,0.001392808,0.04992259,-0.045329567,-0.14156616,-0.03161999,-0.09408496,-0.026364233,0.11914488,0.0007962774,-0.030930912,-0.0918343,-0.052334074,-0.05942247,-0.023658024,-0.058807086,-0.007080713,-0.052278724,-0.18798454,-0.080055915,-0.12980105,-0.0026126003,-0.05864972,0.041878987,-0.020859165,-0.013809017,0.07716081,0.03216801,-0.089442335,0.04026987,0.022027621,-0.04800132,-0.024223179,-0.016478693,0.121320255,0.131501,0.013379567,0.055860095,0.06605928,0.032209605,-0.020939264,0.04227591,0.019042589,-0.057339013,0.022387547,0.09380613,0.06327365,-0.019659765,0.06211738,0.05450626,0.02479883,0.15385997,-0.09830874,-0.07982225,-0.011725268,-0.14578864,0.028953478,-0.024708075,-0.18620566,0.07919506,0.010673283,0.056077346,0.0147700645,0.09789867,-0.08529469,0.032780632,-0.08211426,0.052477468,0.0467795,-0.032008313,-0.038128287,-0.050082844,0.026532656,0.051362637,-0.1017673,0.007070285,-0.17143044,0.051594768,0.06371292,0.1076036,-0.0046657547,-0.062569536,-0.052666884,-0.005370801,-0.10632015,-0.05658039,0.07626234,-0.028849123,-0.11424289,-0.044679258,0.061303914,-0.032680888,-0.072962485,-0.04875842,0.0027829183,-0.07397554,-0.1436811,-0.112146676,0.14663796,0.028544428,-0.03663772,-0.06546552,-0.016416028,-0.031946234,-0.043192044,0.15794718,-0.04809594,0.07273649,-0.00443278,0.12564188,0.07407779,-0.121486604,0.03103389,0.071154185,0.11497126,0.046600096,-0.06641361,0.023165,-0.060422055,-0.051558826,-0.005123435,-0.03162395,-0.05612892,0.0020967473,0.023332087,0.036498636,-0.23777544,-0.07537652,0.09622152,0.08901188,-0.06453078,-0.10804643,-0.05491155,-0.034121457,-0.11456326,0.007170643,0.026348928,-0.0108394995,-0.011948683,0.030910369,0.11482313,0.012418485,-0.08313344,-0.10084773,-0.06779154,-0.048727438,0.0022552214,0.005467514,-0.06346747,-0.025231631,0.041307602,0.039742023,0.08387825,-0.008477282,-0.0436739,-0.016685912,-0.05227695,0.033571288,-0.029383447,0.007379416,0.035571717,-0.07587171,0.09749105,0.06484485,0.06934349,0.01084692,-0.05766526,0.028175365,0.03734241,0.0053893654,-0.04079415,-0.06287959,-0.057944085,-0.0014411721,0.008967379,0.15477261,0.013852449,-0.064840585,-0.07322897,-0.06710074,0.036346093,0.1266655,0.011270955,0.00067607895,-0.028361592
TCGA-E9-A6HE-01A,-0.011849111,-0.054330982,0.068018615,0.06326398,0.0021328472,0.08540706,0.035765935,0.02674148,-0.08085905,0.0151246935,0.02575495,0.0740285,-0.03424869,0.17101817,0.07756875,0.044360526,0.05236882,-0.021103906,0.009287015,-0.045868214,-0.09093327,-0.023762522,-0.017337002,0.1259627,-0.06833632,-0.05175712,-0.10709438,-0.08396795,0.0064634914,-0.10316625,-0.07156149,0.08972316,-0.030103968,-0.12753703,-0.095831774,-0.017568545,-0.0028180245,-0.1237101,-0.046767786,-0.05082691,-0.051095843,0.14030384,0.15160123,-0.022400148,0.023968175,-0.02582101,0.09026603,0.028990744,0.12088313,0.15550554,0.044622082,0.0053824964,-0.018480662,0.1063105,0.0029890968,0.04707496,0.079462,0.070645235,-0.05927276,-0.054208316,-0.027772484,0.11154674,-0.015200766,0.03587372,0.03927096,-0.11726828,0.12050719,0.011691144,0.00051142595,-0.021014053,-0.09347387,-0.025405133,-0.07285982,-0.1490026,0.16643104,-0.008077622,-0.00865785,-0.0304861,0.10286442,0.03472064,-0.014557638,-0.01856527,-0.08646687,0.046451088,-0.05596098,-0.030569475,-0.024768567,0.102383755,0.010897365,0.019443862,-0.029873094,-0.039379284,0.08704753,0.014735189,0.114789315,-0.06485188,-0.027747067,-0.06463578,0.050653853,0.0081749195,-0.07823299,0.04474245,-0.025420344,-0.087515004,0.08481376,-0.07854026,-0.016344914,-0.1466293,0.009488585,-0.04167972,-0.043960273,-0.052745186,-0.040118404,0.11417367,0.06353403,-0.034860853,-0.028762588,-0.06258622,-0.0017686362,-0.020489728,0.13984448,-0.05031652,-0.023912897,0.05830107,0.037898194,-0.033294283,-0.027854666,0.103497356,-0.008127611,0.10201639,0.10156927,0.02496967,-0.0267593,-0.025724903,-0.16277218,-0.04226825,-0.05309504,0.03704652,-0.08201688,0.013529042,-0.065137684,-0.17347072,-0.016705975,0.08015008,-0.022390867,-0.12042608,-0.058548477,0.07069362,-0.026897728,-0.08606904,-0.03836162,0.04756402,-0.006332907,0.07216764,0.072666466,-0.0313965,0.059997495,-0.040059276,-0.0016157766,0.0052863816,-0.07434226,-0.05655447,0.04588317,-0.17584422,-0.045622356,0.049928624,0.10296484,-0.0027569584,0.052826487,-0.07209231,-0.039462563,-0.11071324,-0.02411986,0.04650234,-0.019851297,-0.05466795,-0.08058316,0.16557576,0.040186483,0.17540856,-0.07192847,0.049470175,-0.00041256903,0.06682274,0.004379419,0.0062908763,-0.102527894,-0.027983472,-0.06026618,-0.009551396,-0.004896727,0.0378155,-0.064650245,0.032068603,-0.026523465,-0.017310072,0.11601822,0.043882437,-0.09375218,-0.008566604
TCGA-D8-A1XC-01A,0.03797692,-0.056651972,0.03341653,0.030816799,-0.04909848,-0.024926113,-0.03490265,-0.063011646,-0.06547215,0.0032625124,-0.04978707,-0.04246303,-0.02597725,0.10540345,0.072126575,-0.069784805,-0.0058958153,0.10581486,-0.058914885,-0.09270024,0.029588167,0.025963807,-0.061803415,0.11670977,-0.059687834,-0.01483934,-0.116045624,0.027806735,-0.012536855,-0.077669404,-0.01784307,0.021522947,-0.07521033,-0.10504668,-0.03070417,-0.102425255,-0.0831454,-0.037698943,-0.090854436,0.0030299197,-0.041328326,0.03554432,0.016270045,-0.14129147,0.04551197,-0.018726127,-0.03803452,0.026690198,-0.000114939816,0.16446115,0.040084247,0.01776097,-0.045227405,0.06393934,0.011280613,0.015528994,0.041105833,-0.04401751,-0.1579951,-0.0052971006,0.066953465,-0.05536572,0.012449376,0.06492918,-0.032080736,-0.0104654115,0.13076591,0.03769559,-0.114676386,-0.041637644,-0.10523474,-0.028712563,0.11021643,-0.13727924,0.0947956,-0.15017726,-0.099773325,-0.02563523,0.1390367,-0.090212785,-0.020617671,-0.07887169,-0.06302648,0.009711189,-0.0059886514,-0.03149879,0.0024332255,0.01044843,0.07204191,-0.075042255,0.031471856,-0.06472394,0.10130745,-0.007960417,0.1375373,-0.091458865,-0.051596455,-0.020800766,0.006037736,0.09459701,-0.057397082,0.06657407,0.07767396,-0.11896511,-0.14871597,0.0058088116,-0.11192379,-0.047565203,-0.0033880346,-0.027875518,-0.06869434,-0.11934802,-0.07800969,0.11015915,0.056305975,-0.05261177,-0.10305989,-0.049177244,0.053500958,0.037256278,0.06545277,-0.13438192,0.03720967,0.006672597,-0.01205951,0.14322789,-0.04718217,-0.004628664,0.022087317,0.115815334,0.12042739,-0.08768764,0.031781536,0.0059263054,-0.07670265,-0.040044792,-0.078297935,-0.011600958,0.03425339,0.06572896,-0.069723554,-0.09303962,0.05725231,-0.020227017,0.064624436,-0.019175338,-0.102948494,-0.05067074,-0.0240242,-0.052894276,0.053978346,0.026997505,0.05576349,-0.030024769,-0.007072952,0.15138607,0.030573733,-0.0817882,-0.066640005,-0.049918793,0.019757463,-0.08868125,0.029277727,-0.15071334,-0.025029454,0.034377523,0.11228191,0.123746835,-0.026008245,-0.046027794,0.017948635,-0.08045442,-0.028376168,0.006902265,0.030449567,-0.072453685,-0.013513831,0.08095439,0.08835001,0.13895924,-0.033055536,-0.028624034,-0.1111315,-0.030713972,0.0055074356,-0.058362,-0.15957321,-0.031959567,0.029448299,0.036634978,0.088922955,-0.05406867,-0.08323393,0.053009395,0.07128139,-0.018573465,0.0102355415,0.10899354,0.06525363,0.007032316
TCGA-EW-A6SB-01A,-0.025629958,-0.07231021,0.08122742,0.038129814,0.12100937,0.090999156,-0.008425697,0.15019245,-0.11451314,-0.0061069992,-0.06432784,0.038980007,0.014248586,0.12700847,0.13199386,-0.015801948,0.02090453,0.12492287,0.024962626,-0.11878901,0.04459181,-0.053724453,0.0379081,0.13055171,-0.035182886,-0.0104839085,-0.07120146,-0.07085072,-0.0076007554,-0.07775019,-0.11217678,-0.0406697,-0.11400796,-0.099970944,0.017246155,-0.08626484,-0.06361496,-0.023016168,-0.13360736,-0.059411548,-0.066106796,0.05546871,0.055865694,-0.081008814,0.019483678,0.011116218,0.03184376,0.07563768,0.046607234,0.12697771,0.062481962,0.09404963,0.086987846,-0.06800931,0.04825984,-0.026585905,0.0516154,-0.045284145,-0.038147688,0.027269175,-0.0038032723,0.023875823,-0.040885642,0.008275001,-0.048275795,-0.01341866,0.07554438,-0.09569116,-0.05761267,0.09430324,-0.119857326,0.063306615,-0.033183444,-0.2007726,0.023531789,-0.0026807538,0.034912627,-0.03153613,0.038836088,0.0038061799,0.05706251,-0.084893316,-0.019903772,-0.040027216,-0.06201899,-0.072492845,-0.056016393,0.09693214,0.11635938,-0.06470271,-0.009626281,-0.078310214,0.06632767,-0.0021036372,0.0005793519,0.009204874,-0.11296338,-0.004599789,0.13620088,0.014003529,0.019364068,0.077470265,0.02543553,-0.08901268,-0.021154445,-0.07277145,-0.025747221,-0.0028001398,0.04125675,0.075322874,-0.072018765,-0.050498076,-0.08345497,0.12602103,0.09732804,-0.046187516,0.025081372,0.00022803793,-0.013730491,0.010441123,0.1815653,0.0009207322,0.09651208,-0.036666322,0.07152049,0.005570457,-0.080496795,-0.023363983,-0.09717298,0.14639796,0.10449037,-0.11952477,-0.018220443,-0.085623845,-0.14898145,0.01948953,-0.05983408,-0.114527956,-0.058315527,-0.041396197,-0.011843802,-0.039571177,-0.033366878,0.029067002,0.024618657,0.045442563,-0.079935625,-0.012788407,-0.022845855,-0.0074481494,0.092434295,0.047539208,0.08591764,0.011243402,-0.14939544,0.03399275,0.096110225,0.03450216,-0.08957371,-0.107591465,-0.014388579,-0.026630059,0.09004198,-0.12366551,-0.052790456,0.11330629,0.108320914,-0.038496207,-0.03455747,-0.05430761,0.061058663,-0.0447463,0.06828237,0.051834185,0.037765555,-0.02615385,-0.03055297,0.042050544,0.069802485,0.13353065,0.0114534125,0.060426254,0.052305948,0.05970967,0.006580227,-0.058850102,-0.09078493,0.009419347,-0.10320857,-0.017736718,0.079252094,-0.08182664,-0.07464659,0.028883763,0.009157259,-0.002413303,0.04499573,0.009953973,0.019351555,-0.060593355
TCGA-A2-A25C-01A,0.02177188,-0.085651055,0.14939311,0.05073766,-0.014649231,0.11312905,0.020165293,0.007205781,-0.13664693,0.06247918,0.033697568,-0.023046508,-0.012043183,0.059322108,0.016190832,-0.13459657,0.013947537,0.049104355,-0.017950332,-0.0897053,-0.15322787,-0.02175753,-0.078826554,0.11604626,0.04384861,0.010745254,-0.071110584,-0.020122703,-0.048472416,-0.111847594,0.008435164,-0.025340186,-0.06419805,-0.09795077,-0.107449725,-0.14407839,-0.098955326,-0.065912515,-0.107634604,0.04282007,0.048068635,0.10087133,0.062479112,-0.030623512,0.0108128805,-0.034651633,0.019613083,0.0424855,0.056018267,0.14075443,0.07591179,0.004011907,0.10540835,0.18429545,-0.06487472,0.047873292,0.090267494,0.015464355,-0.08801925,0.0259293,0.03991714,0.017876523,0.061806485,-0.00088216626,0.06929084,-0.019681793,0.12089137,-0.08518334,-0.097596966,-0.008222133,-0.11051427,0.04404696,0.10314554,-0.14733203,0.12811585,-0.05899656,-0.0058945096,0.01804691,0.04562669,-0.037554454,-0.046544123,-0.078805715,-0.05669002,0.062036857,0.019101625,-0.09100029,-0.02438432,0.077082,0.11116358,0.038161043,-0.014699094,-0.12437882,0.10046288,0.03052807,0.09364372,-0.05407034,-0.046071153,0.0025323057,0.04289009,-0.036564868,-0.013115307,0.05839389,-0.0068592234,-0.1168074,-0.019015187,-0.006196089,-0.0705072,-0.05321348,0.023258684,-0.05517905,-0.050076663,-0.16016504,-0.07080567,0.13589151,0.08481712,-0.030564953,-0.032402664,-0.06213059,-0.013310595,0.031473804,0.008471445,-0.056036726,-0.0300925,0.049646806,0.0028159197,0.009103626,-0.06343042,0.06798912,0.028013425,0.085249454,0.14089549,-0.007568262,-0.006778782,-0.009478911,-0.17458217,-0.03511002,-0.087208904,-0.07567037,-0.007520931,0.1053067,-0.024902984,-0.13145326,-0.0026444655,-0.018227661,0.07257747,0.06588661,-0.041416753,0.018809415,-0.08285012,-0.08938358,-0.09927607,-0.0024035366,-0.03500508,0.067825,0.04149081,0.00059167075,0.020140449,-0.12030139,-0.092722304,-0.045544405,-0.012007615,-0.007547259,0.045537166,-0.06472769,-0.028636245,0.027198104,0.08053206,0.07691239,0.07911366,-0.014177139,0.002049065,-0.111775644,-0.04463658,0.12501657,0.092552476,-0.022247318,0.057012267,-0.0547572,0.07435389,0.11634101,-0.012691488,-0.082857884,-0.058884922,0.043583535,0.057640165,-0.004557849,-0.1200456,-0.011328659,-0.015038026,-0.008553534,0.055399872,-0.014129792,-0.10340545,-0.021114359,0.017755188,-0.02058901,0.0413116,0.09561073,-0.078799844,-0.03410999
TCGA-E9-A244-01A,0.020003553,0.043430418,0.09296993,0.035570256,0.03072884,0.014486857,0.0032881293,0.05065616,-0.040783104,-0.07047441,-0.07391931,-0.053209726,0.01012634,0.1370121,0.13474068,-0.043099713,0.0667893,0.08304627,0.049726233,-0.0688191,-0.033098,-0.18361276,-0.09776478,0.0421759,0.009673338,-0.08353822,-0.15889588,-0.03449654,-0.048525184,-0.08726969,-0.012385148,-0.070497744,-0.04747351,-0.149635,-0.020076742,-0.0775717,-0.04674717,-0.0074858433,-0.07885494,-0.10087593,0.022400877,0.029239975,0.07229903,-0.08988161,-0.05127612,-0.05046939,0.07792896,0.0329656,0.0051617166,0.15194291,0.007978413,0.07841603,0.12682913,0.09184911,0.0055623157,-0.039414458,0.03840596,-0.038501676,-0.08636202,-0.009446504,-0.025084507,0.039404742,-0.054872654,0.067740954,-0.032814745,0.020966059,0.1647386,-0.047705453,-0.109152064,-0.048386984,0.0152536025,0.12175656,-0.00019799187,-0.10212218,0.02149249,0.014849538,-0.0660049,0.028547186,0.06412858,0.009165952,-0.040043324,-0.040350005,-0.043133516,0.019687362,-0.0024589724,-0.056003638,0.013786692,0.08702981,0.059203204,-0.06852595,0.11542909,-0.18556666,0.062429614,0.054357436,0.053475168,-0.04915651,-0.08910102,-0.06992886,0.0998977,-0.11887849,0.040023178,0.12048315,-0.012533028,-0.14093138,-0.056270353,-0.044419315,-0.07733647,-0.038989503,0.00659824,0.069761686,0.12268372,-0.013802048,-0.10909343,0.109618455,0.090742104,0.022812817,0.013972265,0.008590155,-0.08891467,-0.07253789,0.059629317,-0.05013032,0.034732968,0.066670224,0.0139931915,0.03943141,-0.06807088,0.06127842,0.10036845,0.11726311,0.09144783,-0.047668014,0.016176745,-0.014365311,-0.11298039,-0.015270057,-0.0030452423,-0.088126615,-0.05033617,0.03369853,0.04953561,-0.16530518,-0.038944088,0.0389279,0.0052105957,-0.05979303,-0.11217856,0.048045143,-0.059668373,-0.08024674,-0.04766039,0.011231053,0.16102147,0.018596824,-0.08500409,0.07226252,0.057248127,-0.065532014,-0.07124633,-0.048482977,-0.058277532,0.015665207,-0.0060539893,-0.12146549,-0.028877314,-0.01030234,0.06175096,0.057316974,-0.01622664,0.03289898,0.035842903,-0.1080549,-0.024078384,-0.009546855,0.0075098844,-0.022006445,-0.010248822,0.10048599,0.14024554,0.062157474,-0.10351623,0.03794804,0.020863619,0.021389518,-0.00637905,-0.04309294,0.008146361,-0.046263576,-0.020753542,-0.014180987,0.07751985,-0.12525792,-0.024147134,0.008585611,-0.024004495,0.03284902,0.15103285,0.031394854,-0.08576178,0.005212147
TCGA-BH-A0DI-01A,-0.122507155,-0.066939436,0.08621411,0.010080994,-0.037004348,0.08891946,0.008415965,0.037743133,-0.072049454,-0.03449477,-0.039396316,-0.05006769,0.06500177,0.086989254,0.05279826,-0.03428202,-0.025280833,-0.005251786,0.023646798,-0.04912773,-0.03906102,-0.10129976,-0.060323153,-0.016767234,0.12195642,4.3282726e-06,-0.11062365,-0.036330678,0.015879644,-0.012394402,-0.10063952,0.0034766947,-0.09946391,-0.15950364,-0.0034572845,-0.102595,-0.0176455,-0.007471075,0.066348754,0.01606839,0.08015866,0.046747077,0.08197685,-0.13193606,-0.0020236578,-0.022146966,-0.028897,0.07115474,-0.10430324,0.13321415,0.009029918,0.03282042,0.03259611,-0.0031531102,-0.0058672735,-0.037373792,0.11638144,0.001544377,-0.031742558,0.09352904,0.04946591,-0.037626054,-0.031259265,0.11012408,-0.025180137,-0.06946106,0.16401844,-0.045081917,-0.12349628,0.04295788,-0.19369435,0.03532227,-0.04564633,-0.07733435,0.20698115,0.051844522,-0.011527752,0.053162273,0.11985257,-0.06452374,0.062427796,-0.12911084,0.023185773,0.034611057,-0.036593948,0.009295532,-0.029269615,0.041049883,0.15741934,-0.12141823,0.07538988,-0.12027439,0.07533373,0.050830055,0.051564623,0.10390022,-0.04043567,-0.03210703,0.06337914,-0.082141675,-0.03579092,0.07702644,-0.11746136,-0.060566586,-0.063096955,0.043238323,0.0064620413,-0.03474376,-0.003658369,0.018253772,-0.058491427,-0.13990541,-0.14208154,0.102522805,0.061151553,-0.03652327,-0.031057889,-0.07708182,-0.11345561,-0.049330484,0.15077119,-0.0913823,-0.024177425,-0.026563207,-0.016885728,0.050220042,-0.016559925,0.09419614,0.030715752,0.018153824,0.009963757,-0.11103242,-0.014120544,0.009384014,-0.121842265,-0.030121818,-0.08092518,-0.07346817,-0.021981662,-0.053168863,-0.04471662,-0.13738057,-0.10428715,0.013748893,-0.0068984753,-0.0065745446,-0.061647248,-0.019060856,-0.033683643,-0.015370405,0.022220092,0.022110317,0.03194399,0.00863634,0.004052409,0.066863306,0.07044903,-0.094790675,-0.10508755,-0.06520054,-0.023983303,-0.03561982,-0.035945535,-0.13016687,-0.036677986,-0.0066469093,0.0864328,0.03237877,-0.013212701,-0.055367745,-0.020354366,-0.017322771,0.009617084,0.024553683,0.04768037,-0.0043815407,-0.06557758,0.08685211,0.072785765,0.11794657,0.031934377,0.055956893,0.027601045,0.07716793,0.057931684,0.00943957,-0.15205187,-0.09739572,0.025790567,0.025094159,0.106200285,0.0040333597,-0.09076505,0.0065887608,0.09808191,-0.038931582,0.046004903,0.05846395,-0.0060722134,0.019954303
TCGA-GM-A2DN-01A,-0.033685125,-0.0052217315,0.08320456,0.06786016,-0.04613105,0.07781924,0.055937175,-0.024315732,0.008457576,0.060165215,0.012474992,0.020805793,0.030658936,0.11819885,0.065035455,-0.016185358,0.035310168,0.08612457,-0.065678686,-0.105855845,0.061063748,-0.04974538,-0.011964959,0.0143108135,-0.05697348,-0.0989587,-0.14124021,-0.05217308,-0.065156616,0.028325312,-0.068983674,0.054111905,-0.100594364,-0.103455186,-0.12702633,-0.06993635,0.054673072,-0.11040247,0.027047444,-0.076012544,-0.03444902,0.16205797,0.06519796,-0.06466544,0.017273424,0.022772161,0.019312533,0.016264329,0.09485022,0.1521987,0.09986997,0.100408904,0.06889308,0.010208186,0.06113953,0.028136535,0.070076674,0.02718843,0.0077995155,-0.029932952,-0.04407182,0.038143102,-0.02156222,0.07094535,0.064013734,-0.027141035,0.09868767,0.0003931583,-0.014085426,0.0032955704,-0.06416573,-0.020703632,0.013211718,-0.22686055,0.11559534,-0.024563743,-0.009799689,0.015827332,-0.004664061,-0.08676523,0.04361545,-0.035730686,-0.06169012,0.08273053,0.015047903,-0.14181454,0.01833141,0.13598675,0.09815549,-0.033654857,0.08581815,-0.008954347,0.10736818,-0.015466704,0.031293374,0.011796799,0.043525875,0.019834591,0.027393702,-0.03220411,0.0013706511,0.016837653,0.10927041,-0.04428848,-0.103565514,-0.03474695,-0.114650875,-0.078121476,-0.089033104,-0.022492457,-0.07416953,-0.11536284,-0.068877734,0.111573584,0.0400847,-0.05274482,-0.020399053,-0.05606841,-0.005974764,-0.05978876,0.07746798,-0.07960965,0.06916012,0.0722637,0.04833931,-0.01021335,-0.066805154,0.09579009,0.04484297,0.048359722,0.07951366,-0.10997093,-0.013912444,0.020408234,-0.1904163,0.030692047,-0.08083132,0.023413278,-0.09319207,-0.049693406,-0.006493133,-0.037806455,-0.0047991583,0.0031947677,0.036684133,-0.004568368,-0.16162309,-0.09281604,0.0037731798,0.024657434,0.008167411,0.032071166,-0.016094865,0.13940652,-0.07991448,-0.02668848,0.04894781,-0.11819909,0.0670245,-0.0422799,-0.0021537303,-0.0006466526,0.024187157,-0.046653066,-0.01992192,0.03639051,0.15221354,0.024073077,0.009989317,-0.13071854,-0.01712108,-0.05567584,0.07492685,0.06977089,0.077951625,-0.052909736,-0.13311839,0.08844207,-0.0040904386,0.13817678,-0.05130714,-0.06268521,-0.0747459,-0.006012563,0.07047377,-0.057569273,-0.18280208,-0.042160228,0.03167852,-0.05575132,0.08215051,-0.063699596,-0.07033451,0.082346104,0.0052927476,-0.03251451,0.097460695,0.018250296,-0.011512778,-0.005414069
TCGA-A2-A0YF-01A,-0.11961025,-0.11724632,0.1783089,0.09193742,-0.035781737,0.03496345,-0.045295298,0.07427191,-0.07256015,0.061602335,0.0049823723,-0.017074967,-0.008228419,0.19393303,0.160841,-0.018164106,0.030754168,0.008879623,-0.02957769,-0.0778401,-0.014673342,0.027455762,-0.062614776,0.10721966,-0.07063458,-0.04105712,-0.10757627,-0.07163503,0.05937161,0.02831983,0.017394125,0.0625302,-0.021457585,-0.20308156,-0.17175823,-0.09385654,0.05504346,0.016209288,0.02827586,-0.082419366,0.014118792,0.07699799,0.028408134,-0.031474397,-0.06932984,-0.098809585,0.004923474,-0.0048441114,0.057155576,0.005791172,0.075682074,0.025393687,0.005392845,0.08950728,-0.04152474,0.031804845,0.030063689,-0.025205357,0.0025331313,0.055931013,0.057259414,0.030169591,-0.058047805,0.08281364,6.0656654e-05,-0.019458804,0.11510799,0.021039305,-0.098749936,-0.050680954,-0.20120883,0.015451469,-0.03748713,-0.13237707,0.023713816,0.08161029,-0.06408255,-0.07796223,0.094455495,-0.02958638,-0.0513231,0.056651797,0.022271127,0.09258618,0.006578549,-0.08961673,-0.0056738267,0.074305244,0.023366196,-0.07174383,0.10372251,-0.053877026,0.09740915,0.0508798,0.13785064,0.003271659,-0.061752494,-0.009003942,-0.005126522,0.07702061,-0.012330006,0.057404015,0.029032355,-0.0056607677,0.0030461075,0.081305794,-0.0016979028,-0.064693086,0.0036222094,-0.01748013,-0.062318943,-0.103112556,-0.08694178,0.061985493,0.10400998,-0.024823839,0.026769735,-0.02353738,0.0013448482,-0.08527273,0.011641935,-0.09178275,-0.00026885973,-0.030675251,0.14316536,-0.09982152,-0.025348194,0.05567483,0.03968084,0.14194034,0.09082909,0.007011138,-0.035114378,-0.09917503,-0.12200873,0.010997089,-0.035942934,0.024851799,-0.020111566,0.06322056,-0.01807224,-0.120946534,-0.026156928,0.023294564,-0.014226756,-0.03736705,-0.034310922,0.015847594,-0.07639199,-0.07419916,0.010781844,0.06151741,0.018161472,0.011029489,0.017291008,0.031584643,-0.04007356,-0.08705289,-0.07359928,-0.03621169,-0.025692265,-0.021604652,0.013824282,-0.18202017,-0.11379474,0.022574529,0.11742465,-0.0036348214,-0.055401307,0.07345946,-0.04558023,-0.15426871,0.05228147,-0.039463755,0.013287245,-0.0035715203,-0.05958374,0.10820959,0.01080146,0.11629783,-0.024772761,-0.11113213,-0.006561819,0.013064141,0.027408116,0.044460356,-0.15211624,0.0059864447,0.00860772,-0.056181118,0.11631946,-0.06330961,0.07587005,0.056118455,0.03339777,0.044240244,0.00093131856,0.06916139,-0.088305995,-0.06031021
TCGA-AR-A1AN-01A,-0.04546263,-0.050799076,0.027631054,0.01336297,-0.071931645,-0.013693887,0.061168537,-0.0004437917,0.017635565,-0.09463911,0.003774105,-0.037117068,0.032114398,0.15993257,0.0840313,0.055410393,0.12812287,0.046166796,-0.028184721,-0.07345002,0.03645249,-0.104444,-0.01653618,0.10574777,-0.03540806,0.0010513114,-0.1332634,-0.029684527,-0.010596232,-0.06582641,-0.01733533,0.046343975,-0.085826695,-0.21573898,-0.095831834,-0.1144455,-0.05238342,-0.04614474,-0.038914993,-0.049628537,0.0347666,0.061973132,0.111829765,-0.061643668,0.008206475,-0.032101907,0.0005858324,0.023732675,0.01169942,0.0682467,0.027284898,0.08392517,-0.015513799,0.14163747,-0.0024122833,-0.037388016,0.080977045,0.0066334577,-0.04752389,0.041459408,0.009759283,0.0032317522,-0.07725598,0.07955014,-0.028673477,-0.12617068,0.17646769,0.042937648,-0.059341457,-0.025155943,-0.1648706,-0.02450728,-0.033755776,-0.12636146,0.10761915,-0.026300697,0.0012412298,-0.117339574,0.15193672,-0.12570028,0.06082188,-0.023823628,0.010992164,0.031778507,-0.061694447,-0.056952078,0.05956828,0.07366612,0.072175935,-0.0572338,-0.008086507,-0.06985962,0.08340932,0.03432655,0.04900556,-0.023842886,-0.024019899,-0.04465583,0.025045808,-0.02265519,-0.039929617,0.005321709,-0.006532875,-0.03721548,-0.051809706,-0.011783719,-0.009436094,-0.048966706,0.032437854,-0.081289425,-0.06285372,-0.07130046,-0.11041904,0.043302037,0.10826216,-0.092335075,-0.024993269,-0.019703113,0.007949372,-0.012084742,0.11340746,-0.07251756,-0.037077725,0.02265155,0.009000119,-0.012590637,-0.08038226,-0.020024873,-0.031809617,0.11203546,0.059807185,-0.08902995,-0.052036516,-0.035479184,-0.07941702,-0.011150805,-0.011307474,-0.043064862,-0.065373726,0.07527294,-0.021633025,-0.16907156,0.041836258,0.09480698,0.043665484,0.032126483,-0.11152234,-0.049967792,-0.11693621,-0.016438695,0.10446561,-0.07638037,0.049031004,0.09249203,-0.054558914,0.013651085,0.14638112,-0.022753162,-0.050137505,0.03292829,-0.060660645,-0.06961459,-0.024920464,-0.18340822,-0.074473895,0.07495219,0.048569858,0.0009063798,-0.058855105,-0.07630634,-0.019703062,-0.000373941,0.022750491,0.03766505,-0.035023976,-0.044451937,-0.082466796,0.12915199,0.028542217,0.14209855,-0.09928653,-0.065590546,-0.03500741,0.04531357,-0.049770087,0.058153454,-0.099665806,-0.04869329,-0.14820334,0.0863711,0.072314404,-0.044024248,-0.117407225,0.09353322,0.038279064,0.072191484,0.037094627,0.029615344,0.039424613,-0.0078087132
TCGA-D8-A1XT-01A,-0.12703559,-0.058664627,0.15095133,0.06928123,0.021278763,0.08423867,0.008054457,-0.07691756,-0.12832329,0.09700941,-0.0070325634,0.029253272,-0.008683648,0.1252229,0.05773047,-0.013138834,0.0369261,0.103775546,0.012448155,-0.060944792,0.012664672,0.0072350465,-0.09566017,0.11970277,-0.12803982,-0.008187488,-0.09153167,0.030510914,0.0384937,-0.06505506,-0.02341889,0.05904489,-0.03190514,-0.1656562,-0.08488541,-0.032129623,-0.034237795,-0.0920076,-0.028859794,-0.009229667,-0.050673816,0.1709829,0.085037656,-0.1281844,0.040972542,-0.0035137194,0.03956805,0.02155142,0.11180059,0.13746808,0.12606865,-0.009771557,-0.021974845,0.043098073,0.006490745,-0.029906452,0.060463168,0.022677371,0.003692777,-0.0477502,0.0886051,-0.00481092,-0.09845435,0.09659932,-0.01115034,0.0065066027,0.1633605,-0.029663282,-0.084151104,0.020563303,-0.10232412,-0.03260625,0.06293764,-0.15003163,0.0915021,-0.027844822,-0.048565093,-0.013435741,0.04762769,-0.035605725,0.011995194,-0.004740041,-0.0664404,0.11184472,-0.039877106,-0.017178461,0.008555959,0.14292312,0.076487005,0.03712616,0.011981722,-0.0011046743,0.07081906,0.069530904,0.08721514,0.0392954,-0.020312633,-0.02716734,0.08802651,0.00530784,0.04190254,0.03808875,-0.015308465,-0.09738227,-0.067082055,-0.031777255,-0.15199521,-0.07573825,0.003309881,0.041042496,-0.14018102,-0.091284946,-0.030576013,0.06767387,0.087288134,-0.08294569,0.03393456,-0.03005513,-0.09945429,0.09695354,0.11024938,-0.08465942,0.07057283,-0.04150317,0.11241383,0.031274904,-0.02964781,0.044456773,-0.033205844,0.06815702,0.043159083,-0.05855603,-0.055528242,0.007468468,-0.080365136,0.004948929,-0.08291038,-0.040643446,-0.08028879,0.04909427,-0.033648748,-0.11189317,0.031044733,0.05907652,0.044818312,0.012883195,-0.18348818,-0.04847973,-0.08726203,0.007254289,0.031272862,0.029038949,0.048899956,0.034398034,0.036893576,0.04863508,0.053380016,-0.062911615,-0.017464913,-0.019241793,-0.083110645,-0.05647126,0.05218404,-0.067768306,-0.056359127,0.032682087,0.12498132,-0.00280847,-0.024148276,-0.03030476,-0.034537055,-0.09125868,-0.0077867378,-0.005125858,0.014248273,0.015780998,-0.014910853,0.15384854,-0.011991453,0.19291544,0.026194222,0.0024447734,-0.034191214,0.03499221,0.036693435,-0.06937119,-0.15283112,-0.0767676,-0.07476259,0.053976923,0.09607368,0.0054518194,-0.012443267,0.024313942,0.049599443,-0.021325095,0.09249489,0.044895038,-0.05724894,-0.03242616
TCGA-E2-A2P5-01A,0.013007286,-0.04882771,0.090092584,0.03469348,-0.06659989,0.029236168,0.046797905,-0.03837371,-0.06080063,-0.08056724,-0.0025643841,0.001496302,-0.020030754,0.074463606,0.1441694,0.042494547,-0.01785649,0.0068111806,-0.004485469,-0.09061457,-0.055414554,-0.03850093,-0.17615138,0.10557459,-0.027816508,-0.059785523,-0.1693536,-6.0492912e-05,0.0362092,-0.11447832,-0.06007458,0.04742738,-0.11239526,-0.14395943,-0.06354735,-0.095659085,-0.11549725,0.02553848,-0.10838266,-0.05559797,-0.027452122,0.09761641,0.15660538,-0.029966721,-0.016155997,0.005141542,-0.031119613,0.053698983,0.034325473,0.029868033,0.12038844,0.03150855,0.08290682,0.092463024,-0.036383063,0.045476895,0.045316167,-0.10035752,-0.10528194,0.02081422,0.010350355,-0.020109665,-0.008840228,0.041042145,-0.080430366,-0.0026200383,0.08336517,-0.0020390947,-0.13893571,0.010876146,-0.178114,0.114943996,-0.0015382902,-0.095944524,0.100114726,0.070252225,0.02330857,0.007733514,0.13118032,-0.023144457,0.106914155,-0.074881025,-0.05700156,0.085090704,-0.006231157,-0.079069965,0.010508821,0.118549414,0.10056303,0.038042117,0.08288363,-0.04133301,0.05824122,0.04654324,0.07170302,-0.033807278,-0.021136202,0.023215191,0.075293206,-0.014832791,-0.081060745,-0.025476653,0.034346137,-0.07187508,-0.09372484,-0.01261348,-0.06607285,-0.019795634,0.016382094,0.00031782777,-0.017629588,-0.12072575,-0.13347425,0.007371391,0.11039695,-0.0364369,-0.106016204,-0.03624887,-0.0047391113,0.008361551,0.089820616,-0.15559003,0.1184527,0.025039738,0.015210236,-0.089282975,-0.044070724,-0.012533345,-0.030344922,0.07031176,0.0031982213,-0.13060543,-0.08540267,-0.07680712,-0.123647496,0.011819587,0.013067195,-0.07145226,-0.00076245936,0.07818564,0.05708889,-0.077135,0.011329139,-0.027174857,-0.015085182,0.061200008,-0.11554369,-0.04098196,-0.13830872,0.013735977,0.075919226,-0.014598294,0.08972161,0.011032411,-0.08348291,0.0013514443,0.060513716,0.017958505,-0.07462788,-0.05965677,0.012479339,-0.023685439,0.048493315,-0.11181164,0.016549436,0.05805658,0.034672882,-0.033645406,-0.06796905,-0.0886046,0.032796066,-0.018582478,-0.052331872,-0.0074496656,0.09010657,-0.0999607,-0.028409427,0.009568866,-0.009753022,0.09969135,-0.029248921,-0.08050315,-0.054682244,0.05126759,0.062527634,-0.087646656,-0.10726315,-0.025047809,-0.13624588,0.029048735,0.06495089,-0.06615429,0.004654799,0.10620102,-0.03179541,0.018964719,0.027100457,0.093922995,-0.040738188,0.04536698
TCGA-AO-A0JJ-01A,-0.048437294,-0.060316563,0.096418254,0.092596844,-0.01801227,0.08116486,0.030001493,-0.056670345,-0.02976189,-0.036213122,-0.023849696,-0.028370813,-0.026176006,0.1605653,0.09787465,0.034466792,0.03187666,0.018057032,-0.05195137,-0.12034723,-0.06224937,-0.033056933,-0.057772778,0.19566923,-0.035728417,-0.0378844,-0.11071059,-0.03226805,0.04774792,-0.1474679,-0.010676455,0.015576332,-0.12752941,-0.17837508,-0.068422034,-0.1293178,-0.0700282,0.00336475,-0.07454211,0.004824988,-0.009892679,0.004247025,0.12633805,-0.08454505,0.017423015,-0.01571469,-0.07177198,0.08654107,0.059810646,0.11568098,0.12886351,0.0068970495,-0.07978107,0.13713765,-0.00050249096,-0.002071911,0.052388687,-0.018227374,-0.053790186,0.012012299,-0.012593485,-0.0004425729,-0.07467048,0.04462145,0.033896208,0.07472459,0.17233028,-0.07551913,-0.07894601,-0.0729921,-0.09918337,0.0043052165,0.029584883,-0.14581363,0.073702894,-0.011561717,-0.032912742,-0.03693083,0.08030248,-0.09663699,0.040359013,-0.009535253,-0.028966347,0.12007894,0.066780895,-0.055508383,-0.053439673,0.03790104,0.068217844,-0.022306478,-0.019411504,-0.12179964,-0.01366676,0.054224383,0.012529758,-0.004928334,0.117487274,0.024287501,0.0068349903,0.053571813,-0.032097127,0.0685383,0.020278724,-0.12358564,-0.026054408,-0.0020646101,-0.043359317,-0.0052068587,-0.02044487,-0.0134187415,-0.07951264,-0.085083954,-0.07690913,0.10113036,0.11856177,-0.020165984,-0.054689504,0.025500907,0.0061467476,0.0904833,0.11699545,-0.11854173,0.007046971,-0.03702405,0.004857182,-0.09283369,-0.0701328,0.08725099,-0.029098572,0.09760663,0.16094026,-0.03858578,0.03591092,-0.11419244,-0.113388605,0.010270506,-0.096225075,-0.012900838,-0.108803764,0.024056708,0.01943248,-0.11632751,-0.067184664,0.002316989,0.036944304,-0.033257276,-0.14333011,-0.021207118,-0.072375,-0.04530207,0.036403228,0.014763826,0.011967836,0.008337916,0.004023223,0.05099575,0.008182087,-0.06975423,-0.03768925,0.009485035,-0.0023796142,-0.06943861,0.043481097,-0.028861282,0.010750694,0.05451393,-0.011345215,0.033595163,-0.029577779,-0.05205626,-0.009005976,0.025926309,0.053819697,0.0782412,0.08336703,-0.09577613,-0.015815973,0.05009793,0.12984815,0.09397884,-0.021717992,-0.02619988,-0.016415449,-0.036259066,0.105320945,0.019190867,-0.10200408,-0.064593725,-0.05489838,0.0040440755,0.10868824,0.061198093,-0.1067659,-0.0630061,0.025411189,0.14818875,0.10104554,-0.0035991347,-0.08158303,-0.024204014
TCGA-AR-A1AL-01A,-0.013546739,-0.054502938,0.05432216,-0.025059696,0.030894298,0.055113833,0.020207306,-0.029271165,-0.07870677,0.05893506,0.02273825,-0.015483808,-0.040321134,0.14172022,0.0839504,0.061520834,0.039026756,0.029813746,-0.038489826,-0.00066331995,-0.11494486,-0.1257229,-0.063771605,0.056454413,0.0050516883,-0.03749229,-0.08573593,-0.07483906,-0.06641306,0.03577194,-0.07894701,0.018899754,-0.031306777,-0.09426271,-0.1605234,-0.16384073,0.022786058,0.028333755,-0.07695258,-0.09225988,0.009717612,0.025646672,0.078051515,-0.05679739,0.002660969,-0.017723553,0.06721895,0.07627323,0.10974617,0.051653065,0.078998506,-0.07093435,0.044427775,0.029562041,-0.0099163735,0.07701577,-0.02868518,0.013083476,0.02398462,0.008776505,0.08812452,0.00016544793,0.008314908,0.06441222,-0.015184916,-0.057888377,0.0847768,0.07886895,-0.04117986,0.01302998,-0.1661677,-0.009886381,0.012006561,-0.15644515,0.14243577,-0.0147903245,0.026788294,0.047055453,0.06550073,-0.057789374,0.003539861,0.00804955,-0.07058685,0.064806476,0.011242378,-0.06544983,-0.06999974,0.14020494,0.15086025,-0.1085602,-0.023405682,-0.05028877,0.11087269,0.012036509,0.09184442,-0.032746933,-0.06280537,-0.013622347,-0.01953789,-0.023873594,-0.016581323,0.04550697,-0.05567282,-0.08235877,-0.07814797,-0.031031767,-0.18744954,-0.08349991,0.047641896,-0.054775447,-0.055103693,-0.11570273,-0.050605822,0.10158794,0.08851978,-0.0062706284,-0.01180643,-0.04650229,-0.004244383,0.0013322784,0.019338824,-0.17617954,0.065644905,-0.018457796,0.07880091,-0.06272691,-0.04704844,-0.006979811,-0.0071786474,0.09222128,0.06959807,-0.119005434,-0.008535432,-0.03364353,-0.13951074,-0.004400301,-0.11444668,0.01609441,-0.027056327,-0.02648252,-0.06471155,-0.109892175,0.0024121697,0.115241505,0.059271242,-0.059208434,-0.13496673,-0.06904809,-0.085155025,-0.067382626,-0.07197538,0.02276607,0.0493092,0.05803896,-0.0432078,0.07223602,0.030035397,-0.049455643,-0.0068350886,-0.010105214,0.041327227,0.057949327,-0.022409359,-0.22437946,-0.05276716,0.029301433,0.11108636,-0.0014113112,-0.09057598,-0.042079873,-0.031211056,0.014156919,0.006170791,0.012612664,-0.0030434923,-0.005307996,-0.09340407,0.06216093,0.01018475,0.14028348,0.013538821,-0.05178916,-0.048953496,0.09385808,-0.084960036,-0.032347187,-0.1097744,-0.06534252,-0.13403678,-0.038777318,0.122641005,0.0123668555,-0.0071855034,0.09350851,0.07998855,0.0688833,-0.009133462,0.061386377,-0.040744174,0.009740122
TCGA-C8-A26W-01A,0.057203826,-0.039547514,0.054287523,-0.019450264,-0.08981439,0.05437057,-0.008265203,0.040101856,-0.1372119,-0.009267492,0.08325255,0.018614626,0.018972673,0.09511054,0.044014238,0.012597118,0.09453416,0.10468228,0.0696333,-0.14675732,-0.031630922,0.00021823646,-0.078620374,0.08335827,0.084787525,-0.010100348,-0.04592779,-0.097169705,-0.01543154,-0.09241254,-0.0125237545,-0.018428922,-0.110316046,-0.116110064,-0.09534749,-0.1707869,-0.011044572,-0.028845392,-0.083848536,-0.013617973,0.07179788,0.08704968,0.09240583,-0.092025936,0.014307776,-0.05652806,-0.0152146425,0.06451792,0.16956247,0.116894215,0.037286986,-0.026293587,0.037311956,0.14205974,-0.05599925,0.039372854,0.095256776,0.0015066244,-0.00824064,0.037929334,0.040187977,0.041567415,0.047135808,0.095154196,-0.095843,-0.024882192,0.08844973,0.032910544,-0.107716426,0.014615554,-0.05602073,-0.04134514,0.06025259,-0.16368334,0.050017014,-0.14265099,-0.0109227905,0.053241547,0.10822437,0.0312906,-0.062889956,-0.06844422,0.017074527,0.029244117,-0.035368234,-0.028540637,0.001203058,-0.01556614,0.05821212,-0.0753328,-0.0027057421,-0.12783942,0.08673457,0.07408547,0.08992094,-0.05391478,-0.056709602,0.016825957,-0.021085769,-0.030545404,-0.026149295,0.080111705,0.011832623,-0.02757935,-0.09741726,0.04904784,-0.010952183,-0.06648503,-0.0041649994,-0.013804246,0.02919391,-0.05868966,-0.11252927,0.16691956,0.099792704,-0.1372498,-0.07635901,-0.014647779,-0.05073471,-8.055817e-06,0.07617688,-0.07953112,0.08267449,0.11786865,0.056829765,0.0532449,-0.05523919,0.059920758,0.061705954,0.04158495,0.10821238,-0.012524388,0.031428948,-0.040821556,-0.11172013,0.0021320507,-0.14917673,0.024047999,-0.010113851,0.028552076,-0.029072858,-0.134586,0.037323836,0.075209364,0.09929639,-0.056492485,-0.11637314,0.007884481,0.030759497,-0.033973165,-0.04889016,0.042841796,-0.04286492,0.03145358,-0.05435783,0.0018554988,0.005989147,-0.062244423,-0.13390245,0.012516823,-0.06819941,-0.07389277,-0.0023067114,-0.12784758,-0.034830958,0.05520371,0.090796806,0.018486826,-0.00014185692,-0.04339797,-0.030560723,-0.046785202,-0.026171947,-0.038589217,0.047368128,0.013729841,-0.072440766,0.022693286,0.0015897801,0.08480057,-0.058968883,0.010573085,-0.1455906,0.13195287,0.035627846,-0.13918486,-0.12758242,-0.06052423,-0.02149307,-0.002021009,0.10208573,-0.03598764,-0.09486182,0.03793916,0.02645991,0.009650972,0.04812888,0.0556483,-0.06368701,0.06006744
TCGA-AR-A0TR-01A,-0.01835851,-0.009426678,0.15057562,0.099117145,-0.01054226,0.059371687,-0.0017630813,0.037142996,0.02330735,-0.09590265,-0.07159032,-0.11631005,0.01919526,0.18027262,0.15195476,0.02143138,0.026750507,0.025677484,-0.04058733,-0.08183354,-0.06965622,-0.005677901,-0.111734666,0.017887428,-0.020675808,-0.100607246,-0.16478257,-0.047613088,-0.023132082,-0.062083755,0.0006561897,0.018051494,-0.053233635,-0.11538982,-0.10084142,-0.14483006,-0.08390069,-0.004781996,-0.039579604,-0.032398857,0.015851066,0.101036996,0.0805186,-0.097816475,-0.059365924,-0.007842626,-0.09309741,0.04768242,0.029941373,0.099307075,0.028783506,0.011953351,0.030087288,0.046369366,-0.027809585,-0.086376436,0.02026906,0.03778751,-0.21755204,0.06020529,-0.019242674,-0.004721312,-0.04970977,0.019226396,-0.08802914,-0.10120235,0.10878611,0.011234268,-0.060999367,-0.07990365,-0.0848829,-0.0014637479,0.0001714867,-0.14715467,-0.017297607,0.0014619139,0.034458984,0.05345437,0.039727557,-0.016148528,0.029999785,-0.023192814,0.0008147747,0.059188236,-0.08249381,-0.11502673,0.010266057,0.1410525,0.12120467,0.025329778,0.06381868,-0.05022745,0.018856946,0.07988117,0.027738236,-0.023700217,-0.114018574,-0.07781755,0.0221013,-0.053734343,-0.11870988,0.03423274,-0.025114043,-0.07124793,-0.005798492,-0.021088379,-0.10588128,-0.11480685,0.025826668,-0.009777091,0.00400316,-0.20998032,-0.09504921,0.0557082,0.120073855,-0.023158874,0.016965644,-0.022171058,-0.109737836,-0.044788543,0.088014364,-0.047107972,0.06456771,-0.0063992487,0.06821116,0.044366397,-0.07977011,0.07432684,-0.011829846,0.14200711,0.10182146,-0.01165982,0.0019719084,-0.059535384,-0.096061,-0.011205765,0.01624157,-0.018022679,0.029432008,0.09065192,0.01870895,-0.123858154,0.015734782,0.045661617,0.01343168,0.0021301138,-0.07920728,-0.06092811,-0.039007038,-0.07189753,0.06836054,-0.034346227,0.062439844,0.08857412,-0.0056040115,0.053365868,-0.02090126,-0.086715475,-0.061875176,-0.036216103,0.06981658,-0.03522481,0.085576646,-0.14744417,-0.035498723,-0.0065405173,-0.045829933,0.067558736,-0.057028405,-0.111338235,-0.0045032166,-0.05522901,0.010083855,0.04744449,-0.02271038,0.044163156,-0.024847703,0.061301637,0.07524125,0.08953307,-0.10444753,0.05045964,0.024240281,-0.04400129,-0.0352991,-0.054605972,-0.07022954,0.025116036,-0.103364244,0.038677018,0.08401934,0.03739208,-0.04473913,0.10642623,0.02751521,-0.005608474,0.046768155,0.10170351,-0.07257445,-0.07330924
TCGA-AQ-A0Y5-01A,-0.02928489,-0.023712004,0.06416706,0.0908138,-0.06800417,0.078266084,0.07746695,0.016899614,-0.029896336,-0.024530414,-0.0030265097,0.08267375,0.004348336,0.03714062,0.050876085,-0.014515867,-0.010257687,0.099971175,-0.011701407,-0.072519176,-0.01818078,-0.037841704,-0.14680432,0.036600012,0.016004134,-0.06962718,-0.06581828,-0.07259047,0.032540686,-0.07467784,-0.016505131,-0.022288661,-0.06868816,-0.19234894,-0.05176595,-0.06340018,-0.08091231,0.015579257,-0.10294547,-0.057238437,-0.013595043,0.09136552,0.14071308,-0.110507876,-0.084366985,0.091354854,0.025328917,-0.0036771558,0.072570436,0.13768104,0.018373359,0.10009714,0.044450175,0.07220889,0.014649694,0.032540146,0.045242816,-0.020122508,0.009228097,0.03247771,0.05966431,0.07498676,-0.080019,0.055391725,-0.045567192,0.0388773,0.22799444,-0.081630364,-0.10516155,0.018220382,-0.16299586,0.09184627,-0.09031315,-0.13742456,0.07797274,0.013980659,-0.04035308,-0.024067352,0.12781028,-0.05159447,-0.011805245,-0.06238861,0.0052840877,0.0901701,-0.041860506,-0.019154785,0.00014762153,0.09761725,0.15112665,-0.005985167,-0.019120064,-0.0317106,0.1563863,0.108174056,0.10132465,-0.077735774,-0.022870516,-0.026045108,0.069652274,-0.065044306,0.03196846,0.025647989,-0.024852406,-0.053047314,-0.033148997,-0.09796129,-0.030351587,0.008215452,-0.011389827,-0.022644991,-0.026990354,-0.035532165,-0.0837649,0.08407653,0.048811514,-0.101740174,-0.027854249,-0.0456044,-0.0061555933,-0.03666569,0.102379434,-0.06912811,0.02891088,0.010575952,0.10091729,0.016605312,0.012059996,0.10103155,0.04101799,0.058303297,0.057255972,-0.12412777,-0.023367293,0.027017102,-0.13572538,-0.078821324,-0.05218021,-0.09003831,-0.005579268,0.063556485,0.0038878846,-0.07777297,-0.05043074,-0.029981662,0.06204483,0.013582347,-0.13117199,-0.10807886,-0.01710259,-0.03454199,0.025442218,-0.083515555,0.030743184,0.070401154,0.011905818,0.08630224,0.07704543,-0.10747122,-0.044012733,-0.07977167,0.057592172,-0.117627315,0.06572848,-0.032738123,-0.071790256,0.043246992,0.027302122,0.085587166,-0.09390285,-0.057137247,0.046629358,-0.043664057,0.05524212,0.06228366,-0.018753981,-0.0021814173,-0.13278842,0.021981366,0.05944785,0.13656038,-0.058121327,-0.022071809,-0.0362952,0.02032822,0.023108285,-0.07847336,-0.15145272,-0.06227891,-0.03351287,0.06990216,0.019425377,-0.03140425,-0.13456754,-0.018947715,-0.037670244,0.11637264,0.043640688,-0.050499707,-0.0039573223,-0.026487762
TCGA-E9-A1NE-01A,0.022388622,-0.07286819,0.10267974,0.049805585,-0.0075975587,0.09223581,-0.01540016,0.018526023,-0.09426015,0.06509414,-0.062317893,0.004989284,0.017050913,0.097826645,0.12954447,-0.003480682,0.07194291,0.033314258,0.06272199,-0.023029452,-0.070097536,0.005285019,-0.088643774,0.014825472,-0.02286605,0.01654762,-0.12344936,-0.071663655,-0.073876455,-0.07713206,-0.09206422,-0.016485248,-0.15280417,-0.111513525,-0.03654725,-0.19424167,0.040593248,-0.014207021,-0.006191684,-0.06655472,0.04107818,0.06912372,0.055242404,0.019380048,-0.08768332,-0.06857031,0.055232055,-0.06604922,-0.0017052311,0.055103265,0.09965703,0.08299503,0.061224718,0.13170351,0.04742495,-0.09368572,0.120713174,-0.009154753,-0.046934962,0.11038024,0.053153083,-0.08394256,-0.05584094,0.12666991,0.03645375,-0.02339227,0.1171352,0.03597579,-0.0035239654,-0.024908857,-0.26398918,0.107644096,0.054514524,-0.17935254,0.09870128,0.062067736,-0.012020793,0.0547667,0.10059969,-0.0054020397,-0.0041752234,-0.008156558,-0.04400519,0.023043375,0.0070008915,-0.062717445,-0.029980158,0.0317831,0.033571962,-0.07392896,0.061578043,-0.12933734,0.061069906,0.037720405,0.15030983,-0.05492122,-0.0315896,0.0017799746,0.015037355,-0.121041976,-0.103320085,0.10072923,-0.0066374023,-0.04039371,-0.09134609,0.04001934,-0.06832671,-0.076844536,-0.05333558,-0.07100836,-0.03135758,-0.05409821,-0.07871333,0.016339252,0.10300016,0.03748793,-0.1085717,-0.031275827,-0.007765987,-0.05474261,0.06982536,-0.09346973,-0.018191686,0.06833879,-0.009454218,0.025681414,-0.08281095,-0.0101438295,0.06775648,0.10557235,0.107050054,-0.073727176,-0.06305652,-0.021728672,-0.12604323,0.009816017,-0.06982733,-0.017036505,-0.056887843,0.053924903,0.02680259,0.048897766,-0.003635133,0.04610392,0.051156092,-0.009823811,-0.104423866,-0.02079884,-0.09640765,-0.0518094,0.06385691,0.022480868,-0.018943397,0.035009973,-0.041362084,0.09753734,0.0287991,-0.009758441,-0.09825843,-0.05143409,0.025641972,-5.4472803e-05,0.025627015,-0.17407258,-0.061949972,0.041867327,0.08669085,0.0050182645,0.009845809,0.027549991,-0.05141017,-0.040611982,0.08288822,0.063340075,-0.015243158,-0.119006015,-0.10196216,-0.001816895,0.046806876,0.11623716,0.044358008,-0.10170815,-0.007504511,-0.03167259,0.057727776,-0.016545279,-0.09935254,-0.07082694,-0.027579522,0.024683125,0.108358,-0.03230523,0.0336003,-0.038178492,0.014197481,0.040063854,0.05206935,-0.012026031,-0.013474103,-0.05353617
TCGA-UU-A93S-01A,-0.03973553,-0.032307435,0.04996091,0.096391805,-0.013035467,0.079177074,0.050893538,0.042040166,-0.0717702,0.0078439405,-0.07074538,-0.012265897,-0.08572697,0.12501766,0.09175574,-0.05954059,-0.0065779006,0.030868748,-0.0022590181,-0.05357759,-0.071072854,-0.039167833,-0.11452862,0.11162585,-0.07501074,0.06577089,-0.04694653,-0.08282349,0.019601068,-0.04037752,-0.111973695,-0.07892432,-0.055663012,-0.07169124,-0.05636378,-0.1605754,0.033225883,0.039611895,0.017410275,-0.041693293,0.039073262,0.046454985,0.11445985,-0.035242483,-0.03621061,-0.049752187,0.013213272,-0.11240337,0.008922838,-0.008303744,0.02970533,0.10997742,0.09392664,0.0031488491,-0.026933847,0.037488285,0.06278787,-0.0072994907,-0.041545,0.07929729,0.03322808,0.052050006,-0.120669685,0.070447646,-0.03650203,-0.029660724,0.13043697,0.0516417,-0.13358477,-0.016175918,-0.07813299,0.04381862,-0.022629056,-0.16112782,0.11076842,0.022245094,0.056264278,0.076433085,0.17838565,-0.033928633,-0.029456876,0.0154115,-0.12247346,-0.019196564,-0.055117816,-0.064450994,-0.022934234,0.049129277,0.08618317,-0.0066788513,0.09263229,-0.03324095,0.0062982636,0.03294996,0.077922754,-0.035013665,-0.0936589,0.03265914,0.077632,-0.035583824,-0.057635173,0.09461129,-0.041916028,-0.07328079,0.005632579,0.014482427,-0.03591622,0.01607169,0.06315897,-0.06014972,-0.10110925,-0.0396105,-0.12572266,0.13636047,0.16375779,0.0031505902,-0.027868886,0.040465802,0.014307801,-0.0652186,0.09058898,-0.10545376,0.005377162,0.034519598,0.0838775,-0.0005817835,-0.06806061,0.023010518,0.001963579,0.16096638,0.10506865,-0.11799537,0.025287658,-0.039116815,-0.1478053,-0.027011367,-0.048822913,0.0046437383,-0.037998147,0.0653715,-0.024742754,-0.12186305,-0.012716611,-0.07167671,0.008186636,0.0488228,-0.16473883,-0.0060321055,0.017888183,0.051007625,-0.019264266,-0.0067198696,0.04447306,-0.01093468,-0.02648217,0.120354176,0.036455885,0.0028252588,-0.15303063,-0.08517436,0.029638087,-0.10067823,0.044853996,-0.20695162,-0.05909388,0.055048503,0.0952519,0.027739024,0.009895002,-0.0046175565,0.043657023,-0.047981106,0.08613016,-0.072493486,0.017556507,-0.0842905,-0.053497057,-0.016895475,0.08022009,0.13765536,-0.03896704,0.008256167,0.018014867,0.08376829,0.015561308,0.01383781,-0.07483614,-0.044550028,0.017522763,-0.0011517816,0.037392147,-0.16256878,-0.069745615,-0.06294396,-0.037438124,-0.04400864,0.040721055,-0.047076367,-0.029319594,-0.06141448
TCGA-GM-A2D9-01A,-0.02666915,-0.02365883,0.11684724,-0.08794925,-0.08308956,0.027560484,0.039238997,0.051511638,-0.10448018,-0.04509756,-0.08949285,0.05714279,0.021783555,0.12050056,0.07240275,0.022436038,0.028986938,0.0612142,0.05812022,-0.0973049,0.006786015,-0.0020755096,-0.09048645,0.088871896,0.048957627,-0.07272438,-0.11135264,-0.046237934,-0.000270376,-0.07004939,-0.025690984,0.070265636,-0.07276277,-0.16053523,-0.06821751,-0.14898361,0.036394656,-0.020741845,0.019910991,-0.09948945,0.058412407,0.10064472,0.06656759,-0.09932581,-0.008162383,-0.012965264,0.08059594,0.0395163,0.14960708,-0.0017076603,0.05407983,-0.022756029,-0.035896845,0.10296869,-0.15127164,-0.047826655,0.084207095,-0.011058347,-0.0946421,0.07794758,0.007813317,0.028526518,-0.12349818,0.11255591,-0.08324465,0.005864743,0.13753031,-0.013151152,-0.034103595,0.030217206,-0.19054574,0.06391213,0.0142884515,-0.107716866,0.08755554,0.0083124,0.015635436,0.054550357,0.17233683,-0.047759414,0.010738936,-0.037103668,0.044942547,0.026572268,-0.016285462,-0.06841054,-0.079769835,0.09773522,0.100057915,-0.06554461,-0.0031860252,-0.120400846,0.06925894,0.08215005,0.18445753,-0.057429675,-0.07847423,-0.08944265,0.026633376,0.010834418,-0.0562691,0.07102478,-0.036805287,-0.085807264,-0.06600608,-0.014057135,-0.016691735,0.060127866,0.08149856,-0.07246698,0.04927568,-0.045384437,-0.08117692,0.0022750688,0.07110089,-0.001057319,-0.11980459,-0.090157345,0.005633763,0.024190823,0.024124535,-0.12946759,0.076900885,-0.045322612,-0.0073672826,-0.023704393,0.04399557,0.0022585585,-0.051591095,0.09034279,0.09291128,-0.030003795,0.040968265,0.008150728,-0.10859284,-0.0035792883,-0.054400716,0.027941369,-0.009849082,0.069248945,-0.0020117657,0.009185847,-0.07932417,0.023451079,-0.031999964,0.09596321,-0.096492134,-0.023793673,0.011205119,-0.004133742,0.100590095,0.034585513,0.009597018,0.06813269,-0.060181674,0.059839282,0.037233178,-0.114173286,-0.16112475,-0.043286264,0.022189887,-0.059297413,-0.06377636,-0.1374205,-0.049907897,-0.015984736,0.005819412,0.03229828,-0.037250753,0.034876026,-0.019162424,-0.038310185,0.066946544,-0.020515084,-0.0013024383,-0.013123207,-0.086638786,0.090220556,0.06572482,0.07454831,-0.044993695,-0.0029400561,-0.044716414,-0.0468068,0.0072344407,0.044182125,-0.17200847,-0.058369186,-0.04756042,-0.015658377,0.055986915,-0.02449402,-0.054281402,0.076528214,0.04525989,-0.00229019,0.03550453,0.13812637,-0.09459474,-0.012254369
TCGA-EW-A2FW-01A,-0.06738909,0.0026496886,0.16057271,0.16338807,0.013738904,-0.018344566,-0.026549973,0.024215411,-0.09022855,-0.015213523,-0.0046038493,0.08095603,-0.03867512,0.14231063,0.07868124,-0.07768869,0.032898553,0.11918554,-0.0817074,-0.049759366,-0.05534088,-0.11368531,-0.09395011,0.08708555,0.0021299294,-0.069426075,-0.085851,-0.03647173,-0.021050507,-0.11406691,0.016213046,0.06548227,-0.069544606,-0.14942019,-0.08530011,-0.09427629,0.026110895,0.0025771002,-0.09056447,-0.11255651,0.016958585,-0.00800369,0.068151385,-0.05605219,0.064040445,-0.11432015,-0.05526909,0.038155083,-0.03721476,0.11210984,0.04657628,0.13473928,0.042649418,0.096008435,0.021485394,0.0024457918,0.10156201,-0.021765463,-0.09200325,-0.019607129,0.024663102,-0.053492546,-0.07277071,0.09896263,0.036713425,-0.011661315,0.06405744,-0.06954107,-0.06637954,-0.018827697,-0.11008234,0.031372886,0.0907944,-0.12588222,0.04117209,0.018379707,0.0076549663,-0.015011916,0.10360988,-0.07948625,-0.038786177,-0.032481287,-0.05191929,0.026100418,-0.0031305356,-0.12602821,-0.042371545,0.10010442,0.06466014,-0.06424368,0.0024562518,-0.08864698,0.022135997,0.047860168,0.078584984,-0.04721502,-0.01904595,0.00029219297,0.038683362,-0.018401993,-0.030678673,0.016111465,0.05070216,-0.109326765,-0.117229514,-0.020171372,-0.090010755,-0.0473059,0.017170751,-0.013500864,-0.121092126,-0.10797229,-0.03572722,0.06853446,0.13025612,-0.03753048,-0.024089515,0.0067871753,0.01990325,-0.037180383,0.13320641,-0.14540027,0.02381869,-0.009707016,0.0078333495,0.035228066,-0.08994612,0.054444205,-0.04720763,0.08180358,0.06276494,-0.057344653,0.038019165,-0.115894385,-0.19484568,0.033095557,-0.09471325,0.025603533,-0.11337665,-0.015108667,0.0039909733,-0.10379001,0.09884576,-0.031682342,0.07652952,-0.06705817,-0.055282954,-0.07350407,-0.047444988,-0.021712855,-0.0033753251,0.059544854,0.021473693,0.00969095,-0.08509521,0.07559774,0.008479485,-0.10285137,-0.062531844,-0.021022566,-0.101212,-0.11569106,0.043623082,-0.096209265,-0.012031901,0.08677424,0.103108555,-0.006721768,0.061198972,0.054272365,-0.018531373,-0.052745685,0.051096857,-0.014874789,-0.004668515,-0.13682424,-0.05610041,0.0502063,0.008057294,0.063597776,0.023214623,-0.04650183,-0.029995183,0.1269173,0.084299006,0.0383112,-0.06646317,-0.050882373,0.02982773,0.04505063,0.08300259,-0.057044894,-0.052459586,5.792124e-05,0.0004881294,0.021885557,0.10881842,0.118699834,-0.04297539,-0.054181624
TCGA-A2-A1FZ-01A,-0.025052203,0.022549909,0.080502875,0.044849776,-0.03618644,0.07275403,-0.027847458,0.003503564,-0.029901642,-0.030397365,0.032059815,-0.041227657,0.0009274959,0.18713339,0.10730209,-0.09073629,0.10344884,0.099774964,0.041882146,-0.12714835,-0.018240103,-0.056845,-0.0053361407,0.08202407,-0.008855552,-0.079670824,-0.107833005,-0.06915378,0.05949623,-0.14010875,-0.066597365,0.022879435,-0.12319914,-0.13561589,0.032806545,-0.14042003,-0.00060743926,-0.015573151,0.06323002,0.044150412,0.056760143,0.103933655,0.0065716878,-0.01162415,-0.021593077,-0.043791402,0.09330566,0.03094384,0.09186194,0.10977313,0.04435069,0.08763712,0.020261731,0.16919798,-0.037564855,-0.01983605,0.14110976,-0.05298496,-0.0049588126,0.096254274,-0.013374993,0.013114674,-0.0523071,0.06344363,-0.024442103,0.0010223003,0.1360722,-0.04754167,-0.03470447,-0.00731706,-0.172363,-0.020457488,-0.037905388,-0.15623154,0.040411256,-0.09144616,-0.10977279,0.026434673,0.025511485,0.019862747,0.038233075,-0.026197925,-0.02372807,0.04372412,-0.08548513,-0.040634703,-0.019635713,-0.03477942,0.06878321,-0.011446788,0.027047886,-0.09002862,0.10002248,0.0034842724,0.11923452,-0.08089451,-0.020879306,0.027209304,-0.023139175,-0.06559522,-0.0018185317,0.0552125,-0.035288487,-0.022127409,-0.017101958,0.021175465,-0.05107494,-0.15998577,0.07016896,-0.051110137,-0.03925873,-0.08123919,-0.08429277,0.0865403,0.059429646,-0.031541627,-0.005798667,-0.062151875,-0.0074965637,-0.017212195,0.14624988,-0.08554566,0.08903278,0.030031262,0.04071519,-0.0044560777,-0.11567178,0.05704156,0.07977861,0.115983084,0.08116584,0.05017008,0.01304017,-0.025812306,-0.15688764,-0.054674625,-0.04573038,-0.057256125,-0.095151804,-0.0033009567,-0.052793175,-0.12364027,-0.03662222,0.00014909048,0.11285071,0.048456732,-0.07453841,-0.08283872,0.0022498334,-0.088121295,0.05909674,0.07855207,-0.00032929057,0.04504764,-0.021635678,-0.008883984,0.040059015,-0.08756114,-0.11726491,-0.033417065,-0.019857861,0.008630122,0.018811423,-0.054870132,0.007053908,0.09792732,0.10161741,-0.038094956,0.036461573,-0.04312528,-0.006832515,-0.02769952,0.059194252,0.13185821,-0.064504124,-0.07167681,-0.073516294,0.003967228,0.04605743,0.20897384,-0.010299087,0.022935096,-0.07752587,-0.019878032,0.08640088,-0.009527777,-0.14005077,-0.01816584,-0.07906242,-0.0061975345,-0.008365212,-0.0026915888,-0.03159051,-0.07794807,0.041474517,0.071222484,0.092942774,0.055970646,-0.007019243,0.010394156
TCGA-A2-A4S1-01A,-0.052754655,-0.040306125,0.08913114,0.11102008,0.035817105,0.072950356,0.031073015,0.03491424,-0.09085983,0.073799185,-0.005195538,-0.04549481,0.00902237,0.10595626,0.07196817,-0.043977764,-0.05903409,0.087417744,-0.04827904,0.017820638,-0.012574615,-0.060198788,0.017462712,0.09297917,0.03735828,-0.020393463,-0.056874722,0.07029754,0.025843399,-0.2072657,0.028412903,0.0469865,-0.18060233,-0.03520678,-0.10884835,-0.06423091,-0.09350582,-0.049803793,-0.079561375,-0.022429956,-0.0078035444,-0.004289046,0.09899958,-0.024161862,0.0019799983,-0.040147554,0.041261286,-0.009415708,-0.036431983,0.055881407,0.03895806,0.016035382,0.024026154,0.08500968,-0.012546113,0.02001007,0.086378425,0.012829286,-0.060343813,0.0092259515,0.018955452,0.052591488,-0.05889078,0.044246778,0.020244116,-0.021405544,0.10723959,-0.04811877,-0.1119557,0.02384985,-0.11101943,0.076010846,0.0071106977,-0.19320445,0.0068168472,-0.07450864,0.008234637,0.008774371,-0.00249303,-0.009355979,0.0063378206,0.029309552,0.0034401834,0.108763136,0.018355288,-0.12434188,-0.055772517,0.17158595,0.1434748,-0.010609206,-0.002864119,-0.12734942,0.035873283,0.06622307,0.09924797,-0.084253736,-0.028946582,-0.024857672,0.070888504,0.0070117814,0.054526497,-0.010623739,-0.009430074,-0.100360446,-0.061370816,0.10245279,-0.029524006,-0.08103984,0.02821532,0.037873857,0.0035481618,-0.0735758,-0.0336054,0.09757654,0.14762826,-0.06273017,0.005991768,-0.09889777,-0.08795746,0.050089385,0.13141614,-0.007427271,0.012006583,-0.03131253,0.0027838761,-0.078465715,-0.07386591,0.14584084,0.010512795,0.1499572,0.063666955,-0.10429121,-0.070488065,-0.10224491,-0.10420572,-0.073065415,-0.10259577,-0.061069667,-0.0351459,0.034291178,-0.034237813,-0.058142584,-0.026283382,0.027049897,0.007085812,0.06406574,-0.17548396,-0.074918605,-0.1460922,-0.06552408,0.02961631,0.005461275,0.08702245,0.11451906,-0.055589747,-0.03554056,0.11580925,-0.1112975,-0.08193608,0.018591369,4.1744388e-05,-0.011695326,0.09094801,-0.09455736,-0.08233494,-0.043399338,0.09118189,-0.04045268,-0.118225306,0.027668491,0.007922044,-0.091194816,-0.008386429,0.05381127,-0.03642396,-0.07570774,-0.14937942,0.059622742,0.119497575,0.08192902,-0.0139919575,0.0034970576,0.0137095405,-0.022802867,0.024499865,0.0032667103,-0.0442326,-0.01758493,-0.012380035,0.036375236,0.12363371,-0.017211005,-0.0036541892,-0.0057314667,-0.014370566,0.045965683,0.03207641,0.014432807,-0.05154474,0.07997163
TCGA-BH-A1FL-01A,-0.06898072,-0.035080567,0.04273861,0.023686564,-0.030325392,0.012781025,-0.053867016,0.02128489,-0.109886676,-0.019523378,0.030405741,-0.09038178,0.042541802,0.14348297,0.08284113,-0.048176832,-0.016759386,0.06794164,-0.018344674,-0.15581901,0.013821402,-0.0085761575,-0.07902585,0.029549427,0.019766156,-0.0009909086,-0.11740171,-0.059012022,0.023527386,-0.12062489,-0.07898515,-0.0043174434,-0.13908622,-0.089032836,-0.0739439,-0.110548966,0.028885668,-0.027603107,-0.003149611,-0.07450415,-0.058233786,0.05591459,0.116880186,-0.13272482,0.0012324804,-0.031397767,-0.05584499,0.07380603,-0.0153424125,0.06410416,0.107891984,0.047958612,0.04545129,0.01723486,-0.036465995,0.030486898,0.061719507,-0.019615296,-0.07369177,0.0129856905,0.007177106,0.039170492,-0.14499316,-0.05519811,-0.086886786,0.027633836,0.10562225,-0.0399007,-0.14967209,0.012976058,-0.12437734,-0.061785866,0.029781315,-0.17167993,-0.05093915,-0.051692918,0.009201153,0.061005548,0.049676407,0.0009226605,0.107522525,-0.029586798,0.0027089324,-0.016315853,0.025410341,-0.055036005,-0.016235294,0.06887852,0.09283243,-0.03200264,-0.015176383,-0.08815042,0.14862815,0.0037094222,0.13690494,-0.023471901,-0.03809756,0.112876184,0.005987168,-0.024013378,-0.06297014,0.10768851,0.08249397,-0.04736627,-0.102400124,0.00023336505,-0.02079008,-0.033426736,0.020451965,-0.047520507,-0.101986654,-0.18471746,-0.049310137,0.09754364,0.070233345,0.010161828,-0.15871936,-0.04011833,-0.08061216,-0.018853389,0.12085614,-0.038552772,0.08466961,-0.053861372,-0.01304662,-0.037214592,-0.044369407,0.054189637,-0.0035595056,0.06438887,0.058877606,-0.105713405,0.05351056,0.0019545332,-0.13784029,-0.00815581,-0.062334105,-0.07242843,-0.013378464,-0.00051221246,-0.049064502,-0.15498155,-0.102573626,-0.010089262,0.09315632,0.045769874,-0.11755299,-0.07833381,-0.06081412,-0.016499829,-0.06801581,0.10660701,-0.062423512,-0.0049886242,-0.10275075,-0.019979363,0.038825024,0.002181426,-0.07559594,0.0020473257,-0.021530662,0.0031933363,0.0054668807,-0.090189725,0.062557496,0.035534967,0.12205362,0.0010539589,-0.034102824,-0.03484803,0.11646186,-0.0877893,-0.014100054,0.0006250864,-0.032552768,-0.052504167,-0.11745242,0.08873061,0.038393352,0.0915926,-0.0472777,-0.025966004,-0.08450022,0.079640426,0.011193006,-0.054123014,-0.080249414,0.011755551,-0.023917878,-0.025069337,0.07384358,0.017884418,-0.042882994,0.08403513,0.034558497,0.025833042,-0.00549156,0.18918781,-0.056666207,0.050597157
TCGA-GM-A2DD-01A,0.0162176,-0.038865674,0.0036508325,-0.02249323,0.020505706,0.079761736,-0.0028807088,0.029439809,-0.049822852,0.0076594306,-0.0066569136,0.0024080973,0.006523148,0.15847823,0.07533096,-0.04156947,0.07303132,0.044964217,-0.019753203,-0.12566385,0.055990316,0.07004566,-0.10159659,0.11377543,-0.019679436,-0.05437644,-0.12873277,-0.05065169,-0.002974954,-0.050071336,-0.09385105,-0.104346916,-0.081788644,-0.11316399,-0.09234387,-0.1168832,-0.021210903,-0.05188204,-0.13596566,0.009486721,0.02545777,0.0852807,0.07986816,-0.0733306,-0.022593334,-0.04742316,0.10920709,0.04357932,0.094899826,0.10509124,0.05288191,-0.01632715,0.10180002,0.06240365,-0.08931921,0.00418118,0.0257338,0.004597397,-0.021167737,0.080979496,0.09459021,0.021077422,-0.113801576,0.1163598,-0.058248542,0.0008141797,0.05721288,-0.06789713,-0.08598803,-0.0024249947,-0.08449324,0.085976705,0.01780723,-0.17217949,0.13336389,-0.028322387,-0.075923085,0.07517204,0.11558802,0.075606436,-0.027986452,0.007413689,-0.048355754,0.050611682,0.017703895,-0.13829015,0.048224024,0.09522157,0.108724736,-0.070477575,0.07684904,-0.032957647,0.07557909,0.027162923,0.043796815,-0.06462047,-0.052221306,-0.031299412,0.09097234,-0.048590194,0.028273331,0.12623277,0.028721783,-0.02183164,-0.049376782,0.019658776,-0.07409843,-0.08045287,0.032772884,0.00035265333,0.009391373,-0.069193386,-0.1030176,0.06753966,0.08844022,0.06851943,-0.0047891475,-0.009433243,-0.073402144,-0.004760095,0.03464252,-0.11852757,0.10909275,0.046382967,0.051257443,-0.022393782,-0.019209553,0.046434667,0.009608445,0.20426345,0.1521724,-0.11079578,0.057524037,-0.030107304,-0.13385524,0.03608953,-0.0648761,0.012430218,-0.029879034,-0.050196316,0.0023618147,-0.11988997,0.03496974,-0.024458803,-0.10960587,0.076454245,-0.11277937,-0.046116885,-0.0061822296,0.03394518,-0.0015222705,0.014859417,0.05735549,-0.0063303267,-0.06729647,-0.0024369652,-0.020827888,-0.044786632,-0.053221952,-0.08391512,0.023950603,0.03811814,0.040919986,-0.0699662,-0.03801712,0.06807866,0.10397137,-0.00018943175,-0.05292094,-0.029010016,0.0628923,-0.0790714,0.05289483,0.03210497,0.1367946,0.013623352,-0.11005263,-0.01001158,0.0005797543,0.1219292,-0.025557958,-0.07643945,-0.10803958,0.013375009,0.036123242,-0.08074835,-0.07168245,-0.09544729,-0.0049639787,-0.0169459,-0.0008278371,-0.04277524,-0.058852687,0.012824965,0.053696204,0.08015953,0.056368623,0.12841752,-0.12212665,0.046320334
TCGA-LL-A5YL-01A,-0.032657284,-0.03703103,0.11176017,0.020999152,0.001497698,0.05890387,-0.06826143,-0.0005141368,-0.012398267,-0.020824006,0.02190513,-0.038120724,-0.010414914,0.1917459,0.13717522,-0.022935063,0.08012505,0.11768461,0.005507454,-0.11504991,-0.07370491,-0.021033479,-0.0716576,0.016625,-0.06632392,-0.026952324,-0.20854078,-0.117413096,0.00025509964,-0.063823394,-0.062091466,0.03554264,-0.112083204,-0.1693273,-0.055332735,-0.063608676,0.015417585,0.0035365236,-0.058147863,-0.12242908,-0.013383317,0.007473102,0.12691976,-0.013164684,-0.05085577,0.04712113,0.031141676,-0.09738904,0.0502255,0.096799426,0.06283941,0.048493005,0.03743722,0.11078624,-0.029981198,0.051764097,0.0858714,0.05331464,-0.023355044,-0.01123828,-0.02332932,0.0010038076,-0.020271737,0.04198352,-0.04131915,-0.024103781,0.11745661,0.03822033,-0.0858977,0.05662749,-0.086046375,0.06433568,0.02781479,-0.116186015,0.053330597,0.052138112,-0.048564784,0.025934475,0.014185504,-0.010069775,0.03877826,-0.087658055,-0.022095557,0.0035204652,0.0032769674,-0.00648905,-0.04673946,0.14101811,0.030487228,-0.05194143,-0.03606615,-0.06157405,0.10528281,-0.019625068,0.023995377,-0.11115337,-0.008613455,0.05343412,0.04606412,-0.024126748,0.054068953,0.0044217203,0.06113824,-0.10057011,-0.06523406,-0.05161959,-0.07990268,-0.15184891,-0.07730784,-0.07636652,-0.023297422,-0.113622494,-0.14694604,0.0097846445,0.1315286,-0.01591272,-0.07912318,-0.07018763,-0.03589979,-0.00996349,0.053840116,-0.115035586,0.038646676,0.03875741,0.0045536463,-0.037351087,-0.10837216,-0.017342484,0.018407501,0.14529414,0.10308593,-0.08093642,-0.073068455,-0.039294705,-0.14659774,0.02903661,-0.03154085,-0.016839676,-0.08733012,-0.051944792,-0.0090713035,-0.14785041,0.018351194,0.034621045,0.16542596,-0.063112065,-0.051860042,0.027656559,-0.044187933,-0.04509217,-0.04919049,-0.0040566693,0.030391417,0.019579856,-0.07290364,0.13086389,0.012337426,-0.013369171,-0.06715743,-0.020838793,0.087779075,0.04299842,0.07708785,-0.15820235,-0.049497828,-0.030285854,0.04572391,-0.08419006,0.011965718,-0.009649512,-0.04554764,-0.14631778,0.02575973,-0.04340274,0.0821534,-0.037736908,0.014363195,0.09639567,0.08439371,0.09198998,0.008852945,-0.08932398,-0.08624437,0.06751341,0.013959679,0.017891342,-0.11374823,0.029887764,-0.01960826,0.056696694,0.070239075,0.003267664,-0.012305998,-0.09400732,-0.028177077,0.023631541,0.08382759,0.066403426,-0.026408402,-0.07832665
TCGA-OL-A6VR-01A,-0.02145006,-0.09675839,0.05158017,-0.0011581114,-0.058936194,0.057819482,-0.029963274,-0.06255939,-0.04205503,0.04972013,-0.064914346,0.030129768,-0.036270678,0.1148675,0.07838769,-0.0051359385,-0.0071538924,0.033712756,0.0015994369,-0.11766392,-0.058097158,-0.038808305,-0.0426148,0.073767304,0.04677859,0.010221545,-0.09198786,0.039718065,0.03398917,-0.073150486,-0.07165204,0.0030822926,-0.073967345,-0.094693914,-0.13384177,-0.060538415,-0.03720662,0.051636536,-0.02285454,-0.03887057,-0.01663414,0.11789213,0.12356214,-0.08962984,-0.030675244,0.11364566,0.08224737,0.02605187,0.07259539,0.14717358,-0.007910274,0.0018899377,0.033651266,0.061187156,-0.062721744,0.067076385,0.026532512,-0.035858545,-0.015290676,0.08304371,0.0730726,-0.04289165,-0.041900285,0.049078025,-0.02838639,-0.05161554,0.12796243,0.0025618374,-0.06686017,0.003878276,-0.21475746,0.04199322,0.06518087,-0.14919496,0.06437951,-0.0043988284,-0.13919996,0.026625533,0.041148607,0.025491657,0.07152625,0.11809427,-0.017763898,0.12394561,-0.05802573,-0.05199345,-0.0073028416,0.10110454,0.20403558,-0.035708025,0.07456941,-0.13114814,0.076656446,0.056123823,0.06590171,-0.05394613,-0.0050133085,-0.03454331,0.024143422,-0.06354031,-0.026526006,-0.004523611,0.073605955,-0.12690194,-0.066127434,-0.026873032,-0.06225879,-0.014585078,-0.015289176,0.005870132,-0.0045236987,-0.12527657,-0.100209914,0.14677882,0.07102964,-0.030013617,0.0049892133,-0.07158279,0.030316193,0.018810518,0.069455154,-0.07003208,-0.025826586,0.071639925,0.011250088,0.020506019,-0.004782984,0.048155226,-0.0011167115,0.07079125,0.016155569,-0.032256093,0.007906813,-0.0657835,-0.10068261,-0.020278696,0.0017137157,-0.046431936,0.035129216,-0.06444552,-0.035360098,-0.09672563,-0.035788525,0.09995471,-0.004579394,-0.07286092,-0.042648252,-0.038973913,-0.025728645,-0.021874996,0.011950468,0.061953906,0.027830847,0.08087627,-0.017950466,0.015850421,0.06639751,-0.107895255,-0.08507602,-0.0027931174,-0.115313224,-0.027281772,-0.022177536,-0.09506247,0.010287582,-0.05130634,0.094582684,0.016853984,-0.0650295,0.0013950268,-0.012038536,-0.08894483,0.0068033445,0.06154253,-0.021735875,0.014159436,-0.1302881,0.13522874,0.17229703,0.18137766,0.038887836,-0.03793297,-0.014590777,0.09207734,0.037867114,-0.054547265,-0.19624665,-0.011321083,-0.053997736,-0.050579432,0.15458141,-0.040923152,-0.09583598,0.057255384,-0.019686656,0.019432357,0.013426786,0.031879384,-0.047890574,0.10385432
TCGA-GM-A3NW-01A,-0.044394918,-0.05019725,0.118503,0.08499836,0.009313492,0.12373167,0.025606843,0.0022395074,-0.021102116,0.03023908,-0.067778155,-0.004474189,-0.05885831,0.13703671,0.09138748,0.058001373,-0.03845574,0.017546317,-0.043497544,-0.09101267,-0.0005865882,0.034326397,-0.0057539707,-0.0124154715,0.008845249,0.040433824,-0.16651478,-0.035448838,0.026528135,-0.101099394,-0.020856693,-0.07452769,-0.09274248,-0.14564288,-0.06784856,-0.084828556,-0.07014171,-0.021620255,-0.15443636,0.013712057,0.028960753,0.09575266,0.067926906,-0.039562125,0.041209303,0.04959634,0.078163624,0.03687535,0.13806412,0.057190947,0.09109214,0.04043295,0.028662544,0.10229197,-0.063282095,0.040590752,-0.031452958,-0.03991105,-0.07751854,0.07692517,0.08047817,0.09437826,-0.064974144,0.07103679,-0.005361717,0.03778925,0.067048736,-0.065291084,-0.11175376,-0.056241136,-0.055949654,0.09821483,0.016768478,-0.18412897,0.10578159,-0.04049985,-0.014790868,0.013772056,0.081333704,0.028666068,-0.0011023955,0.017551357,-0.060150016,0.018378964,0.11333065,-0.12560032,0.022410467,0.09556082,0.1314184,-0.009178103,0.08764383,-0.040768355,-0.025015473,0.063430004,-0.0054633636,-0.0762896,-0.15495168,-0.071837716,0.1213939,-0.08813189,0.0014969304,0.0017460096,0.030899879,-0.1608281,0.048934937,-0.020992387,-0.0018696511,-0.11049981,0.07697059,-0.03191192,0.12313881,0.006699386,-0.10088097,0.14354904,0.15643866,-0.06512682,-0.045840297,-0.07481024,0.016725237,-0.013934883,0.06727074,-0.065795295,0.16331291,-0.011463988,0.12159284,-0.0008824434,-0.07685195,0.107208654,0.031031528,0.015625685,0.095670655,-0.090541035,-0.013591082,-0.048225455,-0.11050625,-0.030658543,-0.0632013,0.06401876,-0.008466658,0.023200603,-0.004896099,-0.10285884,0.017368259,0.030002499,-0.00465295,-0.06508334,-0.107148044,-0.06967712,-0.019240063,0.08703159,-0.029241607,-0.06606987,0.011319641,0.00256674,-0.023841761,-0.021445725,0.045969304,0.0053674793,-0.029970307,0.029222947,0.08677195,-0.09208559,-0.014621957,-0.0676672,-0.065874904,0.066512175,0.05285066,-0.0017686958,-0.051054895,-0.030500393,0.0346802,-0.076809764,0.011509809,0.045487393,0.08025957,-0.0042928094,-0.054873664,0.09275831,0.16111083,0.07493147,-0.0233066,-0.06508713,-0.07716576,0.08517519,-0.014358601,0.0104557965,-0.03291048,0.037978493,-0.0444878,-0.08206121,0.061084807,-0.052446436,-0.025248129,-0.08370502,-0.0025621764,0.0069776466,-0.016809192,0.07933336,-0.08201009,-0.015708655
TCGA-PL-A8LZ-01A,0.00067550986,-0.07155678,0.0724498,0.011599586,0.0028983664,0.031469993,-0.008354348,0.048791803,-0.027182667,0.025897363,-0.11719737,-0.050119244,-0.033952903,0.12507962,0.09143298,0.013978332,0.009935447,0.07033718,-0.026399285,-0.083810754,0.0041938224,-0.1053072,-0.15546918,0.0068046334,-0.03873166,-0.1272189,-0.19076493,-0.01264201,0.02421152,-0.021571955,-0.1799108,0.0015588896,-0.05891949,-0.14249508,-0.012741543,-0.025161978,-0.037237644,-0.009191426,-0.060567524,-0.010152202,-0.028275194,0.0025874043,0.07436913,-0.08184012,-0.06128219,0.00042425227,0.071953855,0.01173626,-0.017160077,0.16437308,0.026581807,0.088840835,0.061249506,0.033315286,0.009463773,-0.07712445,0.04417244,0.08410974,-0.10096645,0.0689102,-0.021974085,-0.024817003,-0.08925513,0.04817814,0.0074494476,-0.043118168,0.14629234,-0.0469382,-0.0575829,-0.04251808,-0.085265264,0.017509041,-0.012160385,-0.20693532,0.08801184,0.0061184755,-0.0100398855,0.039811347,0.11128843,-0.057502024,0.0023821204,-0.0022482597,0.011861797,0.08010941,0.009130235,-0.0012396447,-0.042745307,0.16630454,0.1060752,-0.0611355,0.046534628,-0.058102712,0.10029912,-0.0009440506,-0.0066027367,0.008050886,-0.026506443,-0.010716681,0.085788615,-0.028448323,-0.07172986,0.07934872,-0.008329515,-0.13681681,0.015145476,0.037571527,-0.10583572,-0.121670626,-0.01574509,-0.030263416,-0.10087832,-0.12045673,-0.010624549,0.060714148,0.11803209,0.014909153,-0.023761561,-0.099567436,-0.050404213,0.01052304,0.099844776,-0.1365162,-0.013500915,0.056942847,-0.016949749,0.005673271,-0.084755145,0.04303354,-0.0069672703,0.12721054,0.14027824,-0.16934168,0.013346772,0.0040394645,-0.18432735,-0.046540752,-0.022743134,-0.063952565,-0.11420343,-0.01189913,0.010630055,-0.0033925497,-0.046657298,-0.045011677,0.020391388,0.026585208,-0.013855015,-0.08998743,-0.11303162,-0.045932114,0.018034114,-0.060452048,0.114265226,0.04381995,-0.07636496,0.04074287,0.066877425,-0.04591666,-0.032205466,-0.024824023,0.04041651,-0.028038252,0.058657717,-0.14328061,0.0069011077,-0.01167738,0.043805335,-0.007021836,0.018384106,-0.005296781,-0.027369626,-0.08017235,0.024544911,0.046954587,0.012548791,-0.060575113,-0.06472883,0.01421765,0.08451918,0.18520305,0.077152885,-0.0035902646,-0.022655152,0.0018579051,-0.06441718,0.010792858,-0.015499506,-0.024971452,-0.05500647,0.034947697,0.10864155,0.013034732,-0.08979807,0.028976796,0.08075725,-0.047195192,0.09543155,0.028869092,-0.021213695,-0.091549136
TCGA-D8-A1JI-01A,-0.016750662,-0.07202991,0.06441326,0.046975795,-0.041356754,-0.021526415,0.0021700969,0.039895806,-0.11550831,0.04226514,-0.029826056,-0.081414655,0.04226027,0.14562106,0.06831481,-0.06642635,-0.005793945,0.14173894,-0.03959204,-0.16373095,-0.034567587,0.043264404,-0.052499216,0.14522181,-0.023774443,-0.09148379,-0.1332754,0.006033014,-0.0640905,0.057679433,-0.057557844,-0.005132749,-0.030131226,-0.20023982,-0.017966548,-0.11509437,-0.012802038,-0.01470843,-0.0037825762,0.009526626,-0.04781012,0.023299197,0.08883308,-0.12684387,-0.010582148,-0.011123873,-0.051616855,0.011108279,0.036405914,0.072115764,0.10352459,0.064054705,0.0032739835,0.055505518,-0.056187157,0.04293201,0.083027296,0.046501502,-0.056881513,0.08527078,0.044624627,-0.0059455894,-0.11035107,0.047993287,-0.04610315,-0.021306287,0.097578354,-0.020983733,-0.11729526,0.03781119,-0.11217832,0.03593819,0.033767696,-0.22029333,-0.012577165,-0.017044306,0.029139867,0.014860212,0.16099665,-0.09648068,0.051737934,-0.009062198,0.017993098,-0.00062378653,-0.10686363,-0.047981143,-0.06444395,0.09095827,0.060191214,-0.0524631,0.01458792,-0.057078,-0.041091595,0.09352235,0.019862318,-0.04135636,-0.018351782,0.057837036,0.022673925,-0.014305796,-0.032770135,0.0070905583,-0.030874562,-0.17322443,-0.09280457,-0.0011638022,-0.094614476,-0.06727636,0.037400417,-0.030446595,-0.07781099,-0.14076929,-0.08629031,-0.010529303,0.076231636,0.034529954,0.012571881,-0.10303717,0.01689219,0.17356521,0.08288324,-0.12433117,0.09891969,0.032308735,0.027971389,0.0201514,-0.048412077,0.07279094,-0.04341794,0.18069516,0.023504494,-0.052853476,-0.051416237,-0.091265835,-0.08485495,0.01767919,-0.07571307,0.025888756,-0.061285123,-0.03616604,-0.04167253,-0.13058962,0.002351499,0.04068719,-0.023885611,-0.0084481845,-0.080142014,-0.07160797,-0.0153430365,-0.0502152,-0.062270503,0.018611342,0.06900349,0.039857972,-0.06301813,0.03666702,-0.024970304,-0.14461736,0.06350021,-0.059802473,-0.018125722,-0.004349439,0.06871074,-0.13022846,0.019611623,0.02146138,0.060669355,0.121394,-0.0659336,-0.060941987,0.0071253995,-0.07020331,0.032901354,-0.073736444,0.020084126,-0.06617916,-0.09953438,0.07272833,0.11237636,0.12272062,0.035936408,-0.081468135,-0.0819637,0.030774303,-0.0022609178,-0.040672265,0.01397694,-0.037009325,-0.028436081,0.07344635,0.06785099,0.010185708,-0.029483974,0.0063209715,-0.08028676,0.052949212,-0.02697618,0.048042007,-0.04993584,0.004347756
TCGA-LL-A9Q3-01A,-0.044667855,0.003221065,0.11719909,0.11818459,-0.010764571,-0.0006269753,0.04471459,0.07705889,-0.07817467,0.008242666,-0.07486805,-0.04014679,-0.09076491,0.14808312,0.061064523,-0.050369583,-0.09628055,0.051624913,0.079643704,-0.044210967,0.016810624,0.002153884,-0.082895376,0.045807857,0.017184032,-0.029173154,-0.18660869,-0.044046983,0.04957161,-0.057364386,0.04836729,0.019638408,0.024090499,-0.1682405,-0.054847483,-0.064331084,-0.11359891,-0.010844129,-0.026413845,-0.084921114,-0.08497728,0.12285768,0.089306094,-0.041980147,-0.0270821,-0.0010062035,-0.04680577,-0.003830198,0.063258216,0.088323124,0.07472444,-0.008719596,0.005768409,-0.017549774,-0.0665749,-0.057211608,-0.05443663,0.003801602,-0.033062067,-0.030881211,0.04398149,0.090650484,-0.12229708,0.09056875,-0.009868945,-0.06548591,0.09787038,-0.01430505,-0.11286169,0.034988556,-0.091791466,0.01629925,-0.06904353,-0.11012073,0.15239687,-0.026273668,-0.05734938,0.10048584,0.051798202,-0.035421845,-0.014599413,0.019586405,0.039749958,0.04040473,-0.030839773,-0.13547061,-0.016815355,0.17230666,0.08159601,-0.014215437,0.045708355,-0.055512387,0.04828822,0.049733274,0.13028157,0.033988,-0.10925044,-0.04952371,0.040414598,-0.085765265,-0.024501065,0.060490992,-0.006320585,-0.013773609,0.06556997,-0.07336316,-0.044682372,-0.17809054,0.015448908,-0.03681951,0.037611082,-0.07034005,-0.054810595,0.14802778,0.063310795,0.013090071,-0.04321825,-0.057573047,-0.055478297,-0.021045608,0.10721767,-0.08838103,0.10348711,0.015485235,-0.06540928,-0.07712881,-0.001536976,-0.015544606,-0.04189041,0.059798177,0.06669947,-0.06689014,-0.025616247,0.025742196,-0.21774845,-0.034092095,-0.06967501,-0.020244855,-0.08124826,-0.018328674,-0.020256415,-0.18085171,-0.04969333,0.016273392,0.023689426,-0.057207346,-0.022988794,-0.065180525,-0.09750049,-0.05075535,-0.010312491,0.024072422,0.20002475,0.022153562,0.03077198,0.10961189,-0.03797642,-0.0011906663,-0.037229676,-0.0388407,0.060703624,-0.08090448,0.05472945,-0.10254316,-0.026053984,0.045904383,0.08626123,0.01113657,-0.040106248,-0.056324344,0.030758176,-0.07332214,0.029348133,0.047368743,0.06740379,-0.07533225,-0.08181168,0.105435245,0.08616896,0.09440632,-0.05824967,0.026231248,-0.037084892,-0.04448526,-0.0630437,-0.012640974,-0.091686875,-0.0403597,-0.0053987787,0.009212427,0.0034796826,-0.09301957,-0.10724502,0.061350945,0.044924896,-0.021269362,0.08035353,0.03283826,-0.016437277,-0.0035313014
TCGA-LL-A5YN-01A,0.013168541,-0.027721133,0.11234742,0.06812994,0.025457583,0.05964139,0.06829981,-0.03162922,-0.07232222,0.023360096,-0.045216173,0.010509413,-0.047451988,0.12762462,0.09263858,-0.018965224,0.024302065,0.07616872,0.010558324,-0.087354645,-0.0033482492,-0.05187665,-0.19263594,0.053349126,-0.04683212,-0.050556976,-0.07803954,-0.06927506,0.023699677,-0.076917976,-0.121700466,-0.017990442,-0.042472027,-0.09286729,-0.10117874,-0.14198573,0.036465958,0.040923096,-0.0033371379,-0.074637294,-0.03327636,0.09834393,0.11156026,-0.11895781,-0.00082847715,-0.018825686,0.02234776,-0.051622797,0.036962934,0.046858937,0.047233377,0.07586671,0.034159396,0.07141642,0.012046566,-0.014328277,0.08993859,0.06468699,-0.044012647,0.074809976,0.05372173,0.04434895,-0.03804292,0.09289303,-0.04873935,0.01819055,0.14842117,0.044361956,-0.06606923,-0.045640383,-0.048511945,0.02464357,-6.6151086e-05,-0.18728831,0.03399228,-0.073398404,0.0036549577,0.06733205,0.020408602,-0.048550684,-0.03974755,0.0048826467,-0.009202991,0.025322318,-0.042299647,-0.006599726,-0.12099976,0.066081785,0.13710727,-0.032810375,0.07287687,-0.12366851,0.031099487,0.047037657,0.08090878,-0.028974984,-0.10661186,0.03455875,0.046239518,0.028257167,0.026252566,0.12560703,-0.034794006,-0.109856844,-0.09333217,0.04954337,-0.117854744,-0.03371621,-0.097035065,-0.0059166923,-0.10742028,-0.061578084,-0.06900259,0.1351763,0.08162066,-0.109428994,-0.04277839,-0.03833984,0.029948734,-0.0703429,0.09648203,-0.13987139,0.1519154,0.0028467334,0.087983444,0.05415475,-0.040430084,0.011127085,0.052823924,0.11391512,0.103776805,-0.06446731,-0.029573742,0.0272013,-0.18493259,-0.042716414,-0.004492853,-0.08588709,-0.06019662,-0.017460765,0.025960864,-0.09294194,-0.0117362905,0.009908402,0.053910367,-0.049846113,-0.17746478,-0.015105552,0.025475943,-0.051921632,0.03899848,0.035615206,-0.08148228,0.03626546,0.015148218,0.10798339,0.041215908,-0.041929,-0.100336514,0.05724511,0.01784081,-0.07712337,0.06613626,-0.15538871,0.005254849,-0.008329711,0.12288164,0.013247846,0.027574778,-0.060953133,-0.009099916,-0.044785917,0.049834676,-0.037924882,0.059440095,-0.008255394,-0.001455602,0.02352708,0.08996158,0.121012405,0.028271036,-0.08578525,-0.08715313,0.0770413,0.02814797,-0.02650615,-0.031768806,-0.10625679,-0.040737733,-0.042977333,0.037646063,-0.08455444,-0.08814755,-0.019957472,0.0006222173,-0.0035525125,0.12232354,0.027305873,-0.009625627,-0.019798819
TCGA-D8-A1XJ-01A,-0.024158899,-0.05576203,0.036748853,0.013216961,-0.027441286,-0.007996556,-0.059341848,0.07409919,0.020041294,0.010935542,0.039913762,0.03637655,-0.002804557,0.16636623,-0.030790288,-0.069058195,-0.04068626,0.04205237,-0.0022743412,-0.017004212,-0.008468016,0.028924285,-0.11057617,0.03455942,0.004355612,-0.033968464,-0.17214334,-0.03083817,0.0044952943,-0.10914093,0.05730963,-0.09355029,-0.07983301,-0.09014689,-0.08775391,-0.120469116,-0.059852526,-0.11226688,-0.05827486,-0.17320424,0.10636161,0.008926947,0.11969346,-0.096940376,0.037077412,0.028780805,0.032418635,-0.059098788,0.03702515,0.055718232,0.0054319547,-0.01609296,0.07566243,0.08995193,-0.054133724,-0.0070231874,0.10089294,-0.038147844,-0.10380648,0.015922684,0.07434589,0.045441967,-0.026785484,0.07880043,-0.0077053723,0.023845086,0.10875644,-0.0048799072,-0.07102919,-0.0028470058,-0.15104562,0.09815055,-0.01534848,-0.13938859,0.176723,0.016826639,0.008137727,0.048281953,0.095281914,0.048672263,0.054261167,-0.029166322,0.044348776,0.02184698,-0.06403973,-0.03682333,0.0024189844,0.13249674,0.10311217,0.01697988,-0.041438214,-0.044829287,0.092700444,0.05590431,0.06470144,0.058102313,-0.037436996,0.0007428558,0.0053691114,-0.073661976,-0.055715166,0.07305205,0.028402807,-0.11979276,-0.040487457,-0.012993798,0.026598586,-0.051614545,0.05389071,0.011892242,0.037075672,-0.1457136,-0.082900725,0.12849109,0.09630794,0.0040911315,-0.037857026,-0.1285559,-0.048308246,-0.0256663,0.0772179,-0.086993694,0.007703972,-0.0081389425,0.09710557,-0.029943978,-0.06879367,0.12738778,0.06541656,0.12360727,0.111875266,-0.13558704,0.0014588919,-0.056454554,-0.1765761,-0.03637012,-0.0034292424,-0.011922864,-0.06687786,-0.024731588,0.0369974,-0.13535571,-0.02216445,-0.007338657,-0.01548526,-0.06728884,-0.07169765,-0.009232222,-0.0030938096,0.00044714808,0.079956636,0.014417721,0.058847338,0.008013088,-0.061819185,0.020114778,0.1266961,-0.115389645,-0.14040338,-0.0073556504,-0.029515015,-0.1073415,0.09465876,-0.07578131,-0.030301772,0.056182843,-0.029228669,-0.0018636513,-0.06503893,-0.04401964,-0.064345315,0.021072468,0.042633574,0.033027086,0.07191947,0.044360083,-0.037772436,0.16126205,0.0059146006,-0.012754541,-0.005916208,-0.04449009,-0.02711812,0.06468864,0.038628,-0.070153385,-0.051336452,-0.05914292,-0.026248569,0.119696036,0.050366458,-0.10625633,-0.08647689,0.010288243,-0.03090019,0.044647373,0.086652726,0.05843084,-0.117583014,0.014564512
TCGA-3C-AALJ-01A,-0.048995897,-0.011375565,0.041578483,0.07376809,-0.0037703372,0.053967483,0.004741779,0.066083305,-0.052343786,-0.03775495,-0.046578858,-0.04953777,-0.0067580277,0.14753507,0.14904024,0.076059796,-0.00159463,0.08651007,-0.017378494,0.04431061,0.021105373,0.060701653,-0.09125899,-0.020239282,0.06266381,-0.08832408,-0.032422468,0.010653311,0.11030574,-0.087507024,-0.012071324,0.052560464,-0.079903275,-0.15628155,-0.011201147,-0.1357021,-0.096005015,-0.09879524,-0.044736635,-0.053892843,0.0072973096,-0.0025907692,0.1513163,-0.048677035,-0.06877823,-0.081106484,-0.0012988312,-0.022165414,0.0685684,0.08141203,0.020026904,0.06561061,0.04219495,0.015124261,-0.06651762,0.01942841,0.049350034,-0.0008360243,-0.05655395,0.0076458994,0.03147112,0.03035678,-0.047667667,0.08331881,-0.1290124,0.012326375,0.09808231,0.018100666,-0.07736267,0.065308906,-0.13076036,0.046828147,-0.018548526,-0.15657215,0.1390649,0.047597077,-0.012053732,0.004744387,0.07932108,0.013694796,-0.007214483,-0.07313329,-0.01571575,0.012145918,-0.019853257,-0.12976019,0.0788867,0.14076136,0.016731946,-0.03850685,0.16190675,-0.09616831,0.0841551,0.07644948,0.031061253,0.0010008729,-0.120127015,0.043369327,-0.0131110065,-0.024405872,-0.023331832,0.072715044,0.01664776,-0.059772518,-0.10470458,0.01908528,-0.042895515,-0.039308168,0.005500114,-0.021973278,0.023223717,-0.024681795,-0.028695365,0.16324383,0.1098906,0.03150645,0.032667298,-0.08519352,-0.04730506,-0.056068942,0.21436584,-0.026871264,0.048612766,0.0025371034,0.083987445,0.015842296,-0.0359988,0.037781794,0.06988584,0.08642777,0.121324435,-0.14234993,0.0027192575,-0.014152336,-0.16941048,-0.035004612,-0.037608866,0.025151618,0.0077202283,-0.00010013907,0.0100536505,-0.13902472,0.0281154,0.0631162,0.08963112,0.014293304,-0.10533385,-0.086352535,-0.017479142,-0.0039599463,0.016425602,-0.028701292,0.12343375,0.046467867,-0.01791269,0.10691035,0.045545503,-0.045282055,0.051047564,0.0031972441,-0.04095723,-0.06374042,-0.016917245,-0.1978576,-0.04733733,0.022724884,0.044932254,-0.12031258,-0.05859936,0.0053456416,0.03025311,0.008122786,0.029472798,0.055956703,0.07165906,-0.043962337,-0.08545939,0.13886641,0.043068554,0.101506755,-0.02296297,-0.10393077,-0.07726281,0.033631265,0.06093828,-0.079736374,-0.07460966,-0.032070275,0.022844294,0.009649042,0.040394604,-0.058778565,0.06780002,0.039020013,0.0185012,0.07477854,-0.025002697,0.04367214,-0.055478238,-0.071178325
TCGA-S3-AA14-01A,-0.043152045,-0.0389332,0.10316749,0.003908907,0.016456414,0.1248031,0.095463395,-0.011315473,-0.040157516,0.017141063,-0.022287998,-0.049948797,0.0273625,0.19940682,0.08290221,-0.021779725,0.04685021,0.00046569874,0.038503457,-0.06423018,-0.06044096,-0.16345075,-0.060500305,0.054704756,0.033564776,0.0030571541,-0.054755278,-0.05247295,-0.09822669,-0.1107095,-0.043109242,-0.059529528,-0.12315918,-0.06674504,-0.06499257,-0.12412159,-0.024184579,-0.0215608,0.012134209,-0.004691395,-0.05873802,0.066419564,0.052603547,-0.14410235,-0.069320664,-0.025723811,0.023954678,0.057589654,0.033975493,0.07596208,0.04023698,0.04973218,0.066878766,0.061544795,-0.04773328,0.019931506,0.090436,-0.082530625,-0.0608911,0.0060019223,0.021752303,-0.04545732,-0.07073216,0.06402146,-0.08618117,-0.12995529,0.10109316,-0.04061281,-0.17843533,-0.03139273,-0.108338416,0.027262067,0.029432429,-0.11771159,0.055701796,-0.025397532,-0.016689084,0.01344284,0.058972746,0.011419414,0.043761056,-0.14296347,-0.092568025,0.03749403,-0.0136191575,-0.07698957,-0.04818619,0.08684593,0.105973236,0.010649608,0.03424128,-0.10252379,0.11249659,0.024002451,0.1149058,-0.058786154,0.064123735,-0.000974724,0.05869278,0.0963938,0.0060855164,0.055646308,-0.02866648,-0.08917758,-0.07882406,0.031687655,-0.011144598,-0.08046078,0.099576294,0.060632657,-0.09585282,-0.054803565,-0.06533846,0.05809364,0.049104236,-0.046291616,-0.01653145,-0.0011409366,-0.0043636668,0.036386233,0.09619999,-0.025126034,0.030657439,-0.04064378,0.025885656,0.012152654,-0.026536444,0.05328103,0.054199234,0.18761423,0.086805716,0.007728705,-0.012802734,0.0037245913,-0.062008712,0.052862752,-0.066821255,-0.09745985,0.018383618,-0.020086389,0.051407576,-0.1318043,-0.067406304,0.0482824,-0.0024198128,-0.0030971551,-0.12928088,-0.007220386,-0.09889824,-0.109569676,0.02045315,0.045885384,0.0425256,-0.014394299,-0.097800404,0.07064982,0.011265784,0.0208848,-0.04913757,-0.06977506,-0.049694892,-0.06646992,0.059687898,-0.22815731,-0.018528689,0.032094292,0.09461732,-0.045431413,-0.012534134,-0.042115096,0.11736857,-0.10501098,-0.06796664,-0.017477639,-0.012469251,-0.042231698,-0.095011845,0.08365508,0.0036927664,0.16749607,-0.092791654,0.030200813,-0.06649934,0.022030609,0.048011217,0.004415343,-0.07652121,-0.06114257,-0.112314835,0.024329422,0.07929332,0.007676313,-0.022238443,-0.039895754,0.009074102,0.06462401,0.056903422,0.14184794,-0.056564853,-0.015503918
TCGA-BH-A5IZ-01A,-0.101020746,-0.06257164,0.119862854,0.08318661,0.0068624285,0.06652293,0.0015536842,-0.021700991,0.005308546,0.0006491432,0.015535582,0.016764471,-0.013849724,0.04511299,0.059976432,-0.087695315,0.040576793,-0.006315843,-0.03482895,-0.17928664,-0.01406775,-0.023149816,-0.12838694,0.17017922,0.0036925187,-0.06953483,-0.19641377,-0.05632923,-0.03848245,0.0046312283,-0.034674898,0.041020203,-0.06355624,-0.08091942,-0.1360571,-0.08252169,0.054068405,0.02784413,-0.067314774,-0.09105323,-0.017632702,0.069341205,0.11689244,-0.023713648,-0.028266862,0.005138923,0.097981155,-0.003379755,0.07976986,0.13453235,0.042030316,0.01657962,0.044265036,0.056900352,0.023383072,0.0038246803,0.0822301,0.0428119,0.017632011,-0.057525884,0.110134944,0.019733768,-0.10325895,0.046501745,0.0075274445,-0.070222326,0.20772474,0.0034088711,-0.05654921,0.032526966,-0.11295816,-0.029724188,0.07542393,-0.11439698,0.06382226,0.042435925,-0.022792386,0.06746424,-0.019802231,-0.018625623,-0.013643293,-0.02898258,-0.0147595145,0.14762945,-0.099189706,-0.058538925,-0.014731088,0.09203654,0.04380128,-0.047414944,0.061469596,-0.04976109,0.1634643,0.0835161,0.08833004,0.0051613175,-0.007289792,0.039513487,-0.054715876,0.039885577,-0.017025981,0.093336724,-0.013081542,-0.018997343,-0.03132415,0.009278977,-0.026003357,-0.050752908,0.040637728,0.03571312,-0.048983637,-0.048826702,-0.038728155,0.053492874,0.15773794,0.066556044,-0.016476808,0.02240216,-0.11189827,0.004997959,0.099377096,-0.16102795,-0.008167019,0.03678053,0.05888186,-0.017088559,0.010124935,0.07791908,-0.02682364,0.19567704,0.07848951,-0.07410931,0.02473565,-0.016865643,-0.14956205,-0.006260942,-0.07439109,0.08789077,-0.018271083,0.044963382,0.01707756,-0.20490484,-0.0071927807,0.053075645,-0.03396941,0.05046242,-0.12599587,0.036668118,-0.00060210197,-0.07194181,-0.11137748,0.031357832,-0.028438412,0.05217506,-0.05428268,0.033642158,0.024521613,-0.036258746,0.019169582,0.056972325,-0.019601488,-0.07982753,0.0024258066,-0.13858737,-0.014679291,0.008414087,0.073241085,0.058282625,0.06444333,-0.037713137,-0.051909793,-0.039095014,0.12161621,0.032352135,0.0045584724,0.04860491,-0.07010237,0.099471286,0.0015097718,0.15625729,-0.068411395,-0.07468216,0.026861845,0.02732748,0.09054415,-0.036897257,-0.06160739,-0.0051638787,-0.017542757,0.029598303,0.08882185,-0.005472314,-0.023056233,0.01645393,-0.013337058,0.035187244,0.086545266,0.043870036,-0.086541176,-0.055110984
TCGA-A2-A0YK-01A,-0.047263477,-0.030619234,0.041714113,0.06056686,-0.047457736,0.0812391,-0.066603966,-0.09673494,-0.09177995,0.024531042,0.0025754948,-0.03474627,0.07063208,0.15036039,0.13717541,0.00053316023,0.06372895,0.091825664,0.008908329,-0.11773742,-0.09281411,-0.03302671,-0.07958038,0.06150645,0.005502358,-0.045257084,-0.13772236,-0.041822504,-0.04151806,-0.100898616,-0.10426516,0.042657487,-0.10820218,-0.14108592,-0.07107607,-0.10985113,0.03527563,-0.0042417734,-0.07356644,0.05954893,0.028674403,0.1547985,0.15652989,-0.059102844,-0.006397942,0.02742702,0.051887166,-0.036212035,0.045313135,0.07604208,0.07839191,0.13411292,-0.018137716,0.10105126,-0.0015110216,0.02328363,0.084095135,0.08039425,0.009847368,0.0002595863,0.009287327,-0.01838965,-0.078436926,0.08667458,-0.101821676,-0.009415811,0.10415876,-0.019507676,-0.024805963,-0.038822934,-0.13825913,0.09736919,0.01660784,-0.1048178,0.121660694,-0.018722089,-0.033604376,-0.06716666,0.064353794,-0.017928582,0.01833424,-0.13159989,-0.052577298,0.05646456,-0.06508705,-0.022706542,-0.03469543,0.05921113,0.031119091,0.01576899,0.06532157,-0.13463931,0.022152245,0.025455836,0.084971875,-0.011276872,0.016836721,-0.03416889,0.06258117,-0.011890625,-0.051664487,0.027083648,0.014268341,-0.1585023,-0.07777399,-0.012154277,-0.070258014,-0.06716344,-0.038686417,-0.044148397,0.005636013,-0.08984064,-0.09158265,0.16288173,0.062033515,-0.0667103,-0.08760722,-0.04594528,0.01562175,-0.006573353,0.009015176,-0.08720823,0.0063971886,0.031493384,0.10600103,-0.019659955,-0.11287683,0.06769224,-0.04760376,0.119245864,-0.00090826774,-0.07452282,-0.024219306,-0.0012642079,-0.12498055,-0.0030053912,-0.047241878,0.026914537,-0.028175503,0.030410655,-0.0432736,-0.08839237,0.06867997,0.100928955,0.06500408,-0.04525652,-0.13149694,0.05146245,-0.05186711,0.017636444,-0.00033120575,0.013900534,0.023661753,0.07069559,-0.050121557,-0.008463005,0.039384335,-0.104550846,-0.063053735,0.008844912,-0.018339334,-0.06011983,0.029511977,-0.08236742,0.005705829,0.0832569,0.09721483,-0.009298492,0.027700935,0.015035091,-0.008854161,-0.072419606,0.023189807,-0.028937882,-0.013166142,-0.10029682,-0.011973683,0.12503706,0.07918682,0.15632802,-0.013829922,-0.029606985,-0.073194854,0.14231396,0.008236202,-0.03135227,-0.12513062,0.02957823,-0.056200564,0.08401808,0.124629326,-0.06450237,-0.10005103,-0.009010864,0.034278933,0.052635834,0.12766877,0.06654354,0.035591897,-0.019169005
TCGA-LL-A5YP-01A,-0.05136958,-0.0060196863,0.09977655,0.07187573,0.026023595,0.12200583,-0.013998539,0.046222903,-0.0063468325,0.04389547,-0.03832065,-0.05863915,0.04687196,0.19292381,0.16638745,0.033911344,0.032973107,0.1454996,0.053713784,-0.17874865,-0.0433879,-0.0045164977,-0.06132806,0.014063813,-0.0025949655,-0.06793216,-0.15641141,-0.03353214,0.03269224,-0.103706606,-0.0589908,0.07750134,0.010183347,-0.12526335,-0.052801028,-0.081682965,-0.03463358,-0.013508914,0.00087680784,0.02780026,0.03279244,0.14687298,0.09242104,-0.12301993,0.007592375,-0.004308095,0.06415743,-0.08095462,0.11556705,0.029042296,0.051742557,0.045838743,0.061849196,0.0032160524,-0.07314639,-0.014545372,-0.022661114,0.03903455,-0.068297535,-0.013821593,-0.02036545,0.04062173,-0.100895986,0.20576234,-0.11528878,0.004240594,0.08031552,-0.040671937,-0.13698722,0.02425077,-0.06469525,-0.040147934,0.00032896706,-0.13035037,0.030966764,0.009184823,-0.051256545,0.08146538,0.13793917,0.06388023,0.053751286,-0.0059608063,-0.02574372,0.08214661,-0.026110448,-0.050506584,0.04411301,0.07881164,0.08455447,0.024286773,0.12382073,-0.12670751,0.04422749,0.098115265,-0.029657116,-0.027005136,-0.054886557,-0.003093744,-0.020641277,0.008467681,-0.008471423,0.115266584,0.06609849,-0.12245206,-0.038694873,0.018524595,-0.064513914,-0.024594072,0.098073676,-0.018621663,-0.027079916,-0.025118046,-0.0031435825,0.16003165,0.15310289,-0.009949029,0.06333484,-0.029255778,-0.09632034,-0.014562293,0.027362986,-0.06766802,0.017122185,0.088756815,0.037808895,0.06896587,-0.050503552,0.048915666,-0.035803314,0.089035235,0.16527662,-0.088065155,-0.060446903,-0.051304962,-0.13804415,-0.07614451,0.03125012,-0.03748919,0.04901995,0.16685976,-0.061523784,-0.10896187,0.029905047,-0.02629975,-0.059492327,0.07201937,-0.07289082,-0.00872222,0.015661422,-0.001264106,-0.06930579,-0.024985116,0.039671283,0.029112102,-0.023971178,0.048852302,0.022090042,-0.0073277475,-0.0900727,0.008578784,0.01142689,0.0073833214,-0.011306125,-0.18206578,-0.066636354,0.08672221,0.05350189,-0.00046279957,0.013310629,0.009631635,0.011372811,-0.16040929,0.046565108,0.008640599,0.021079486,-0.054318354,-0.013005265,-0.025784666,0.07106262,0.11602173,0.013227255,-0.0093892785,-0.049151108,0.034859207,0.0118456585,-0.04420465,-0.05855807,0.0192597,-0.0021528266,-0.036766138,0.07137687,-0.012939149,-0.0015414893,0.054262433,-0.06338777,0.024526507,0.0011820215,0.032563813,-0.049595628,0.030896923
TCGA-BH-A0W4-01A,-0.045544375,-0.06627294,0.11850913,0.011671819,-0.005523283,0.006088424,0.014537117,-0.045883127,-0.036828894,0.021995116,-0.005673482,-0.028538818,0.017463872,0.16553351,0.12109128,-0.03993244,-0.0071705114,0.11753468,0.044018205,-0.105690084,-0.014585763,-0.0551581,0.023746138,0.10612442,0.07508509,0.034064766,-0.10440673,-0.037047625,-0.083557956,-0.0011274432,-0.09254115,-0.050452124,-0.03109971,-0.08779311,-0.05775019,-0.06653506,-0.08100946,0.0056677586,0.01274846,0.12148236,-0.054040123,0.083215155,0.017072275,-0.150111,0.048945017,-0.053250976,0.0011767583,0.036452506,-0.0026744734,0.11367926,0.09803446,0.032578073,0.03477813,0.07695063,-0.0054071783,0.013427304,0.1360957,-0.05485757,-0.0030352545,0.022393225,0.084228665,-0.030314747,-0.018511014,0.05480118,-0.05116232,-0.05408166,0.08588732,0.035474826,-0.10473456,-0.0287989,-0.161351,0.0068465797,0.07055272,-0.26485142,0.15822056,0.06382879,-0.03979493,0.04249692,0.058240436,-0.11046385,0.014993939,0.006178261,0.0025671003,0.010776713,-0.00861767,-0.016161975,-0.0029857354,0.14192756,0.032965668,-0.024906242,0.024247058,-0.08265662,0.07675896,-0.024779866,0.120169155,-0.07318295,-0.11441803,0.0065966784,-0.038812377,0.03944897,-0.043216765,0.0637029,-0.038557414,-0.059742976,-0.054417532,0.016055891,-0.16422072,-0.07515808,-0.04499248,0.006917903,-0.032637447,-0.13234796,-0.058369312,0.11140685,0.084838316,-0.04848559,0.032932214,0.0082695875,0.072313905,-0.050477,0.12864363,-0.12696643,0.107150614,-0.0013944198,0.026985293,0.020814369,0.03673811,0.025768138,0.025577413,0.085059375,0.016819285,-0.057422094,-0.08375143,-0.040038813,-0.115331754,-0.022218121,-0.084641166,-0.064232446,-0.038805723,0.013080805,0.0069348123,-0.12713933,-0.068404205,0.032849226,0.060175475,-0.06603447,-0.12840742,0.044255327,-0.030823875,-0.032121524,-0.029993208,0.010253019,-0.02555573,0.017742658,-0.06767347,0.083605886,0.050198324,-0.10532643,-0.0014292528,-0.0046445527,-0.09685535,-0.030588014,0.032057073,-0.19913346,-0.04539764,0.060961287,0.12594444,0.046223693,-0.024769787,-0.067592725,0.049535174,-0.055135444,0.017983424,0.03324285,-0.046100657,-0.04511852,0.00079208845,0.037038956,0.11387117,0.11574161,-0.027179785,-0.07293774,-0.078769386,0.06655676,0.04357625,-0.052246455,-0.092718415,-0.099496245,-0.07376351,0.0029767668,0.094431035,-0.025433078,-0.087980755,0.011132679,-0.0015400884,-0.05206684,0.04327333,0.044329952,-0.016174816,0.0028836655
TCGA-EW-A1PH-01A,-0.030010086,-0.021083964,0.11239254,0.093726315,0.013425536,0.045546275,-0.0034452798,0.07911221,0.02671739,0.0077107325,-0.06444664,-0.015395416,0.059905943,0.15820394,0.11242261,-0.049083386,0.011045487,0.0805559,0.029374266,-0.14356391,0.006413179,-0.061876267,-0.07513874,0.04464572,-0.008934973,0.032801323,-0.14443623,-0.11545716,-0.04354468,-0.13373153,0.087290525,-0.025754614,-0.101211414,-0.09929541,-0.039826013,-0.08432127,0.008007056,-0.017000467,-0.08936351,-0.07217371,-0.00012701619,0.11124762,0.06473382,-0.07851828,-0.08837192,-0.044251762,-0.105474606,-0.0659067,-0.006592357,0.060290147,0.030733868,0.023103353,0.10235491,0.041757353,-0.016499938,-0.017610606,-0.01808992,-0.04420845,-0.108145915,0.050582256,0.05430982,-0.052257057,-0.041240633,0.18036346,-0.08895875,-0.033987608,0.07387606,0.050445057,-0.15433447,-0.09711639,-0.093453795,-0.008836819,-0.03544735,-0.12383021,0.006433254,-0.0047703166,-0.027787069,0.08299404,0.112773605,0.008569891,-0.08122639,-0.091935895,0.0053179725,0.10060936,-0.057863884,-0.08070778,0.07029671,0.06397714,0.19725287,-0.044993874,0.09476104,-0.107451186,-0.017459868,-0.008559985,0.023561146,0.08203821,0.010998095,-0.09224459,0.06253297,-0.028846592,-0.055895533,0.01427232,0.014242418,-0.0891728,0.03944098,-0.032274954,-0.08917669,-0.03128512,-0.011877034,0.089240216,0.012145394,-0.06507858,-0.03152912,0.07582296,0.0760287,-0.105211034,-0.11608314,-0.013545269,-0.04548729,-0.0066585415,0.035465978,-0.07271237,0.04858008,0.12644127,0.08456982,0.017204354,-0.059930835,0.11486612,0.037343442,0.14766061,0.09311755,-0.07909946,-0.0010147012,0.001490453,-0.16876094,-0.016938247,0.048408855,-0.0019439922,-0.025089532,0.09781248,-0.011361733,-0.15582183,0.040926676,-0.030723976,0.009990837,0.010816909,-0.12097264,-0.020913867,0.08924233,-0.05558725,0.02603416,0.015873212,0.029036758,0.052395552,0.008444762,0.09845109,0.010050212,-0.061397564,-0.09897855,0.040101856,-0.017570483,-0.03719606,0.039546248,-0.18009622,-0.07536575,0.037544042,0.010890274,0.05397069,-0.047180753,0.027148591,-0.096713774,-0.06038555,0.010099667,-0.023027109,-0.035002224,-0.012292324,-0.096828155,0.084570974,-0.03426738,0.050027993,-0.054439634,-0.0549404,-0.058453232,0.07534385,-0.025262665,-0.068804786,-0.030699475,-0.003288649,-0.024519095,0.020520424,0.067289636,-0.092283025,-0.054806627,-0.005549528,0.037509017,-0.09548432,0.09768494,0.015851067,-0.010090036,-0.007466476
TCGA-BH-A203-01A,0.027292712,0.012436273,0.15646815,0.051939987,0.02261912,0.024174998,0.024730474,0.06709235,-0.000442829,-0.014381826,0.02073473,-0.03856147,0.04792569,0.12546669,0.091559105,-0.028177636,0.01867742,0.10436845,0.06410052,-0.13279168,-0.03813388,-0.08966415,-0.04044089,0.00060927216,-0.012241848,-0.0093221525,-0.10389279,-0.072817795,0.032963753,-0.046890922,-0.046174258,0.013470815,-0.049577624,-0.18599325,-0.033544835,-0.12627017,-0.085381284,0.08721488,-0.017347066,0.028475476,0.033006888,0.1177206,0.17431392,-0.06983172,-0.07242136,0.025642872,-0.0027492796,-0.014092927,0.075846955,0.048797946,0.09548877,0.0043595005,0.10645035,-0.013747624,0.0028587345,-0.01059894,0.04921163,0.0107580945,-0.024540616,0.13594757,0.0066180113,-0.012232135,-0.0067248675,0.050717447,-0.023868619,-0.042879596,0.10420302,-0.077554844,-0.09629639,0.014571777,-0.10315503,0.060166888,-0.015008733,-0.18274261,0.1866487,-0.014203698,-0.01095879,0.08150655,0.1649707,0.007838928,0.031782012,-0.08165122,0.020387448,0.05825057,-0.092582315,-0.07555388,-0.01405593,0.114244826,0.0016232148,0.005628076,0.092156686,-0.035090517,-0.055248454,0.015146624,0.0044951807,-0.008483381,-0.06151984,-0.072449856,0.11812526,-0.07130248,0.10544578,-0.0022844078,-0.068691656,-0.12161266,-0.05731032,0.04355583,-0.0990497,-0.03763865,0.009736164,-0.015061455,0.058076065,-0.0737232,-0.13504402,0.13554619,0.0672309,-0.059428446,-0.072383024,-0.05172942,-0.03721877,-0.03915246,0.08653504,-0.11552933,0.048669007,-0.051094335,0.0055920407,-0.039544355,0.016121244,0.06700031,-0.00049122894,0.10430535,0.0125110485,-0.006333369,-0.023668855,-0.06575828,-0.1464418,0.057014193,-0.009324314,-0.006440743,-0.07247958,0.05365772,-0.028608471,-0.17140491,0.046696868,0.013845107,-0.007088959,0.009571719,-0.04443507,0.010283837,-0.07241123,-0.022211894,0.09440951,-0.0006457315,0.05320731,0.14176627,0.041584995,0.1037976,0.003054697,-0.12907878,-0.039879248,-0.0847308,-0.041636836,0.004348341,0.01956511,-0.07399536,0.035065245,0.058207255,0.11160121,0.114975266,-0.002262989,-0.06682692,-0.064513884,-0.03215635,-0.059147246,-0.06829595,0.09225511,0.019085206,0.017035486,0.13645285,0.015566762,0.046126,-0.115510456,0.040252972,-0.04804363,-0.0059206174,-0.009541618,-0.05229358,-0.11598702,-0.028067011,-0.09031314,0.024984056,-0.0057716114,-0.020395678,-0.072513275,0.008056335,0.07161647,-0.009212701,0.13883512,0.03327307,0.0123890145,0.031124959
TCGA-LD-A74U-01A,-0.05620743,-0.09895016,0.105061516,0.03606564,-0.02445267,0.040323317,0.019397167,-0.038161755,-0.057877503,0.054789443,-0.037838064,-0.08981971,-0.043031745,0.17532822,0.1819811,-0.03881541,0.014909633,0.016068384,0.019343069,-0.19427174,-0.020624358,-0.10575831,-0.010314576,0.17966749,-0.007478082,0.0018874506,-0.14001189,-0.098181725,0.034791138,-0.042529035,0.037098635,-0.00097568176,-0.10075371,-0.1328397,-0.06838962,-0.17832848,0.022500262,-0.019085282,-0.10069959,-0.008119267,-0.061344896,0.061569706,0.0762582,-0.03268284,0.0047941734,-0.010732776,-0.035861813,0.019820374,-0.03082578,-0.029075801,0.011692742,-0.04975509,0.04438039,-0.016116269,-0.05593986,-0.015108588,0.1043832,0.014255288,-0.013135889,-0.016403463,0.09017333,-0.055746052,-0.098044395,0.09782125,-0.012415163,-0.06913276,0.17969024,0.050161745,-0.098596655,-0.0016396368,-0.16043526,0.01684423,-0.05493225,-0.23839414,0.071326144,-0.0055802525,-0.042476855,0.061820224,0.08426335,-0.045653634,0.030748932,-0.022730153,0.0036011036,0.034957405,-0.033411197,-0.00046319416,-0.031682376,0.008514407,0.11045918,-0.050389994,0.032623142,-0.06293636,0.007487409,0.040113177,0.05947969,0.014032965,-0.059411604,0.071757734,-0.008373329,-0.075719155,-0.002342802,0.05596678,0.11799716,-0.105311945,-0.08105953,0.008998685,-0.02594244,-0.06191398,0.0029613075,0.024721442,-0.017982641,-0.050646376,-0.10443368,0.12540115,0.09882088,-0.07070083,0.040201887,-0.042810436,-0.005718831,-0.037378944,0.07997478,-0.16079932,0.09797872,0.1157544,0.0021437807,-0.019311717,-0.004438015,0.095006265,0.008628901,0.047376636,0.07931522,0.04439948,-0.06999307,0.0265093,-0.16845238,-0.0059663816,-0.06524266,0.0058929254,-0.015522521,-0.0026743987,-0.008225983,-0.12470417,-0.031927932,-0.046081904,0.0079134265,-0.062768586,-0.1209958,0.04922487,-0.04076416,-0.051804766,-0.008001346,0.073210806,-0.026657164,0.036425103,-0.027709674,0.012329026,-0.069332786,-0.08620721,0.024412269,-0.043930203,-0.037346084,-0.01906928,0.018000858,-0.09442149,0.015648374,0.034279052,0.105427906,0.029595764,-0.0007213789,-0.03731189,-0.06744376,-0.063797385,0.044467896,-0.06333166,0.05820892,-0.108420916,-0.0022524295,0.061322343,0.047838036,0.17333646,-0.014941258,-0.037406348,-0.044078235,0.051338434,0.06508734,-0.040745165,-0.10117027,0.028220098,-0.050010122,0.061459698,0.11039891,0.029564686,-0.106815554,-0.04789856,0.023420693,0.048094966,0.0039582103,0.05240906,0.052723274,-0.03849756
TCGA-D8-A27I-01A,-0.057503268,-0.037813824,0.05186108,0.01801505,0.010879489,-0.053359427,0.010676725,0.009090783,0.014476729,0.06559342,0.030942673,-0.040856313,-0.11887588,0.1613246,0.09019495,-0.09711535,0.0046191583,0.037083562,-0.05159929,-0.055906646,-0.09759277,-0.12535344,-0.049205698,0.12649995,0.028828083,0.0717043,-0.12226331,0.052668817,0.1196615,-0.025907522,-0.017473787,0.08414437,-0.11145697,-0.17417131,-0.14218846,-0.041164935,0.0029884875,-0.03148041,-0.078634165,-0.03747707,-0.008830807,0.10277664,0.1053331,-0.1125288,0.11922936,-0.007942396,-0.033412296,0.009627453,0.028879328,0.05630962,0.13511015,0.020161115,-0.06357277,0.015576215,0.020746404,-0.036806796,0.045277722,-0.058568273,-0.03707999,0.05821162,0.037679654,-0.05473365,-0.053632274,0.055263676,-0.06842193,-0.007805239,0.08798105,-0.03325348,-0.06223371,-0.0970338,-0.15039742,0.035959557,0.029132487,-0.15135936,0.2370982,-0.03624875,-0.028117012,0.003424238,0.08479096,-0.03822796,0.020823475,0.017082395,-0.015940135,0.050830983,-0.051561408,-0.09447424,-0.078790836,0.004440884,0.15564685,0.013664003,-0.0842926,-0.093092665,0.05648728,0.026401388,0.059433647,-0.029630166,-0.07203848,-0.0388063,0.04406829,-0.07545133,-0.029720102,0.039220065,-0.010790842,-0.071470566,-0.07962229,0.04585718,-0.07204297,-0.02537718,0.061364997,-0.0325283,-0.10076813,-0.106483646,-0.05837222,0.0206981,0.0066586086,-0.027491366,-0.01463537,-0.012057517,-0.019304536,-0.0021788562,0.083255835,-0.089562684,0.06586014,0.022518748,-0.02921271,0.0045544435,0.037532795,0.0012466032,0.074838825,0.08428094,0.03978821,-0.0022359695,0.063342065,-0.07291843,-0.14545408,0.030566087,-0.019334633,-0.016528383,-0.032655433,-0.07019831,0.024612537,-0.15657344,-0.03904193,-0.003903635,0.071528904,-0.0026946983,-0.13286184,-0.057013806,-0.112485886,-0.017102305,0.020569848,0.05410118,-0.042507052,0.09672097,-0.031056264,-0.028314812,0.06353716,-0.09323147,-0.12305285,-0.025935423,-0.018360179,-0.027329033,0.08319714,-0.09190579,0.01651245,0.093791656,0.011199404,0.03283844,-0.067814276,-0.052158564,0.019703452,-0.033305816,0.011506012,0.022527983,0.06824171,0.031669427,-0.09824069,0.12919062,0.07803338,0.06381703,0.025785666,0.0746863,0.009207622,0.05782436,0.103790335,-0.017289959,-0.10996736,-0.13420874,-0.14892577,0.035630085,0.11882029,-0.015349166,-0.065862335,-0.014452466,-0.024871511,0.03146831,0.03845926,0.042442154,-0.07361065,0.09363262
TCGA-E2-A1B4-01A,-0.064225286,-0.028234608,0.10844997,0.045474056,-0.015772913,0.04095753,0.0069282167,0.0286957,0.041570146,-0.016968347,-0.080097005,-0.0005925265,-0.019385807,0.10254267,0.07106399,-0.06244734,-0.003686596,0.06455306,-0.06508789,-0.12171252,0.015810562,-0.09256103,-0.093898155,0.027729355,-0.007551455,-0.05836604,-0.2544283,-0.05600721,-0.00773444,0.0030484577,-0.09388103,0.057802524,-0.10120865,-0.10062937,-0.1673341,-0.0717875,-0.06856086,0.05858496,-0.06566198,0.01432209,-0.06039991,-0.025849909,0.030523615,-0.09689004,-0.07140188,0.03826375,0.043702688,0.056509685,0.039702274,0.11927481,0.060653932,0.06632384,-0.024159698,0.14122309,0.0062332456,-0.046303354,0.02646272,-0.024997484,-0.09690652,0.037100777,0.07293287,0.008548976,-0.10795766,0.027443858,0.009198294,-0.027691094,0.08536832,0.03164578,0.011907289,-0.00060994865,-0.15344912,-0.037140034,0.008571763,-0.11067108,0.12870772,-0.045763467,-0.07284896,-0.044905696,0.10765703,-0.009661556,0.05144165,0.047275115,0.034990024,0.10186512,-0.118598565,-0.038920835,-0.07464047,0.042286806,0.14202088,-0.03758431,-0.09355076,-0.029111452,0.08447428,-0.007680288,0.057244148,-0.15964937,0.011514689,0.0023963621,-0.050479304,-0.08363824,-0.010423726,0.03430366,0.057168826,-0.12306887,-0.042831093,0.0037519613,-0.037317287,-0.15741336,0.07413611,-0.04565121,0.008157627,-0.083262034,-0.035299715,0.067881554,0.09288228,-0.0856597,0.06677194,-0.12970032,0.020232163,0.019317234,0.020702934,-0.12647517,0.13071609,0.04338876,-0.12955451,0.010423003,-0.06282088,-0.003391758,-0.010854971,0.1512842,0.00843354,-0.057091802,0.0072432854,-0.007848727,-0.07341293,-0.07144983,-0.04484679,0.03847011,-0.023233214,0.049372796,-0.07272515,-0.10483255,-0.058454663,-0.06195448,0.017659679,-0.076989405,0.022100152,-0.0758208,-0.01914688,-0.0853483,-0.04165072,0.08644184,0.02119114,0.0047511715,-0.024048172,0.03898385,0.007000952,-0.05087765,-0.008098902,0.018445875,-0.06918234,-0.041433122,0.029382924,-0.14303106,-0.01186761,-0.000117146505,0.051726997,-0.043787982,0.012872614,-0.005709844,-0.058335938,-0.122604355,-0.00845422,0.05133877,0.01261808,-0.08430598,-0.059077892,0.14295207,0.10231578,0.088592894,0.04383784,-0.08133682,-0.11951014,-0.009106601,0.045552354,-0.01775367,-0.17219578,0.013277566,-0.0017741654,-0.010088608,0.10411338,0.020310761,0.01653073,0.023494175,-0.04369108,0.03924707,0.079602875,0.094077386,-0.04371663,0.0026667148
TCGA-BH-A0HK-01A,-0.034809146,-0.12826405,0.17404251,0.104114875,-0.041674722,0.12293162,0.037670806,0.0011681361,-0.15164779,0.019562,0.054460872,0.035624802,0.023363039,0.099330366,0.080827706,-0.031832594,0.050562315,0.08234436,-0.006350893,-0.07911606,0.048332218,-0.017036917,-0.052275386,0.050558895,-0.007856084,0.004244695,-0.07648029,-0.02362269,-0.002913853,-0.067830555,-0.045655247,0.092337884,-0.117320426,-0.16739786,-0.113989115,-0.0005819922,-0.016765328,-0.022407487,-0.030567588,-0.07015275,0.03449182,0.12203994,0.057708193,-0.001428711,0.021791333,-0.008745218,0.015313095,0.07654162,0.028354716,0.06124526,-0.013300135,0.047811866,0.061074216,0.057038788,-0.004094049,0.042238727,0.07653956,0.08571696,-0.057380334,0.015922602,0.03598873,0.015384678,-0.043431297,0.04671347,-0.012499334,-0.025609307,0.14447437,0.0129363565,-0.17766456,-0.01949193,-0.111656904,0.0012672073,-0.05039456,-0.12789705,0.013382545,0.0241258,0.045274135,0.024935964,0.049480785,-0.07961656,-0.038327128,0.027891597,-0.04354816,0.02573834,0.028943386,-0.09283667,-0.0480378,0.03374277,0.102000825,-0.09505765,0.10813983,-0.17007393,0.09910391,-0.011365419,0.11928882,-0.001597005,-0.043699864,-0.041779365,0.004015202,-0.033922903,-0.0671956,0.049963877,-0.002370168,-0.11221052,-0.057116788,0.04232189,-0.02720493,-0.093171135,-0.062158305,-0.076773256,-0.08570102,-0.068578266,-0.06200439,0.030029897,0.09527479,-0.07230298,-0.035626125,0.025339521,-0.045041665,-0.08171524,0.07947469,-0.043187756,0.15288877,0.05059542,0.06688417,0.025993217,0.041458756,-0.060005438,-0.01782771,0.083041824,0.07858419,-0.01907314,-0.046147957,-0.03210347,-0.1324782,-0.025069557,-0.04748594,-0.018369049,-0.12315804,0.033155307,-0.14245608,-0.06958412,0.057213344,-0.038901523,-0.028826697,-0.054818083,-0.121473305,-0.026655355,-0.021473749,-0.11849944,0.012473578,0.055618886,-0.0093925465,-0.027598878,-0.039572373,0.04107051,-0.010455673,-0.11266016,-0.056707818,-0.011328277,-0.020374803,-0.1064286,0.09159488,-0.15627359,0.023999522,0.10409718,0.22545245,0.070380226,-0.033866566,0.07091476,0.056702632,-0.03176255,0.0196615,0.02126015,-0.014587274,-0.04985158,0.021238608,0.0041938643,0.082690224,0.094797656,-0.072845355,-0.07035081,0.026099268,-0.039089024,0.048285637,-0.017081764,-0.17996998,-0.061238233,0.0026716692,-0.11541977,0.05111531,-0.024666985,-0.06485872,-0.031037034,0.005564949,0.034021433,-0.042792488,0.11381386,-0.008272176,0.0054019177
TCGA-AC-A5XU-01A,-0.029704323,-0.0016261344,-0.04162809,0.07235413,0.010080045,0.053503286,0.004389677,-0.0002063169,-0.101106256,-0.014511262,-0.08265591,0.0023186554,-0.068933405,0.16139771,0.085470304,0.011102833,-0.024955563,0.11954977,-0.048414867,-0.062175248,-0.020861736,-0.062632225,-0.070558004,0.103186876,-0.07895568,-0.031228391,-0.10373582,-0.032414462,0.0016547224,-0.094958,-0.019739522,0.005851014,-0.027104333,-0.12940194,-0.08600485,-0.09476519,-6.306455e-05,-0.023985108,-0.06558801,-0.043030843,-0.076604754,0.12928271,0.05756137,-0.092538305,0.031069748,-0.10829848,-0.0047718952,0.021694077,0.09183555,0.13605763,0.02284281,0.072101906,0.04954237,-0.025405178,-0.053335894,0.053101826,0.07191909,-0.07548857,-0.061924074,0.038851082,0.03705124,0.08410805,-0.047866803,0.13739227,-0.020867253,-0.075023845,0.10462393,-0.03011674,-0.13231786,0.04441427,-0.10622281,0.007475409,0.0592968,-0.14619215,0.023330843,-0.014050444,0.011800763,0.06484346,0.02273422,0.0082760295,0.06615596,-0.037599154,-0.04022287,0.100409545,0.027731199,-0.11226535,0.043767672,0.07942681,0.11514385,0.013547943,0.003165213,-0.096768826,0.11997132,0.093909495,0.048651587,-0.08896248,-0.0910853,-0.02905585,-0.029939368,-0.010888678,-0.003127747,0.031735234,-0.066147216,-0.096421614,-0.04136133,-0.035871956,0.00027409973,-0.04349651,0.06569136,0.022644224,-0.029495731,-0.11206697,-0.10641473,0.12142383,0.034667417,-0.07760708,-0.013556153,-0.01097396,-0.07878465,-0.106744975,0.11595423,-0.060600456,0.1333819,0.04244026,-0.0007221051,-0.006887986,-0.04712017,0.07543399,0.059958886,0.066750646,0.015571337,-0.0050715706,0.028806057,-0.02453573,-0.118773445,-0.010319464,-0.031521305,-0.020432618,-0.030854214,-0.054340106,0.047003146,-0.13108136,0.017508846,0.07501113,-0.046083655,-0.11564828,-0.16492285,-0.050715987,0.054112528,-0.045218382,-0.02550842,0.09900317,-0.04118409,0.079077415,-0.067264594,0.09318762,-0.010711991,-0.02932099,-0.11886192,0.015200637,0.0072292676,-0.03394487,0.07192143,-0.22106975,-0.023515986,0.0783969,0.039221194,0.021072587,-0.07537165,-0.096377626,-0.011318949,-0.091807656,0.064523175,0.005657276,0.04521863,-0.028936291,-0.16446358,0.116546534,0.07266143,0.11324118,-0.023360714,-0.012047046,-0.06602102,0.094027266,0.038757242,0.06803308,-0.045451667,0.0028086419,-0.03869744,-0.04135512,0.13046832,0.04859852,-0.050147485,0.035861965,-0.06744962,0.06565591,0.023381202,0.028200034,-0.052972753,0.059088882
TCGA-AC-A8OR-01A,-0.044324562,-0.015721628,0.076434396,-0.008456124,-0.04614722,-0.09348933,0.018035026,-0.0091866795,-0.06517568,0.007437955,0.069109276,-0.024482552,0.032114267,0.1685812,0.044871736,0.008289374,0.09793198,0.107061826,-0.035663817,-0.13135673,0.037903838,-0.032588366,-0.0534322,0.10996093,-0.038570512,-0.09689828,-0.13274565,-0.004698087,0.07889423,0.015055447,-0.057065576,0.018811896,-0.0947803,-0.06506857,-0.09227145,-0.1211601,-0.037036188,-0.028987357,-0.07851622,-0.03792139,-0.009224984,0.014198797,0.06322351,-0.12245514,-0.04829234,-0.089867555,0.01436,-0.006030443,-0.00434358,0.09551107,0.08149858,0.04604575,-0.0014633475,0.06597966,-0.028518815,-0.009111767,0.06898909,-0.034551978,-0.005982081,0.05379136,0.044281725,0.051811967,-0.08787805,0.08658624,-0.012200134,-0.01181918,0.13816811,-0.024839448,0.0038973053,0.005512644,-0.18030497,0.06301501,-0.0015967307,-0.13262303,0.08636189,0.0040936535,-0.01879339,0.0021956975,0.14443718,0.003587488,0.008039338,-0.034139138,-0.057495452,0.07618351,-0.09498958,-0.057204697,-0.03611103,-0.024496838,0.04065484,-0.07738944,-0.031171657,-0.1514929,-0.015836649,-0.025496876,0.12065802,-0.04815312,-0.011194263,0.053559024,0.040880267,-0.09453858,-0.06287452,-0.006145306,0.033122286,-0.13578328,-0.10838713,0.07117953,-0.114659525,-0.043969274,0.028945459,-0.061264317,0.03303648,-0.13485879,-0.05350633,0.061785653,0.12158768,-0.048173334,-0.07315816,-0.061964985,-0.008421651,-0.007262026,0.10124849,-0.09637335,0.040065393,0.18381605,0.027672904,-0.014981431,-0.0926372,0.01853269,-0.0276217,0.16099194,0.0062454543,-0.063476145,0.017591609,-0.022238491,-0.1878116,0.003991537,-0.115575545,0.01881565,-0.038960915,0.028584652,-0.040890474,-0.09890122,-0.014542548,-0.006792825,0.032830093,-0.03185809,-0.11007606,-0.03357773,-0.07734011,-0.07600925,0.027346557,0.02459227,-0.03858213,0.015135628,-0.044820204,0.0518617,0.03965358,-0.118394725,-0.046816304,-0.0349934,-0.10779643,-0.02733806,-0.027947292,-0.11781394,-0.02574403,0.04558183,0.10554376,0.010170684,-0.082826704,-0.035201956,-0.007800858,-0.0831884,0.005823223,-0.0062891883,0.05619388,0.00478357,-0.03813686,0.14226186,0.045321133,0.21106777,0.0058972053,-0.028584806,-0.011020475,0.058481295,-0.1543004,-0.008877139,-0.07637915,-0.06501038,0.0083820075,0.018817285,0.1262314,-0.06605382,-0.04434873,0.039531134,0.068205334,0.026826825,-0.016927753,0.059087615,-0.017426603,-0.0039668824
TCGA-OL-A66O-01A,-0.024870118,0.05977641,0.07147753,0.07575655,-0.04607115,0.043578252,-0.024951605,-0.0006862567,0.011765591,0.037728246,0.05391865,-0.12127765,-0.060242396,0.22658323,-0.00039358946,-0.0079758195,-0.012897637,0.022416247,-0.023790192,-0.10147749,-0.047688212,0.012776791,-0.06214573,0.15719229,-0.118013464,0.027215254,-0.07408563,0.0021298896,0.05872456,-0.070661396,0.039346684,-0.015392735,-0.09103006,-0.105005436,-0.04618471,-0.11853524,-0.021402182,-0.006240281,-0.053655744,-0.0056378557,-0.057329237,0.11345194,0.18310666,-0.022717427,-0.057411365,0.039166875,-0.013514553,0.003004653,0.06229991,0.059663553,0.055618867,0.017507723,-0.055717368,0.05410525,-0.02534191,-0.014281422,0.034929413,-0.03430925,0.0047213784,-0.044649005,0.049780983,0.051563807,-0.031057803,0.05880061,-0.12308226,-0.0470931,0.16214755,0.032152265,-0.089566,-0.049110413,-0.0821727,0.018154034,-0.04938816,-0.17847215,0.20668757,-0.014051124,-0.067548506,-0.009348916,0.058444872,-0.0021966232,-0.06481982,-0.039221473,-0.044851307,-0.0069900504,-0.019648505,-0.038851447,-0.015374605,0.05896508,0.11030997,0.030166836,0.025652787,-0.0026468406,-5.4550444e-05,0.008053431,0.05093416,0.013735639,-0.034456767,-0.009688601,0.11619865,-0.03712186,-0.036027055,0.12083012,0.056669522,-0.060747456,-0.07627524,-0.015487494,0.035064135,-0.0779784,0.048450958,0.060578696,-0.05145208,-0.09208535,-0.10940776,0.061922844,0.15920116,0.00659846,0.017412266,-0.033320364,0.034627486,-0.015619065,0.14366786,-0.09203771,-0.011319483,-0.014372151,0.049218964,-0.022362752,-0.10650011,0.036822945,0.038309727,0.11069639,0.13790095,-0.08622342,-0.014112694,-0.08175571,-0.27048287,-0.008438608,-0.027030593,-0.018224154,-0.03989297,-0.060008723,-0.06050693,-0.14900193,-0.017449522,-0.020935021,0.082989655,-0.013740411,-0.06986001,0.013994534,-0.093347244,0.078038245,0.056036502,-0.010276963,0.028098684,0.04476968,-0.0662963,0.043304738,-0.06860266,-0.025540242,-0.0649268,0.0026698303,0.014040864,-0.020726023,0.10595382,0.016221533,-0.0018134301,0.05624694,0.02265275,0.008740657,-0.08556348,-0.059805393,-0.0072855037,-0.037578147,0.026481535,0.06415823,0.0766101,-0.063734844,-0.06230956,0.06956234,0.081752285,0.1694394,-0.07154368,0.06259479,-0.052367307,0.0002888702,-0.09075932,-0.048018977,-0.1106598,-0.088602245,-0.010468122,-0.002408281,0.007729809,-0.049543247,-0.13144183,-0.031919282,0.08004964,0.058938026,0.05902917,0.016697494,-0.07207397,-0.0012422915
TCGA-BH-A0H0-01A,-0.032102566,-0.035370927,0.093607314,0.0008638769,-0.08844767,-0.010803169,0.14080648,-0.014353233,-0.039114658,0.0036686675,0.050473828,0.0075841993,0.061956253,0.14942949,0.100372046,-0.0767845,0.022161333,0.12461048,0.023200199,-0.034504563,-0.056530006,0.0041252435,-0.037782654,0.02650265,-0.054628577,-0.05185286,-0.18491691,-0.14121263,-0.033551127,-0.03455664,-0.031016473,0.05781758,-0.010924393,-0.16272801,-0.08314543,-0.016341561,-0.005696718,0.02569387,0.041966572,-0.06357708,0.011040503,-0.0017743459,0.017162548,-0.12848322,-0.058380794,-0.0253553,-0.054191623,0.029140644,0.054415222,0.112827994,0.021722844,0.012688711,0.01025131,0.020841854,0.0011747114,0.0011966669,0.095194586,0.1050204,-0.016770145,-0.0042997603,0.06972644,0.038257584,-0.0756469,0.055674873,-0.057726778,-0.092757486,0.0675575,-0.030062215,-0.033176288,-0.0646034,-0.11999779,0.08681382,-0.06870486,-0.22594492,0.048260648,0.03359832,0.0029476325,0.04963928,0.06990936,-0.038735624,-0.007561477,0.021609064,0.033424027,0.07052702,0.02863991,-0.08558524,0.0038371615,0.09963206,0.09147632,-0.020400073,0.0725225,-0.10878235,-0.0137583995,0.026226196,0.0018766756,0.054877553,-0.02655726,-0.008519838,0.021043047,-0.08703227,0.01610316,-0.047741663,0.083176866,-0.12290328,-0.025151506,-0.1309622,-0.06048592,-0.13326718,-0.027794836,0.051217787,-0.07371086,-0.05647235,-0.070633054,0.028267968,-0.020477612,0.03880393,-0.0005959329,-0.01821824,-0.028076358,-0.018023042,0.094103865,-0.10524211,0.026540386,0.07046904,0.026129177,-0.03159032,-0.08584446,0.045827523,0.06975182,0.09944494,0.038334403,0.07245413,-0.06252317,-0.02097077,-0.1863877,0.039662432,-0.10534272,0.009789833,-0.04414174,0.085719585,-0.03977844,-0.14627764,0.07900541,0.04187148,-0.048055403,-0.068773896,-0.08423717,-0.12716624,-0.074884824,-0.094200715,0.06324364,0.023203254,0.028790547,-0.013326717,-0.043163005,0.09210783,-0.006772805,-0.079904325,0.0025154536,-0.050703168,-0.03499977,-0.012809984,-0.026391186,-0.15658456,0.011824754,0.085929535,0.086098485,0.04357491,-0.07759683,-0.12961623,-0.0514213,-0.073866315,-0.009902181,0.04843625,0.101090945,-0.028649125,-0.16464005,0.06375397,0.07085273,0.13701093,-0.10448327,0.006057365,-0.1374611,0.06412569,-0.004731706,-0.012161552,-0.11660255,-0.008110433,-0.0067779887,0.016926693,0.08473493,0.047571357,-0.09528243,0.0116241705,0.051341623,0.07455699,0.031594653,0.07525889,-0.0089899395,-0.04740554
TCGA-AO-A0JA-01A,0.0068897926,-0.06149157,0.13792475,-0.016692273,-0.05423539,0.05688144,0.020614559,-0.0042653047,0.012483784,0.03532472,0.018384552,0.0013563337,-0.016278312,0.12606606,-0.03877307,0.021213677,-0.012103453,0.12606396,0.10300568,0.014385215,-0.081584096,-0.07515075,-0.10264247,-0.02049719,-0.08850034,-0.018659433,-0.11109105,-0.066930465,-0.024045633,-0.0134405345,-0.05533822,-0.026688006,-0.08199725,-0.086837545,-0.0566705,-0.14173894,0.024428593,0.014318583,0.015603943,-0.10080363,0.10716379,0.06969527,0.045109,-0.113180034,-0.056868922,0.13843593,-0.054019585,-0.03945443,0.0014081983,0.06660853,0.082963616,0.007857428,-0.027233714,0.049310137,-0.011584688,-0.0703097,0.034243036,-0.001748283,-0.07171863,0.028707394,0.11005368,-0.05342289,-0.0648445,0.014245976,0.011881982,-0.0031903605,0.16213961,0.045622043,-0.0056181946,-0.04546862,-0.12834482,-0.021414919,0.023088412,-0.22191882,0.14522585,-0.0070559075,0.03774405,0.036732383,0.08623152,0.03560407,-0.007022482,-0.059300154,-0.110926755,0.009943191,-0.019576864,0.005040591,-0.02274313,0.11386722,0.09813872,-0.015019044,0.05548601,-0.07199597,0.1354786,0.071579665,0.117808975,0.020775255,-0.020864878,0.04849239,0.021433404,-0.045684565,-0.0019222089,0.02146316,-0.007904483,0.02091131,-0.06952014,-0.02909252,-0.0062613883,-0.034868028,0.057895076,-0.057518333,-0.10974372,-0.16354755,-0.17137882,0.14466919,0.092452966,-0.0933874,-0.059297755,-0.028867565,-0.00035091632,0.047348037,0.12991676,-0.06806799,-0.005364917,-0.021231337,0.031083686,0.038731534,-0.114641555,0.06396035,0.03307944,0.057860553,0.053031016,-0.09675694,-0.01070396,-0.019616224,-0.15766385,-0.026491012,-0.00045700258,-0.0067859893,-0.047785066,0.085902825,0.038430285,-0.0838501,0.012786325,0.095891945,0.07952662,0.0039593494,-0.14350937,-0.030731853,-0.02648387,0.01140638,-0.02627515,-0.044786807,0.016270354,0.07263329,-0.07089422,0.0634112,0.09108847,0.0067619756,-0.0006346137,-0.00790733,0.061480444,-0.0692066,-0.018741466,-0.19712825,-0.09079189,0.013342858,0.035825703,-0.0051158774,-0.021012545,-0.08080962,-0.080359735,-0.09082919,0.008876671,-0.031417754,0.027902985,-0.09096111,-0.06921197,0.09182823,-0.03933328,0.101080865,0.024795849,0.047698576,-0.06874373,0.04348474,0.011003623,0.037069336,-0.13788974,0.018908132,0.031374294,0.09816828,0.083976485,-0.093424864,-0.07781658,0.02087165,-0.05971219,0.080722675,0.0703669,0.05943632,0.010729608,-0.081329
TCGA-E2-A1B5-01A,0.036639027,0.00038081405,0.1317705,0.0032315343,0.017360594,0.047440782,0.034155037,0.009552929,0.026958415,-0.0012642434,0.08078552,0.040714484,0.08181948,0.058322452,0.032486644,0.01770993,0.096181944,0.0022446394,-0.015591274,-0.088441364,0.008717732,-0.025031399,-0.04515486,0.032455955,-0.015969716,-0.01677992,-0.14189412,-0.0854888,-0.020589191,-0.044573024,-0.007511061,-0.019135293,-0.19590758,-0.11336375,-0.086429484,-0.0940689,-0.11705328,0.0063606603,-0.116258405,-0.059291285,0.065425284,0.0861404,0.03067343,-0.035921026,-0.0024149758,0.028803205,0.051012397,-0.012966757,0.051881533,0.13141142,-0.04964718,0.09946112,0.01588027,0.06980698,0.008847574,-0.12879735,0.070426226,0.03634218,-0.047836598,-0.08150257,0.03303932,-0.08869489,-0.078510635,0.041509513,-0.056178335,-0.04102152,0.0833422,-0.06970017,0.04616699,-0.031982206,-0.14568067,0.05869846,-0.013885328,-0.20747514,0.03161669,-0.02339485,0.008196685,-0.06106727,0.11784911,0.04927551,0.017418237,-0.014991428,-0.04635079,0.09181255,-0.07133671,-0.005851065,0.07268832,0.08814009,0.13817516,-0.070793726,0.07083206,-0.10528876,0.17493409,0.09319575,0.024508413,-0.07852619,-0.080081314,-0.0077073197,-0.014236475,0.020304635,-0.011554425,0.02085166,0.051628783,-0.10172959,-0.07380824,-0.050430555,-0.022789788,-0.070216015,-0.027955126,0.07544589,-0.114536524,-0.06769184,-0.0555652,0.039310377,0.11409748,-0.0007527727,-0.111093484,0.0111955805,-0.0627189,0.0076381336,0.10363543,-0.0678076,-0.026708556,-0.03788418,-0.005407455,0.052695353,0.02572878,-0.032744624,0.021535514,0.080665804,0.10030702,-0.09857378,-0.020756183,0.07408178,-0.11483807,0.0043244087,-0.045171406,-0.095356695,0.048756465,0.09095926,0.0009964787,-0.061389502,0.07908244,0.06659297,0.031391446,0.02960669,-0.044692982,-0.057914887,-0.044454847,-0.040177193,0.13322014,-0.008522728,-0.075767934,0.025513755,-0.07718761,0.06819904,0.037964903,-0.045766152,-0.173331,-0.06045374,-0.04941381,-0.06342524,0.0010919751,-0.19565336,-0.12414129,0.015178853,0.10601204,-0.025355719,-0.015430363,0.0073982417,0.072730236,-0.06637969,-0.014343092,0.062978804,0.024183327,-0.037556387,-0.03492429,0.06053193,0.06977337,0.07134537,-0.0065036267,-0.09345463,0.043176685,0.10374408,0.050185278,-0.0023692583,-0.13204765,-0.059456218,-0.08631716,0.04714096,0.024131587,-0.0225008,-0.093544304,-0.030719966,0.07820069,0.05612568,0.09082383,0.01016829,-0.061745472,-0.0937121
TCGA-AR-A255-01A,-0.07112827,-0.03896638,0.07463337,0.0013107117,0.01751383,0.0076386826,-0.038627382,-0.0018578694,-0.020926159,-0.010482832,0.035291307,0.06704164,-0.014650332,0.087412365,0.12906949,-0.06405574,-0.005057831,0.08184203,0.046564437,-0.13229592,-0.0019617348,-0.03409162,-0.020296393,0.07159599,-0.0029181992,-0.07121013,-0.07187886,-0.005440507,0.050194353,-0.023353541,-0.061715707,-0.041432098,0.00035557675,-0.17216386,-0.12740786,-0.02853004,0.021257529,0.04101926,0.005780257,-0.06195321,0.022765188,0.08322354,0.11767056,-0.07070448,-0.012846834,-0.088549785,0.039223112,0.061779328,0.07010635,0.16740502,0.050953787,-0.032694947,0.013886461,0.107004225,0.03725368,0.06623088,0.06098111,-0.035702627,-0.030599168,0.0592098,0.009934761,0.020826327,0.019741764,-0.03904611,-0.079946734,0.020626953,0.16589357,-0.05801722,-0.08643128,-0.062121954,-0.042399865,-0.053499974,-0.0057401177,-0.14050306,0.061693817,-0.06820186,0.029165544,0.00052272854,0.105461776,-0.09714353,0.0025881496,-0.02036975,0.048223093,0.002296459,-0.04110817,-0.026175374,-0.07747773,0.15001708,0.0751759,-0.061896604,0.036278475,-0.08675428,0.10938902,0.038297392,0.14545925,0.017755058,-0.124793634,-0.019677622,0.09916054,-0.1217261,-0.03838876,0.06860011,0.06316909,-0.09623515,-0.051456116,0.10403273,-0.12689063,-0.09550075,0.079196624,0.0098659545,-0.041742995,-0.08717683,-0.016357953,0.116822794,0.08317007,-0.08692975,-0.037027024,-0.00762621,-0.034069713,-0.10932263,0.05711118,-0.04704786,0.114467405,-0.060866162,0.07562475,0.021552872,-0.022301175,0.07819568,0.05216488,0.029291911,0.103481054,0.008477343,0.021289406,-0.0921766,-0.113138475,-0.013140938,-0.046109024,-0.070989646,0.015455504,0.042824686,-0.046986386,-0.121861234,-0.15024628,0.026856638,0.011230393,-0.03772758,-0.095023446,-0.01065012,-0.023474006,-0.04029498,-0.029511232,-0.01518782,0.09359792,0.04797033,-0.07676237,0.09759658,0.10802659,-0.028221278,-0.07169529,-0.07134757,-0.103173174,-0.124538444,0.01968489,-0.10582869,-0.01976446,0.045091674,0.037868034,0.07657115,-0.011007589,-0.09447348,-0.09539953,-0.11984353,-0.014113569,0.009263775,0.007948149,-0.017080206,-0.06511835,0.15292981,0.067882635,0.12680529,-0.036016304,-0.03655411,-0.07968527,0.0069601233,-0.068721764,-0.026665397,-0.16511008,-0.015170559,-0.02396666,0.07141307,0.014014641,-0.076244086,-0.066936694,0.030608233,0.03307166,-0.036696006,0.08494481,0.08381506,-0.06093494,0.028591435
TCGA-A7-A13E-01A,-0.033209704,-0.02921683,0.060716927,0.05085595,0.024806987,0.09521378,-0.039613254,0.09740921,-0.060666706,-0.020512747,-0.062131993,-0.0583767,-0.042901643,0.18606178,0.073981635,-0.03728391,0.008672024,0.10850987,-0.004372484,-0.0273626,-0.036080226,-0.08007106,-0.092356816,0.14456914,-0.098044164,-0.00930055,-0.095837936,0.0020119664,-0.019450305,0.0042306487,-0.03896821,-0.0054614125,-0.083644554,-0.120208226,-0.03280055,-0.0729035,0.002599579,-0.12432738,0.044525668,-0.0339682,-0.10457057,0.05808019,0.023105986,-0.038549807,-0.02362961,-0.05713286,0.043364916,-0.004932529,-0.007541373,0.008659061,0.025056107,-0.01218451,0.009138754,-0.013326893,-0.014552229,0.0016156211,0.13616438,0.011126942,-0.05080398,0.05579832,0.0056353193,-0.038946357,-0.08638657,0.15093319,-0.043239597,0.018343851,0.13782872,-0.010516276,-0.10635696,-0.00057079364,-0.12433155,0.008113458,0.08600585,-0.13655074,0.040108826,0.08683238,-0.012649179,0.072130896,0.097386435,-0.013680915,0.008210929,-0.094383486,-0.03441874,-0.059246548,0.015260226,-0.049842767,0.022689326,0.17378649,0.08793409,-0.10585069,0.07637675,-0.09382852,0.084890716,0.026923612,0.040752567,0.08610043,-0.13145378,0.031820912,0.02059926,-0.0038508915,-0.00055191346,-0.0137219,0.003692204,-0.019792302,-0.028270131,-0.00486239,-0.055662043,-0.076885216,-0.015038081,-0.03674674,-0.10264704,-0.12481608,-0.06400589,0.092572816,0.18728241,0.012392921,0.036214463,-0.09762743,-0.10051746,-0.047535643,0.10132413,-0.058227237,0.0036755097,-0.01766389,0.049557637,-0.047650523,-0.10118173,0.05924627,-0.053491388,0.1558975,0.053512134,-0.16111723,-0.026027607,-0.07803173,-0.17870292,-0.052377842,0.008752469,-0.036104858,-0.088917226,0.014354563,-0.019237006,-0.15641023,0.017113833,0.09193262,0.023505414,0.08168741,-0.10257198,-0.069060534,0.05992381,-0.022910774,0.030025924,-0.07286125,0.077388205,0.015672764,0.018418645,0.041584935,0.00887559,-0.07810196,-0.0007082527,-0.036115915,0.03632262,0.018886136,0.0666457,-0.17034295,-0.01590813,0.06652368,0.020083778,0.024347251,-0.06368693,0.046862803,-0.022168925,-0.08168997,0.055751506,0.0702062,-0.00039478857,-0.047532268,-0.04953524,0.03601984,0.045068752,0.19265382,-0.048762664,-0.04301205,-0.1183537,-0.008058798,0.012941691,-0.10135342,-0.08227435,-0.010799246,-0.012947158,0.06883136,0.040062003,0.00027353203,-0.026191978,0.101249285,0.007974956,0.026315004,-0.0021583475,0.08869631,0.022369409,-0.06705844
TCGA-A7-A6VV-01A,-0.07715701,0.012256262,0.017115826,0.04621572,0.07370684,0.07776215,-0.039554123,0.068330154,-0.026546609,-0.010227739,0.045908216,0.04082789,-0.10946221,0.07197518,0.086840935,-0.023800842,-0.025926508,0.059530683,-0.008169689,-0.06423817,-0.048948556,-0.08189314,-0.11755489,0.125837,0.02896658,-0.12179212,-0.18108627,-0.018329255,0.0026802034,-0.037198488,-0.037011955,0.044187702,-0.02646275,-0.12288229,-0.0926901,-0.08150391,0.006261997,-0.099152945,-0.17875615,-0.11093255,0.03753493,0.10487104,0.09405606,-0.03309447,-0.032979507,0.005381376,0.11154165,-0.018996716,0.15814787,0.1016135,0.050005235,0.005310608,0.0044445996,0.048848134,-0.016783059,0.037128936,0.02067117,0.03137031,-0.03059955,0.06405593,0.06803639,-0.013377994,-0.010649075,0.06486818,0.012469533,-0.06155115,0.1674387,-0.05154453,-0.013525865,-0.013168677,-0.040168155,0.05213457,0.097018555,-0.09907255,0.11184968,-0.023008252,0.030459085,0.011555188,0.118666306,-0.0076473583,0.01944505,-0.06112111,-0.03999481,0.03554431,0.019770347,-0.09503496,0.011708905,0.07750353,0.15177834,-0.025296599,0.0913799,-0.094670705,0.1057015,0.04696031,0.08843386,-0.010682871,-0.10545489,-0.017140107,0.06930531,0.012438479,0.06372505,0.066263296,0.03198237,0.0448766,-0.09104362,-0.00013624007,-0.0086322315,-0.042764563,0.022211058,-0.014561871,0.011165954,-0.073289745,-0.023836624,0.16288894,0.10648124,-0.045471996,-0.0029016095,-0.07275988,-0.07816168,0.08487396,0.102415174,-0.12573746,-0.09487067,-0.008899778,0.03323729,0.016465278,-0.0032625603,0.08967863,-0.045973208,0.1254322,0.04319757,-0.08892519,-0.019459428,0.0026997414,-0.19148156,-0.05546378,0.013064876,0.016740121,-0.09014978,0.06368193,0.03485722,-0.11815397,0.05083525,0.03320739,0.05129269,0.023782957,-0.10573922,-0.03310905,-0.047833595,-0.07351722,0.012349555,0.009279197,-0.0045811404,0.12880653,-0.104475886,-0.11245805,0.06010913,-0.06736387,0.031800926,-0.065484285,-0.010226032,-0.013021394,0.039899226,-0.09891354,-0.0383845,0.00019066928,0.073301025,-0.03736473,-0.050779503,-0.0040638517,-0.024599846,-0.040928673,0.10492652,0.05076874,0.052306697,0.0045465487,-0.080480374,0.082160436,0.01628808,0.1646628,-0.0049282773,-0.07099354,-0.0671916,0.11054503,0.029751407,-0.09375099,-0.06357603,-0.11078701,-0.016380345,0.029863853,0.09652275,-0.028494483,-0.07899257,0.117982075,0.070373036,0.027462764,0.014398237,0.020393372,-0.011187754,0.027749414
TCGA-E2-A1LH-01A,-0.084914364,-0.08462406,0.09717097,0.13338271,0.031419907,0.00038847385,0.015494594,0.065573744,-0.054292433,0.03006222,-0.078761935,0.039689824,0.014954272,0.08402987,0.16419427,-0.051936764,0.036919434,0.06366285,0.020642262,-0.17109768,-0.026027894,-0.03822519,-0.04374854,0.08036452,0.045410953,-0.058695797,-0.11863684,-0.062603414,-0.02283264,0.010681091,-0.019671166,0.10688501,-0.10609236,-0.17303546,-0.059305258,-0.08511703,0.05695386,0.02351794,-0.025515854,-0.107482485,0.065909036,0.037130356,0.064155065,-0.07873624,-0.091561295,-0.09760732,0.11047128,0.062355127,0.04926575,0.100631684,-0.045544885,0.029449884,0.05359846,0.09190618,0.046636287,0.062664784,0.09667573,-0.039350916,-0.060520943,0.07888531,0.029465757,0.043037742,-0.072886154,0.13788515,-0.04732439,0.054812104,0.1431621,-0.075879894,-0.12375358,-0.023975842,-0.08336745,-0.0055237706,0.109197184,-0.14500208,0.053831797,-0.00093436823,-0.0025347825,0.0389412,-0.015317167,-0.04047754,0.021113012,-0.023741249,0.029023733,0.0060834326,-0.045736004,-0.038812388,-0.017161908,0.08391726,0.06943001,-0.0022653807,0.046741635,-0.08330137,0.027554577,-0.019819202,0.086046025,-0.016112788,-0.16520709,-0.033355754,0.08507687,-0.062808454,0.03635956,0.046097547,-0.028850496,-0.10759486,0.016815923,0.022706537,-0.031365484,-0.062069528,0.114499636,0.109871484,-0.07196478,-0.055910718,-0.012542999,-0.01059752,0.1737686,-0.034799606,-0.035347305,-0.022293247,0.025573436,-0.096468784,0.038592704,-0.03370806,0.10509342,-0.03546527,0.094264925,0.017588036,-0.033863217,-0.011433907,0.00809743,0.13178413,0.02939264,-0.106166825,0.001331218,-0.01427148,-0.2525785,-0.05230692,-0.058878142,-0.014586745,-0.06389784,0.12362618,0.043499004,-0.08836017,-0.089676775,0.068581365,0.041433915,0.043159485,-0.13255782,-0.07948464,-0.025415769,0.01242009,0.010592321,0.012359378,0.022610309,0.07442801,-0.14170803,0.09006453,0.0428864,-0.09620549,-0.044962578,-0.024390137,0.033501226,-0.0025875538,0.06712164,-0.15718652,-0.022353832,0.03767151,0.045179967,0.04782995,-0.005525531,-0.012024008,-0.085977234,0.005414868,0.019968677,-0.114844374,0.030449491,-0.0054208348,-0.063505754,0.060829137,0.0768139,0.06462576,-0.06467842,-0.045605525,-0.047102187,0.03590071,-0.06451557,-0.021581741,-0.067878105,0.008061595,0.0040547117,-0.056589738,0.08927344,-0.058767077,-0.0077644093,0.009295257,-0.0062266025,-0.0025017033,-0.008281926,0.0046922136,-0.04454801,-0.02492626
TCGA-E9-A227-01A,-0.0142688,-0.030177735,-0.004635281,0.0048107766,-0.07140911,-0.06481475,-0.019275922,0.062301483,-0.082308516,-0.0072126538,-0.06332292,-0.07035505,-0.035573456,0.125282,0.09786542,-0.053765256,0.04309414,0.09426428,-0.0829341,-0.068984084,-0.055366646,-0.0971857,-0.010288199,0.067294285,-0.009239709,0.012938938,-0.09374421,-0.0327785,0.059908554,-0.08185572,-0.023870097,0.07142863,0.0036501072,-0.114138,-0.103702255,-0.08638471,-0.08269159,-0.007876077,-0.06445765,-0.06456159,-0.08039467,0.015248498,0.036309056,-0.1270558,0.026538331,-0.06005766,-0.052090082,0.024224373,0.031942047,0.042800598,0.0062714857,0.030059835,-0.081164494,0.08160256,-0.013148514,0.025216207,0.13941212,0.023745129,0.028739108,0.08396238,0.098769054,-0.0016627517,-0.07322879,0.13080147,-0.09081764,-0.062289506,0.09541431,-0.011357193,-0.043316763,0.012255187,-0.15668494,0.034766283,-0.041007366,-0.21327965,0.04354707,0.0048518516,-0.010193134,-0.011127425,0.17503797,-0.12754089,0.062505215,-0.033467077,0.042975485,0.07446911,-0.007951247,-0.09204517,0.03919434,0.13584717,0.039793655,-0.12768969,-0.068003275,0.049589887,0.1204429,-0.0037131542,0.026924483,-0.10754349,-0.0851356,-0.08467143,0.043305382,0.023408584,0.093426675,0.03353652,0.04954791,-0.027626904,0.043295275,-0.01729065,-0.08242701,-0.013861381,-0.030382344,0.010156736,-0.06662945,-0.05765903,-0.028106678,0.06611782,0.12073724,0.016942503,0.0031396374,-0.1397045,0.002377632,-0.00021592807,0.12717935,-0.14604342,-0.0073173945,0.021278977,0.03456693,0.015179551,0.008912229,0.044870872,0.03549969,0.11867051,0.03831692,-0.053122256,-0.00045374213,-0.09759796,-0.094809234,0.06685554,-0.07097038,-0.014775374,-0.030544963,0.0361524,-0.064092435,-0.170134,0.055820264,0.07702172,0.045256242,-0.054160956,-0.07289603,-0.08088209,-0.013534263,-0.028274003,0.056222882,0.08596602,0.00076869363,0.0018920872,-0.0244002,0.07676287,0.042068794,-0.07873466,-0.14022279,-0.03326694,0.013035848,-0.060975526,0.044494238,-0.16733429,-0.06065021,0.06892172,0.073171705,0.020447817,-0.036117148,0.0034932012,0.030829897,-0.08588255,0.028015591,-0.13763407,-0.024521586,-0.06737774,-0.15402469,0.049004614,-0.008438039,0.06559052,-0.049567595,0.027317176,-0.0647127,0.0026745535,0.019535763,-0.01304216,-0.09844109,-0.042843107,-0.061821017,-0.00014569967,0.13394806,-0.026510878,-0.0067157047,-0.01431505,0.010476492,0.06693743,0.1188198,0.11602476,-0.02662893,0.08517207
TCGA-EW-A1OZ-01A,-0.027362263,-0.020156685,-0.0030526977,0.07233676,-0.00497518,-0.026378408,-0.04190585,0.09413458,0.012025774,-0.023402654,0.047183394,0.0048848446,0.04020449,0.14312421,0.05588241,-0.06570111,0.02487769,0.052563157,0.07515519,-0.06477073,-0.05127089,-0.031135919,-0.046483625,0.13614248,0.008887803,0.009577724,-0.13379498,-0.07868201,-0.016212884,-0.045964405,-0.07781658,0.0038973407,-0.03430329,-0.042064283,-0.09550058,0.002281293,0.036711916,-0.048601646,-0.06767674,-0.10952437,0.053229447,0.0017194238,0.06652809,-0.10472363,-0.043158967,-0.013670014,0.024933744,-0.015639987,0.035141237,0.05984119,-0.033548456,0.056392103,-0.0045247125,0.084209196,-0.052755702,0.07067961,0.00888838,-0.0068002054,-0.043165848,0.116445534,-0.008118182,-0.0014007733,-0.11247433,0.0968759,-0.10566081,-0.011708274,0.15612745,0.030640023,-0.06969347,-0.006392957,-0.1502008,0.0854469,0.06708506,-0.1408224,0.07161171,-0.042426173,-0.080246545,0.08430323,0.0002881109,-0.035197765,0.030623138,-0.0824721,-0.013549162,0.04073802,0.03485222,-0.061030544,0.029466534,0.061841,0.13639909,-0.11042917,0.040434614,-0.14733817,0.014870017,0.014659598,0.0365277,-0.020066475,-0.07924044,-0.10197118,0.018186588,-0.06616213,-0.081739,0.016976872,0.04003141,-0.07478123,0.08617063,-0.015210196,0.012928135,-0.17567995,0.042085536,0.04961074,-0.055518683,-0.12114284,-0.12684658,0.12605232,0.11126001,0.0058738617,0.02577849,0.0038672134,-0.080910996,-0.08905109,0.17007081,-0.04023065,0.045610946,0.07455058,0.014917805,0.115003854,-0.036084205,0.07780384,0.09663107,0.14346178,-0.015061826,-0.12940972,-0.013934368,-0.119172595,-0.17427425,-0.004768093,-0.054211274,-0.079989105,0.028541785,0.05646916,-0.081473425,-0.17164692,-0.118813656,0.0677682,0.05338478,-0.014000687,-0.12247176,-0.06320102,0.025154207,0.009425638,-0.09137409,0.004910417,0.020006659,-0.02919383,-0.021745102,0.05686739,0.08388186,-0.026066707,-0.11412069,-0.048429757,0.0782571,-0.08699763,0.018131923,-0.08355298,-0.0020515886,0.01516051,0.012393856,0.027130147,-0.031139534,0.0014356558,0.048128154,-0.06461728,0.054353654,0.06316952,0.09878191,-0.02085253,-0.06285798,0.030875206,0.04323328,0.15350771,-0.018349903,-0.02186156,0.0062204325,0.04486097,-0.026779773,-0.07122946,-0.095903166,0.0050531984,0.07017852,0.05409565,0.010498044,-0.116994984,-0.08714118,0.03424946,-0.026705598,-0.046512753,0.06837731,0.038688317,-0.036207743,0.044096746
TCGA-E2-A9RU-01A,-0.053608574,0.058533814,0.0436918,0.079401754,-0.031510003,0.039904293,-0.04839135,0.015758954,0.00013837924,0.049554005,-0.035109878,-0.06726185,-0.13183038,0.19492652,0.092614785,-0.09842298,0.037453786,0.022432854,-0.04423244,-0.063412786,0.0007843311,-0.09999135,-0.023008712,0.07779123,-0.094197765,0.005492714,-0.20378776,-0.038466156,-0.038647905,-0.044875998,-0.062933736,-0.06922635,-0.100097336,-0.12817284,-0.13212073,-0.03804184,0.041159593,0.0023773087,-0.09547244,0.02727312,-0.00018382719,0.13266654,0.07921696,-0.096476324,-0.047813654,0.0021461118,-0.03815853,-0.07749351,0.091464214,0.020205468,0.09014667,0.0019890803,0.043531768,-0.00019696742,-0.053378608,-0.0536596,0.058621284,-0.020292042,-0.12563534,0.02129518,0.07081,0.0073623443,-0.047267836,0.009742324,-0.11279034,-0.062136795,0.16046862,0.07347829,-0.14848047,-0.018726608,-0.13788168,0.0062951404,0.09377792,-0.11191676,0.16394128,0.070413694,-0.06190068,0.038828027,0.06746015,-0.0031306513,-0.0043649366,-0.10615768,0.023071269,0.019482648,0.03264515,-0.12770282,0.013876977,0.1409988,0.08358626,-0.047122207,0.08015194,-0.0997804,0.02388791,0.04482849,-0.07078775,0.0042581637,-0.07545702,0.03420113,-0.0053844843,0.012391077,-0.015374456,0.08279063,0.02197663,-0.1476664,0.012201951,-0.051165625,-0.033678256,-0.13134812,0.015353187,0.062419143,0.06109548,0.005842742,-0.07323227,0.06251305,0.11321664,-0.026561804,0.012732751,0.007249699,-0.11372098,-0.060508244,0.027873628,-0.112541765,0.042364664,0.013337767,0.011457718,0.023273047,-0.08011633,0.07799151,-0.03900694,0.124364264,0.068220265,-0.083353154,-0.045032963,0.0069378107,-0.16063885,0.023971222,0.017664649,0.001480648,0.019444833,0.00698291,-0.111781165,-0.17110087,-0.06047179,0.020324755,-0.0665888,0.044504065,-0.019761669,-0.02788082,-0.007622177,-0.07056167,0.002261116,0.01531951,0.14637019,-0.013224137,0.004467996,0.052182384,-0.009011196,0.008282681,-0.03571094,-0.01817916,0.011019499,-0.009549925,-0.005450449,-0.10850559,0.041803572,0.08314365,0.003833409,0.01382269,-0.033061597,0.006841659,0.04187878,-0.07840122,0.0557036,-0.013701463,0.03328355,-0.11702687,-0.008409268,0.05744691,0.03155758,0.16889285,-0.08453133,-0.07054006,0.0033285364,-0.037894156,0.038315844,-0.039176848,-0.049558204,-0.029101782,-0.054631814,0.029462576,0.053654272,-0.092333496,-0.113378525,0.031794306,-0.01906788,-0.024251439,0.10042002,-0.02127571,0.052662984,-0.04967166
TCGA-A2-A0EN-01A,0.049684264,-0.020283703,0.16202672,-0.011141632,-0.011511797,0.039467923,0.045857992,-0.049328186,-0.007119935,0.016925259,0.0748106,-0.04380009,0.00073756,0.12631397,0.027963733,-0.06330021,0.06257012,0.0057879137,0.033002645,-0.12692618,-0.08177425,-0.060518865,-0.041974407,0.005751653,0.00040575187,0.03720354,-0.11901478,-0.12773615,-0.04700199,-0.05839593,-0.09177715,0.017157247,-0.05907706,-0.059887014,-0.19474727,-0.14321649,-0.017435165,-0.05693808,-0.045825128,0.089311145,0.020602794,0.1156581,0.030949159,-0.09390067,0.0273672,-0.024984993,0.075905696,-0.010191777,0.12084944,0.14521609,-0.018532887,0.11961359,-0.014768158,0.11034627,-0.016422112,-0.07044571,0.07803735,0.048317365,-0.09003106,0.053549413,0.057716332,-0.0057104537,-0.093219325,0.1317427,-0.07788778,-0.15326786,0.2011669,0.047985237,-0.13276976,-0.017568858,-0.093723275,-0.056810934,-0.03920916,-0.1610872,0.06386136,-0.014996651,-0.0623716,-0.02545685,0.036981057,-0.04994915,0.049072817,-0.09475,0.027984256,0.06408876,0.02197667,0.008984793,0.00061183854,0.06104195,0.05806236,-0.04121034,-0.0008685076,-0.039707173,0.06744492,-0.015680477,0.060238875,-0.054128733,-0.050085347,0.005812899,-0.06923176,0.03284942,0.12743334,0.0775021,-0.04901476,-0.06543822,-0.05674217,-0.02354167,-0.073263854,-0.06703918,0.009935435,-0.026195616,-0.1642704,-0.073804796,-0.025616536,0.04987081,0.08793128,-0.069142476,0.016057733,-0.029423745,-0.014433629,-0.043197516,0.1375377,-0.20513813,0.03555217,-0.010336516,-0.0066556754,0.035873145,-0.028780712,-0.008988565,0.04503311,0.13194275,0.028205466,-0.080453746,-0.05422761,-0.07887679,-0.16252847,-0.070112914,-0.09951874,-0.14151733,0.0031593624,0.029214906,-0.013030366,-0.13174991,0.043608923,0.005862891,0.01921129,0.010151036,-0.12994549,-0.006398261,0.009369511,-0.07718937,-0.021999769,0.008440672,-0.015689986,0.05705529,-0.031836852,0.065326594,-0.019555839,-0.101873435,-0.030204862,0.006726079,-0.04414884,-0.053017676,0.08874211,-0.1144711,-0.011084406,0.024638029,0.03740648,0.047619086,0.014857374,0.025958356,-0.006629245,-0.06093254,0.037926685,0.021901755,0.06886255,-0.072522774,-0.086749844,0.01719695,0.019654095,0.07335855,-0.0060477955,0.04267508,0.040295776,0.010872754,0.107611656,-0.03384613,-0.10652356,0.04152396,0.060832553,0.043492723,0.10313885,0.026673455,0.00624077,0.053095512,0.007823427,0.04330166,0.07030459,0.038668476,0.022523748,-0.025904624
TCGA-D8-A1JC-01A,-0.06978924,-0.05080884,0.067263044,0.109735735,0.023060398,0.050966974,0.025186121,0.021826278,-0.14203815,-0.037704792,0.01912225,0.03814053,-0.011473446,0.142424,0.14286524,-0.04746118,0.03714362,0.1799465,0.046494067,-0.15983927,-0.047752086,0.013565718,-0.08577834,0.031723686,0.060523696,0.018239425,-0.12619725,-0.05123445,0.0047841235,-0.036690503,-0.09609741,0.10194821,-0.16237,-0.12906456,-0.07337121,0.0769319,-0.040960543,-0.03765421,-0.00038486006,0.0014583803,0.017079495,0.13590536,0.15688114,-0.0716322,0.044251855,-0.05442953,0.016408768,0.02415353,0.077423684,0.032337405,0.103443556,0.09162061,-0.01439111,0.089327395,-0.028198117,-0.01264471,0.053137038,-0.03757447,0.046007883,-0.0066218306,-0.016244996,0.0070701335,-0.13580243,0.014239123,-0.04221409,0.0040755924,0.059234265,-0.10603302,-0.1242726,-0.04146777,-0.12127889,-0.009971099,0.02289805,-0.09668383,0.07266142,0.029276695,-0.065510295,0.06330966,0.084878035,-0.0045665386,0.01788052,0.039540686,0.048890825,0.07602206,-0.056980085,-0.06204435,-0.10437876,0.07844679,0.08744661,-0.031304646,-0.010496975,-0.042299163,0.056759037,0.04678031,0.022525847,-0.036255144,-0.05381357,-0.023814762,0.050865393,0.01638503,-0.0035196966,0.022361547,-0.017044198,-0.05200148,-0.004388609,-0.030103479,-0.061418388,-0.11509883,0.02005849,-0.042656608,-0.056305125,-0.1423567,-0.095823266,0.16229567,0.041014247,-0.05828194,-0.09701581,-0.0071515455,-0.010812484,-0.08990463,0.022101646,-0.09661179,0.01395138,-0.011378865,-0.005575645,-0.07827071,0.056028284,0.019587757,0.026490655,0.12191489,-0.010040065,-0.014663781,0.006149602,-0.057795122,-0.08396676,-0.008394677,-0.10278458,-0.07867076,-0.076158784,-0.070911996,-0.05318541,-0.09868285,-0.045913782,0.18125872,0.04851515,-0.08114275,-0.053493857,0.01771289,-0.12915067,-0.04504074,-0.043392166,0.06214917,-0.09385543,-0.020147178,-0.025294412,-0.008493398,0.105773434,-0.012016534,-0.008248524,-0.00038674774,-0.0774829,0.023960901,0.014596497,-0.19176032,-0.04407162,0.08990739,0.080213174,0.03327582,-0.019452643,-0.0067501236,0.04478112,-0.13794263,0.015154769,0.07023347,0.019700937,0.045605447,-0.08533874,0.08358287,0.04502298,0.115491055,0.066861466,-0.017730374,-0.017963562,0.026880104,0.08132162,0.014056233,-0.090589724,-0.08709605,-0.09889278,-0.01827813,0.0475032,-0.08442512,0.016571708,0.075100474,-0.016521918,-0.042523596,-0.019702526,0.09135738,-0.055755492,0.08082129
TCGA-OL-A66P-01A,-0.0032424447,0.047530986,0.069936916,0.06546542,-0.014230289,0.1437393,0.06671611,0.06869984,0.004269567,0.01474525,0.036282454,0.003805909,-0.10474027,0.121532924,0.08626716,-0.02241532,0.009119599,0.0152075635,-0.071823776,-0.109968066,0.010150951,-0.056470104,-0.06019531,0.025627794,0.04171771,0.037595447,-0.087317,-0.044939477,0.015424254,-0.11045107,0.0023352536,-0.028609553,-0.107407466,-0.083959825,-0.071249284,-0.117370814,0.016779441,-0.043082234,0.05381898,-0.09353063,0.010133231,0.070002295,0.13776983,-0.06403905,-0.026343366,-0.053484626,0.10647021,0.030647432,0.017098434,0.06854455,-0.031686846,0.13326767,0.06677106,0.07118967,0.0073350095,-0.077405885,0.08628781,0.046922483,-0.044393335,0.05295919,0.046982523,-0.03065267,-0.11444778,0.101770565,0.016142294,-0.008303103,0.16664897,-0.10681777,-0.079044744,-0.023275075,-0.10817461,-0.02986172,-0.033318635,-0.10175994,0.10748313,-0.017377974,-0.04348148,-0.07576325,0.06845406,0.005356866,0.017069222,0.02736167,0.0413124,0.12162808,0.008560606,-0.00824951,0.037126765,0.14766458,0.102871716,-0.05265998,0.047826644,-0.03527627,0.12933888,0.086405866,0.1380374,-0.056033928,-0.0796398,0.018951312,-0.04718506,-0.009171654,-0.082936116,0.07729499,0.039136317,-0.062167853,-0.03335802,0.04317163,-0.064443186,-0.1416552,0.11395148,0.018087212,-0.08447993,-0.046517953,-0.04248055,0.059183504,0.08010922,-0.01030933,-0.00549206,-0.035026856,-0.07580502,-0.09433874,0.12596497,-0.09474173,0.07535507,0.013428674,0.074614674,-0.0032241917,-0.07716217,0.06564449,0.04751068,0.05631387,0.032946646,-0.08885158,-0.004312467,-0.041927744,-0.1712086,-0.035831477,-0.10457724,0.0029399851,0.078844994,0.031931363,-0.013696493,-0.10310978,0.024546266,-0.033904973,0.06407403,0.047615744,-0.11225614,-0.11229967,-0.070007734,-0.027673423,-0.045604136,-0.001758033,-0.005159371,0.100464694,-0.072650455,0.069433324,0.15161367,-0.060976364,-0.064787604,0.028901648,-0.057316016,-0.11066502,-0.0018132153,-0.06677547,-0.08628679,0.08607564,0.085362524,-0.12997214,-0.021283755,-0.03136958,-0.05629065,-0.040125508,0.087542236,-0.008518473,-0.006385723,-0.0021592914,-0.085186824,0.068630606,-0.009183723,0.122530945,-0.059041988,0.022071093,-0.10901081,0.118576296,-0.0023657202,0.0070299977,-0.10018498,-0.09476141,-0.11099216,0.0020754228,0.05455605,-0.02578799,0.029588012,0.03506494,0.057438433,-0.03408757,0.007647281,0.06884834,-0.031492032,-0.017603775
TCGA-D8-A27W-01A,-0.024507357,-0.025476564,0.16411276,-0.005113546,0.015017208,0.0927107,0.017501391,0.09871069,-0.03033318,0.011730186,-0.07098707,0.0043867165,-0.029223045,0.1487925,0.084846586,-0.09810816,-0.06610715,0.088477425,0.0055155857,-0.040113643,-0.11010601,-0.04109135,-0.072740026,0.10841193,-0.006437453,-0.047202602,-0.0970418,-0.049880706,0.092953175,-0.090604104,0.008870668,0.014620954,-0.09222616,-0.14921077,-0.04550149,-0.13076964,0.028679634,-0.027876306,-0.11933726,-0.07705316,-0.048841957,0.082039654,0.15742356,-0.105026186,-0.024720911,-0.067174524,0.01572516,-0.04274983,0.041084833,0.07635172,0.080432996,0.02705482,0.012003881,-0.02964885,-0.0945515,0.024476534,0.09905087,-0.022078328,-0.06358387,0.11743862,-0.00062657794,0.0505369,0.0050667413,0.04627348,0.0027756982,-0.044604108,0.15065816,-0.05742758,-0.095212564,0.011079658,-0.085686974,0.01802101,0.041145723,-0.18899873,0.13759412,-0.06402096,-0.06188882,0.043534685,0.18063033,0.0035679822,-0.06183002,0.0013372769,-0.03461865,-0.014154393,-0.03865184,-0.020670779,0.00028757026,0.096278995,0.10281761,-0.007879668,0.012334785,-0.15286723,0.03559548,0.030162424,0.042521544,-0.081114165,-0.12499002,-0.014197062,0.14819658,-0.11832141,-0.041643884,0.10771479,-0.06539824,-0.07681652,-0.030677896,0.08764391,0.036941316,-0.052914124,0.017668238,-0.015046455,0.090157464,-0.057297617,-0.11909649,0.065503836,0.10900191,-0.057849973,-0.011401053,-0.0012024799,-0.05506908,0.015991189,0.13118069,-0.008433567,0.04861056,-0.0055524698,-0.12465975,0.01913235,-0.023392651,0.042427514,0.025606906,0.03887297,0.15399697,-0.02935642,-0.059854794,-0.08233961,-0.17090508,-0.023998775,0.08792484,-0.11781168,-0.046256345,-0.0051924414,-0.017001275,-0.080293454,-0.028870754,-0.06591664,0.062014576,0.009506975,-0.07956011,0.011476415,-0.07093233,-0.024368385,-0.05400456,0.0064693945,0.07364122,0.10569546,0.020350501,0.00787068,0.079271406,-0.02126192,-0.029914945,-0.048516113,-0.025739294,0.00017942685,-0.0072037308,-0.11211152,-0.07809932,0.030352134,0.010063116,0.019235378,0.01924386,0.04674852,-0.019175367,-0.027498879,0.0006724581,-0.0030717074,0.09818776,-0.056329325,-0.028318623,0.036810122,0.14397049,0.13788311,-0.0030837052,0.0031761827,0.030957216,0.027176047,-0.035531584,-0.013067991,-0.047046337,-0.08354839,-0.019115865,0.031409286,0.03546643,-0.037018053,-0.077956535,0.049453024,-0.021198208,-0.036186036,-0.025935315,0.065044686,-0.072793595,0.06719543
TCGA-AN-A0XR-01A,0.07650386,-0.06161395,0.13521743,-0.018990621,-0.07184779,0.08308281,0.052535873,0.04714227,-0.03897558,-0.04798499,-0.03219056,-0.06939325,-0.025645839,0.15839963,0.057500567,-0.047194477,-0.023457974,-0.03740543,0.0023541264,-0.12035357,-0.026024047,0.0029083274,-0.02055198,0.19220464,-0.007825465,-0.069637,-0.118770316,0.016466718,-0.07241851,-0.060008883,-0.036388565,0.026228298,-0.13801248,-0.064867996,-0.07342392,-0.14076589,-0.069710605,-0.09877501,0.009291668,0.03615649,-0.032973036,0.07547228,0.073346496,-0.007229965,0.034190726,-0.046224568,-0.003056294,0.056650154,0.019397456,0.09429543,-0.003348507,-0.005484085,0.03260865,0.10073918,-0.059515335,0.023801044,0.14249925,-0.0121305045,-0.04936695,-0.041971818,-0.0857016,-0.00831083,0.04585796,0.010799359,-0.04573087,-0.08905582,0.092904314,0.011600521,-0.048195887,0.028302617,-0.23168558,0.09715865,0.013981772,-0.1701663,0.068316735,-0.09612492,-0.018318094,0.05758678,0.04055214,-0.07449437,0.0021075362,-0.07798597,-0.020633126,0.0644667,-0.06750879,-0.08947807,0.0017436106,0.12192411,0.08809129,-0.010874893,0.022007564,-0.13270722,0.06916745,0.06792085,0.10731404,-0.0052819443,-0.086182825,0.059470944,0.0037963653,0.04137284,-0.09691996,0.025284335,-0.032513358,-0.10790004,0.007233048,-0.01682081,-0.022814166,-0.098651364,-0.02617379,-0.025668856,-0.022769468,-0.10628392,-0.12943795,0.07729084,0.044541568,0.013711586,-0.035704087,-0.07304055,-0.01568961,-0.06984401,0.062463827,-0.07991198,0.13068834,0.07018218,0.07218155,0.06910994,0.0027268806,0.042092435,0.017951114,0.10801984,0.09055435,-0.0014480086,0.07734429,0.0061875572,-0.16725989,0.07195306,0.009275515,-0.062321607,-0.08233315,0.019180188,0.030127522,-0.10269067,-0.015278194,0.028760588,0.05568335,-0.057370674,-0.052881174,0.013781441,-0.09374309,-0.07097085,0.006117484,-0.023695253,0.009391785,0.099264055,0.025731722,-0.0053894906,0.033866253,-0.04159313,-0.04940533,-0.051394783,0.03319373,-0.022220047,0.017927576,-0.14539306,-0.039831392,0.041997977,0.070859216,0.0206923,-0.021845551,-0.088651985,0.092310354,-0.019513093,-0.026166357,0.027872002,0.09313375,-0.068542585,-0.036979213,0.0838705,0.07027959,0.15523095,-0.05834851,-0.0044992357,-0.12857075,0.04242607,0.022830475,-0.06495483,-0.10531886,0.059426002,-0.15639667,0.042659454,0.040020395,-0.041280277,-0.055636793,-0.009410277,-0.009720294,-0.0037425917,0.026861291,0.10446818,-0.045759924,-0.09299925
TCGA-A2-A0SX-01A,0.017851563,-0.08496021,0.17616886,0.059761524,0.08799328,0.067668736,0.0030397556,-0.032544006,-0.07339475,0.11366007,0.009973952,-9.232169e-05,-0.011095756,0.18297169,0.08057675,-0.06794073,0.030793766,0.16439809,-0.028406607,-0.06390692,-0.06529852,-0.011803999,-0.004114904,0.061697986,-0.06381052,-0.0040731393,-0.118717074,-0.028802594,0.0055639837,-0.10643189,-0.07573046,0.08616826,-0.057203412,-0.047401372,-0.07115867,-0.16519612,-0.037070606,-0.08758417,-0.021886554,0.074417174,-0.0059699044,0.07699722,0.048645005,-0.05420354,0.053356968,-0.019887159,0.016831085,0.009377934,0.0025353017,0.020394323,0.019257313,0.040009823,0.078002214,0.08084208,0.010498362,-0.045953307,0.07867672,-0.049910728,-0.062027268,0.0009991165,0.056681953,0.039112944,-0.014449898,0.098422624,-0.0570829,-0.087362394,0.085608184,-0.0095543945,-0.09826628,0.055945702,-0.15121147,-0.01059038,-0.04555651,-0.10669696,0.08847083,-0.0008161583,-0.09745013,0.009936094,0.043200593,0.0069111767,0.027984664,-0.022871472,-0.06905918,0.11263211,-0.06342463,-0.12703529,0.026969103,0.0702899,0.10743985,-0.0252882,-0.015377191,-0.092406936,0.02268727,0.11686469,0.017532757,-0.013548707,-0.022999082,0.0063064396,0.04509747,-0.064603336,0.03192578,0.031982712,-0.011490643,-0.07760205,-0.02282968,-0.0019119731,-0.18210746,-0.018484557,0.053609237,0.028889751,-0.13837163,-0.0899794,-0.0661057,0.104528524,0.10872749,-0.027596433,-0.030632274,-0.10474228,-0.034560837,0.03159212,0.0625296,-0.054917034,0.06588502,-0.00076921214,0.008207798,0.032887425,-0.060741346,0.07082925,-0.035550952,0.114911154,0.22394916,-0.04495883,-0.015161449,-0.0021691455,-0.22574432,-0.03212054,-0.10228066,-0.07534522,-0.022647673,0.010651435,-0.023041366,-0.103163525,-0.022920512,0.008928138,0.05733432,-0.018045876,-0.08532757,-0.09362046,0.039271217,-0.029163515,-0.033056617,0.103123985,-0.02835006,0.034951337,-0.017545529,-0.10873849,0.05157598,-0.024215234,-0.08590805,-0.04457903,-0.076893575,-0.03255989,-0.009743352,-0.14850141,-0.047086153,0.040609773,0.1259971,0.06400771,-0.042349186,0.0051455824,-0.009749418,-0.032743625,-0.020174881,-0.0018429545,0.03195039,-0.032386918,-0.060378592,0.071133286,0.13923067,0.13262129,-0.020351728,-0.037025444,-0.09250418,0.018938428,0.10371756,-0.06735914,-0.0888999,0.012751083,-0.0062087625,0.010621394,0.05803982,-0.0069757616,-0.01198895,0.05029451,0.12255776,-0.0014515899,0.022924209,0.020987,0.07621268,-0.014134664
TCGA-AR-A24Z-01A,-0.11476219,-0.03593131,0.15891334,0.13617255,-0.0247318,0.086124524,-0.0039625014,0.023792576,-0.09612524,0.0044075022,-0.016879873,-0.040080555,0.0056886235,0.13577755,0.09910023,-0.048456326,-0.022788389,0.051689893,-0.022012044,0.009389713,-0.030350797,0.0397509,0.022996403,0.053780947,0.0744949,-0.039919913,-0.15710391,-0.0058363867,-0.09674089,-0.07902463,0.00524484,0.094302505,-0.06568337,-0.17939875,-0.03766796,-0.071177244,-0.008358208,-0.015281623,-0.072466895,0.025074726,-0.001994836,0.021164294,0.0516115,-0.09711939,-0.0813144,-0.06813863,0.058811042,0.022673666,0.072541125,0.12815417,0.021908298,0.011241649,-0.021564728,0.013089657,-0.0252393,-0.06574976,0.028573615,-0.011141254,-0.08692495,0.009981513,0.053069454,0.07324791,-0.110399276,0.09847909,-0.107414216,-0.03718346,0.08114206,-0.02202765,-0.07515598,-0.020843105,-0.18745078,0.061698344,-0.0048271804,-0.16082442,0.12608734,0.04473352,0.028173052,0.0008079899,0.08523742,-0.056288883,-0.08126192,-0.05662625,0.018841457,0.060344633,-0.018632056,-0.029202746,0.026804458,0.09213952,0.09591786,-0.005368241,0.01958501,-0.06888322,0.0583199,0.09279844,0.069296815,-0.13284382,-0.022175651,-0.11391698,0.026437566,-0.07707982,-0.09263811,0.008391516,0.07327522,-0.08334869,0.017986722,-0.060295653,-0.0982878,-0.15938963,0.04164414,0.09466685,0.069101915,0.015972484,-0.019311659,0.01336866,0.094508365,0.0044863294,0.07077745,-0.007368383,-0.023226257,0.056281127,0.1439591,-0.03217361,0.11955074,0.008074826,0.05302352,0.060093366,-0.04371938,0.002988704,0.018407717,0.1217155,0.046519563,-0.03807617,-0.047314342,-0.07783465,-0.14847714,-0.028909873,0.0351304,-0.066304855,0.026857726,0.113251954,-0.10438897,-0.15335336,-0.02455435,0.06618307,-0.02004298,-0.02034618,-0.11987715,-0.01052114,-0.037489347,-0.053991348,0.002104293,0.056265827,0.04535026,0.027651912,-0.04517826,0.0048620747,0.009627118,-0.010282112,-0.047095157,0.052093696,-0.003738994,0.008516127,0.030018982,-0.09358889,-0.09134003,0.034794077,0.020996643,-0.019983495,-0.089526676,0.03524902,-0.02545908,-0.044195384,0.068029895,0.016478911,0.015382042,-0.1468486,-0.102352634,0.021803357,0.052807223,0.17098822,-0.04545029,-0.0933916,-0.032284264,0.060224958,-0.036158554,-0.008707388,-0.10617774,-0.058666352,-0.048061587,0.0999576,0.03018723,-0.00655574,-0.12128003,0.09204716,-0.049241576,0.03066521,0.04342297,0.10033641,-0.052122734,-0.033476762
TCGA-C8-A1HN-01A,0.041252688,0.029812152,0.030739412,0.051340576,-0.07824325,0.09054854,0.06714927,0.08235447,-0.021230774,-0.07459042,0.0216558,-0.05446198,-0.03369816,0.18007725,0.062501006,-0.055346012,-0.013776841,0.08357022,-0.031220574,-0.058599018,-0.03755697,-0.01953301,-0.06663584,0.045136474,0.0149295,-0.07998703,-0.1726794,-0.03584132,0.028537652,-0.043030128,0.015329078,-0.05416725,-0.07721511,-0.144525,-0.06762056,-0.15660271,-0.019007767,-0.030102773,-0.105133094,-0.08397646,-0.012696519,0.054998163,0.13242698,-0.11565923,-0.055080015,-0.010885743,0.052070532,0.050449904,0.05926306,0.08865109,0.036805574,0.07824551,0.13318099,0.10728962,-0.11667823,0.019797547,0.029652316,-0.037526615,0.007975133,0.04089238,0.038116198,0.029019758,0.010744997,0.07240968,-0.05821657,-0.056311566,0.13024296,0.00765302,-0.11241464,0.013613961,-0.10034044,0.018616242,0.035035633,-0.19436131,0.12909475,-0.08745268,-0.033328377,0.045770608,0.13370018,0.0013415591,0.04355712,-0.040437188,-0.06851399,0.049980838,0.026318373,-0.06798649,0.07886837,0.095977284,0.12927943,0.000106711566,0.085649185,-0.05160094,0.041636612,0.08340703,0.125902,-0.08278982,-0.04612397,0.070088685,0.059300512,-0.07339101,-0.05411111,0.03960868,0.068593256,-0.05007351,-0.07345608,-0.027672084,-0.04059314,-0.016652519,0.014447424,-0.04875473,0.031126054,0.020931408,-0.07325701,0.12182085,0.0209135,0.0068584494,-0.07527302,0.0028870362,-0.065526485,0.017905496,0.0207931,-0.12531419,0.10326308,0.040868107,0.06815969,0.008719596,-0.08510535,0.114357874,0.016016936,0.1235079,0.1562435,-0.05804093,0.066105664,-0.0576503,-0.19074436,0.048985045,-0.08141111,0.054604955,0.0180633,0.03088701,-0.009314924,-0.11763058,0.033524834,-0.032120004,-0.019557906,0.024648247,-0.039909117,-0.077664554,0.0074990476,0.015795304,-0.05126849,-0.028007997,0.11106191,0.04190068,0.046481792,-0.07121619,2.4431118e-05,-0.20266698,-0.024057725,-0.028628986,-0.028845485,-0.006102447,-0.11741154,-0.08582592,-0.028708367,0.039727543,0.045205627,0.05671909,-0.048558667,-0.02120147,0.047654163,-0.08050964,0.0017703498,0.04319749,-0.019768124,-0.044545952,-0.0925746,0.030477947,0.07986458,0.045587618,-0.07517152,-0.024967661,-0.039542306,0.036367282,0.055315703,-0.08756864,-0.026127104,0.017431952,0.08518305,-0.05387964,0.04751694,-0.0558627,-0.05445481,0.03746305,-0.021564672,0.065152034,0.06709735,0.09982508,-0.026117977,-0.035284664
TCGA-V7-A7HQ-01A,0.07291827,-0.05670511,0.09361187,-0.02492864,-0.10215444,0.12561862,-0.015257995,0.0330516,0.034135856,0.0063220365,-0.010709492,-0.0335032,0.020295225,0.13302563,0.04536285,-0.08066337,0.018760763,0.075087376,-0.0032264625,-0.12926078,0.01821897,0.011429441,0.038876835,0.072867654,-0.0220181,0.03994228,-0.14018933,-0.10984749,-0.12221154,-0.07476968,-0.045806125,-0.10364965,-0.06962211,-0.058203403,-0.119138956,-0.08240904,0.033612013,-0.013396733,-0.09682151,0.002020705,-0.0305171,0.054629195,0.023566714,-0.060838528,-0.0267917,-0.04562852,0.041197628,0.05781831,0.0075099217,0.09928066,-0.051479068,0.10673011,0.053920794,0.16392192,-0.06260862,-0.04882577,0.10549781,0.032260563,-0.09879711,0.013958189,0.039112315,0.068783656,-0.086929925,0.025418766,-0.044412527,-0.10105033,0.08540733,0.018365612,-0.029725788,0.036691133,-0.09223196,0.053423434,-1.7102082e-05,-0.19407111,0.12552476,-0.08998949,-0.04164923,-0.01371774,0.110789075,0.02906645,-0.03170699,-0.0042663524,-0.1017891,-0.016413081,-0.059269175,-0.048090693,0.05574276,0.08263283,0.1336735,-0.050342858,0.001184371,-0.09385412,0.08095037,0.0142586725,0.079179384,-0.13405544,-0.059099752,-0.11555415,-0.011680169,-0.023661932,-0.0030987195,0.098007515,0.042556047,-0.10954248,-0.047642324,0.015510109,0.042208247,-0.17176145,0.049072858,0.092177235,-0.043640252,-0.06693269,-0.11374101,0.04021258,0.0948898,0.0037914766,0.044406388,-0.0028927748,0.034982532,-0.0028080486,0.13559453,-0.07693,0.063921586,0.05212017,0.0111176465,-0.058646772,-0.07497262,-0.0027076844,0.008832403,0.12563336,0.04943625,-0.008338438,0.086844526,-0.08258937,-0.118957154,-0.04307906,-0.086395346,0.01338226,-0.0013090491,0.05996418,0.023183893,-0.14681545,-0.010696403,0.0041731787,-0.018910784,-0.022802267,-0.08131737,0.05353082,-0.050145555,-0.0012407101,0.06302386,0.019854687,-0.020333199,-0.008177926,-0.082249604,0.077525586,0.023671685,-0.09292935,-0.10609417,-0.07496856,-0.015212535,-0.052902438,-0.0025610838,-0.17251556,-0.07404107,0.08573626,0.07860321,-0.051181648,0.00067820883,-0.05468578,0.041605435,-0.08286233,0.0054120314,0.042946924,0.09822792,-0.035073046,-0.051309217,0.026443986,0.15072924,0.12551273,-0.081132844,0.007836619,0.011546024,0.059357945,0.061087817,-0.064449355,-0.08834422,0.035047997,-0.048720196,0.06429377,0.049616724,-0.02608909,-0.07956589,0.011691337,0.010695444,0.030466164,0.08447217,0.06413732,0.020651877,-0.05994237
TCGA-GM-A2DM-01A,-0.037432507,-0.049136985,0.17664686,-0.049238928,-0.10893502,0.07098475,0.05903084,0.0033813396,-0.04303576,0.02127609,-0.011170351,-0.013808743,0.029318413,0.14005159,0.037382465,-0.051231705,0.01944401,0.09381211,0.08487024,-0.18645078,-0.063295916,-0.028960034,-0.028157193,0.021863805,-0.04289046,-0.07781211,-0.1049583,-0.00079157436,-0.04207625,-0.03706778,-0.047069438,0.082486056,-0.010477787,-0.10117465,-0.09934257,-0.12108261,-0.0018705991,-0.05934114,0.04777126,0.015673842,-0.04902205,0.050966907,0.0785767,-0.092802405,0.009063815,-0.01283177,-0.007927591,0.029824436,0.085290186,0.084010735,0.0017868602,0.059605494,0.09952483,0.0488191,-0.014493129,0.050805684,0.08213451,-0.0007246591,-0.08519503,-0.01439426,0.043921422,0.058047716,-0.038338017,0.04800763,0.024700262,-0.08903383,0.13997401,-0.08988971,-0.07851151,0.037205167,-0.08683207,0.018040607,-0.12870517,-0.16736229,0.056702096,-0.0020707182,-0.004254556,0.012926635,0.11144675,-0.057433885,-0.008831418,-0.032953266,-0.031685032,0.084623426,-0.06591019,-0.066991836,-0.022964567,0.04444566,0.023352388,0.04010671,-0.039312985,-0.10997259,0.081127666,0.05065897,0.06606483,0.004039306,0.05842258,-0.050108243,-0.04963115,-0.047123395,-0.017043244,0.024191674,-0.077357836,-0.09799909,-0.074435286,0.07525515,-0.10624514,-0.06864418,0.08357126,-0.04956634,-0.033905182,-0.115757585,-0.1516342,0.08038637,0.10571925,-0.05210707,-0.028060658,-0.10576985,0.039443348,0.048855655,0.16958387,-0.040994808,0.04864713,0.056789435,0.10448918,-0.0018741691,-0.057878986,0.1417963,-0.037744284,0.09743574,0.11007396,-0.05191882,-0.032387212,-0.09077169,-0.07873189,-0.015291512,-0.028387712,0.021906516,0.0088476,-0.020184277,0.0428133,-0.16302419,0.025268968,0.009411861,0.041759796,-0.041703735,-0.1692002,-0.016368339,-0.041092332,-0.093425244,-0.056915928,0.07734896,-0.028412655,0.043222673,-0.12085369,-0.053259473,0.11439649,-0.06921794,-0.055068813,-0.09287943,-0.0683961,-0.07308108,-0.029565444,-0.102111526,-0.037845258,0.081046514,0.1093624,-0.04701977,-0.05859178,-0.0360135,-0.05634189,-0.057599816,-0.0017279063,-0.071678616,0.082381114,-0.031092057,-0.11265205,0.11477374,-0.0019850177,0.12756693,-0.010396721,-0.006915948,-0.0759899,0.06944874,0.026442206,-0.020398162,-0.045325205,-0.0074241674,0.049309965,0.01419791,0.0843899,-0.048831824,-0.0062483745,-0.0223784,-0.011909311,-0.04246221,0.060937416,0.11316931,0.055796493,-0.05716756
TCGA-AR-A2LM-01A,0.013210383,-0.07287844,0.12344285,0.04115326,-0.08566959,-0.054026622,-0.0059325206,-0.080137774,-0.0338228,-0.021934826,-0.06688322,0.06398978,0.019177442,0.12851073,0.052488267,-0.05577262,0.049421538,0.048064183,-0.03599316,-0.053244162,-0.07673499,0.0130061265,-0.04383746,0.011808819,-0.012559273,-0.0142512685,-0.0910192,-0.0001940364,0.026392706,-0.06993248,-0.10431407,0.043490928,-0.061077945,-0.13614605,-0.1743931,-0.13710424,0.019496696,-0.041023236,-0.028819365,0.024326716,0.019438304,0.051268335,0.03471265,-0.06349963,-0.017694687,-0.012625329,0.04389867,-0.01493663,-0.024342392,0.17099223,0.07248726,-0.03206943,-0.085245624,0.07391207,-0.059134718,-0.055923562,0.10410545,0.0061605973,-0.057678875,-0.0061703706,0.07999393,-0.0045408374,-0.04968608,0.07498635,-0.025458373,-0.0793282,0.106294215,0.047916334,-0.05661447,-0.008705503,-0.2156522,0.040346794,-0.023674607,-0.1898019,0.08486397,0.08881605,0.011907448,0.07594744,-0.012807386,0.052155785,0.0046468955,0.002677422,-0.063557625,-0.041275647,0.031130373,-0.013193321,-0.06351969,0.09846903,0.12797414,-0.053987697,0.02244291,-0.1868249,0.0013497869,-0.03872379,0.021211931,-0.025329828,0.025303058,0.08806651,0.02573077,-0.09871877,-0.11426914,0.037925523,0.038429976,-0.13704802,-0.14123632,-0.0038331994,-0.03747208,-0.119471624,0.008198826,0.047871493,-0.025576314,-0.06008874,0.06288633,0.061632033,0.044157423,-0.0041349563,-0.08187603,-0.06215869,-0.032901615,0.00144793,0.106046885,-0.13359599,-0.05834472,0.07919971,0.027892945,0.013466289,-0.044946298,0.03807471,0.09913558,0.14043221,0.045609597,-0.030075895,0.008162453,0.018744534,-0.17056306,-0.011693888,-0.09686289,0.021302888,-0.05032562,-0.012652602,0.0065939333,-0.12217164,-0.09416112,0.055414468,-0.022232018,-0.08315157,-0.02420496,-0.04227391,-0.087581456,-0.06433745,-0.057011425,-0.010656906,-0.02261983,0.0727033,-0.057134207,0.004864335,0.023304306,0.052692465,0.0024505127,-0.017917937,-0.102269664,-0.09147118,0.04079508,-0.19602674,-0.03411049,0.06094073,0.054140937,0.031424828,0.012904097,-0.048071537,0.05127449,-0.03969334,-0.0062973625,0.12633784,0.12659517,0.02215914,-0.06702155,0.06409513,0.069759294,0.13734408,0.06302499,-0.02596894,0.020249777,0.031841084,0.039935905,-0.06529182,-0.09032396,-0.017900888,-0.102885894,0.008058977,0.1118024,-0.019745644,0.0076388204,0.07716551,-0.009795696,-0.04270525,0.017331487,0.0680116,-0.08794301,-0.0056939106
TCGA-D8-A27H-01A,-0.041413527,-0.045260623,0.07562917,0.071524836,0.046215244,0.04515615,-0.070578754,0.019299347,-0.01287201,0.041757412,-0.029383428,-0.015374304,0.07061769,0.15038668,0.10422684,0.036654282,0.06498574,0.019444475,0.058700554,-0.07026206,-0.04413662,0.010700659,-0.068083815,0.09595623,-0.06739338,0.028553316,-0.086064346,-0.16604199,-0.065882996,-0.07803167,-0.08810336,0.03949202,-0.007229459,-0.10193165,-0.03420602,-0.09858201,0.07774656,-0.01724517,-0.13171287,-0.054081015,-0.026317274,0.041089658,0.13850476,-0.06390048,-0.07276838,-0.08449536,0.10773559,0.011120768,0.116502166,0.086965464,0.072020695,0.10981111,0.041645877,-0.023704257,0.023987813,-0.039480142,0.091724426,-0.07137283,0.019377716,0.06649085,-0.042331167,0.00437069,-0.018706232,0.09638015,-0.07128027,-0.038300123,0.060356442,-0.026999047,-0.014376705,0.0019350179,-0.21388756,0.06226296,-0.0051411684,-0.10780833,0.13290118,0.13656355,-0.0989086,-0.012057455,0.07243603,0.04278523,0.015958484,0.005465821,-0.03902538,0.065427944,-0.006340416,-0.058506675,-0.005509588,0.09492418,0.08928028,-0.009897448,0.07150425,-0.07111256,0.037676107,-0.008808042,0.061480876,-0.062069897,-0.03214721,-0.0141742285,0.07651091,0.00079179293,0.067085266,0.13557193,0.01068571,-0.13318706,-0.10730384,0.10753756,-0.03317898,-0.22803874,-0.060144905,0.09234822,0.061422914,-0.051685248,-0.15644921,0.019989409,0.046925504,-0.014248765,-0.027164357,-0.010462157,-0.051540673,0.033012632,0.039513834,-0.031248076,0.029514305,-0.018266967,0.047721773,-0.017706312,-0.065458134,0.08801242,0.038807962,0.096919835,0.013637412,-0.102710746,-0.05795253,-0.01757917,-0.12388261,-0.005363242,-0.023572704,0.018696357,-0.053657107,-0.0069562993,0.041601956,-0.116293766,-0.09497943,0.087240584,-0.016716233,-0.05176193,-0.053064793,-0.011974197,-0.05520638,-0.027784148,0.044238377,0.036689594,-0.0062827365,0.04534473,-0.06473486,-0.05141812,0.06197816,-0.07471201,0.014135864,-0.0485193,-0.037892636,0.013346548,0.08787098,-0.09157377,-0.038030382,0.0001536988,0.080119796,-0.076715365,-0.014014742,-0.014278388,-0.05398821,-0.08162779,0.002277203,0.014780156,-0.044839755,-0.036131002,-0.18566151,0.09191703,-0.02453002,0.14661308,-0.0154008595,-0.03595608,-0.013023891,0.14350335,0.040419284,-0.13098264,-0.065663904,-0.08258831,-0.051478602,-0.027352633,0.09280034,-0.00016885911,0.00016081463,0.026875356,-0.011891372,0.03468711,0.0802467,0.11503302,-0.046899997,0.026894644
TCGA-BH-A1F0-01A,0.004518355,-0.062241726,0.17353143,-0.041442342,-0.0022425926,0.084471695,0.059275568,0.04463589,0.04425066,0.04332939,-0.020893741,0.068353154,-0.013043189,0.12738593,-0.008425866,0.016842196,0.014136704,0.04635452,-0.03449877,-0.0804639,-0.049443915,-0.14436112,-0.017755853,0.1267335,-0.091622725,0.028122094,-0.024764711,0.0064746304,-0.045199152,-0.04727299,-0.024850575,-0.010354529,-0.10085121,-0.07629113,-0.021565529,-0.072641924,0.032159284,-0.019588497,0.024032498,-0.03348749,-0.031516563,0.09770495,0.12734976,-0.06485694,0.0040688408,-0.038049523,0.13188943,0.0019086065,0.014461114,0.032409567,0.12211679,0.022506462,0.010752352,-0.005860387,0.12083828,-0.096414395,0.07273983,0.043353137,-0.04131521,0.08533364,0.08070963,-0.05170324,-0.025595516,0.070985846,-0.03795554,-0.003617446,0.08917989,-0.03657095,-0.054493092,-0.017854782,-0.103070766,-0.05371592,-0.012073624,-0.10915606,0.08900876,-0.073676266,-0.05160154,-0.008275791,0.076493844,-0.060825866,-0.018622726,-0.0776869,-0.057079867,0.08249374,-0.053199362,-0.056301095,-0.049112864,0.14866701,0.03821244,-0.13175184,0.08077555,-0.1303487,0.102274194,-0.01860806,0.08497524,0.0027140614,-0.01921712,-0.0883121,0.08423324,-0.022469193,-0.022240376,0.036594808,0.004925778,-0.11171819,0.019514544,0.09275892,-0.06102596,-0.12802711,-0.043830164,-0.004198522,-0.10295016,-0.0936471,-0.019249437,0.017492961,0.12885863,0.013887168,-0.060201515,-0.07058543,6.610439e-05,0.026500087,0.15207112,0.002529367,0.014350952,0.007439365,0.09465725,0.03641325,0.011947591,0.07345453,0.05501274,0.08305761,0.10282264,-0.098869756,-0.011704134,-0.105651274,-0.14313069,0.00017421923,0.052762736,-0.02230817,0.02096049,0.012841765,-0.08868415,-0.15839803,-0.0396941,0.116925985,-0.088423885,0.05028343,-0.119647585,0.049057756,0.047018588,-0.07024931,0.12282608,0.06735945,0.06598805,0.09653676,-0.010145194,0.038005196,0.10274224,-0.038546123,-0.077539325,0.06516057,-0.03448609,-0.006810535,0.046899136,-0.1366939,-0.059396543,-0.021565,0.08918591,0.088473484,-0.10291317,0.015832292,-0.01776612,-0.054756522,-0.011428903,-0.05938301,0.0195774,-0.05228675,-0.093943395,0.089084,0.036324635,0.17465155,-0.050919816,-0.040185895,-0.046037715,-0.11133302,-0.044566892,0.013467173,-0.08259052,-0.08825499,-0.10053823,-0.020013187,0.06081023,-0.032137267,-0.061328564,-0.012813619,-0.06964591,0.023767222,0.115016796,0.068633646,-0.02766971,-0.013866673
TCGA-C8-A1HF-01A,-0.03967344,0.056135926,0.054886,0.05675302,-0.09948953,-0.09102747,-0.017903354,0.03049418,-0.027820533,0.07352388,0.051757567,-0.017895745,0.046938132,0.121886194,0.15591118,-0.07330723,0.040700816,0.04720021,-0.06219919,-0.15538712,-0.02601991,0.023573507,-0.06071379,0.057079256,-0.1330568,-0.023444336,-0.0995855,-0.036752563,0.06825282,-0.12373808,-0.0983231,-0.031429026,-0.03517395,-0.06725404,-0.1753401,-0.11748372,-0.0027595507,0.021939674,-0.12723304,0.018412458,0.025737539,0.045869984,0.060155347,-0.043147184,-0.026856005,-0.05811501,0.09513964,0.058899973,0.074128926,0.078643665,0.08201652,0.017089799,0.006639547,0.080354996,-0.04725049,-0.0039957603,0.07274046,0.02675102,-0.06722493,0.045516584,0.10816387,0.05884679,-0.06294738,0.04952616,-0.087195724,0.022501217,0.06505616,-0.03731411,-0.08097796,0.03659399,-0.14008753,0.075500324,0.009093815,-0.12144316,0.09595709,0.0656562,-0.026490679,-0.035990607,0.15628716,-0.046498932,0.01620039,-0.043063994,-0.045505606,0.10796059,0.01223456,-0.114374235,-0.0072771837,0.1755297,0.04119348,-0.033127826,0.056405388,-0.117483094,0.05500827,-0.0786117,0.07523768,-0.1245928,0.0074116075,0.03692389,0.08123002,-0.018119346,-0.022132613,0.10310516,0.06262274,-0.1457982,0.01521818,0.11641851,-0.07934112,-0.06651075,-0.0065052635,0.014914655,0.03846769,-0.0800736,-0.047880176,-0.011588811,0.13963215,-0.011294824,-0.05694803,-0.027697986,-0.059739023,-0.0015546441,0.13072336,-0.17110342,0.023062343,0.031264696,0.11807598,0.00238766,-0.07874561,0.039433315,-0.038048647,0.13804893,0.10422892,-0.12515478,-0.08130654,-0.10112411,-0.14664504,-0.011699628,-0.056004085,0.057125334,0.036637355,0.06530745,0.00015767784,-0.0770544,0.008536584,-0.010743541,0.013158972,0.010099284,-0.06294212,-0.009383184,-0.010485402,0.010304229,-0.07661738,-0.008096357,0.11352431,0.035565928,-0.045288023,0.045641534,0.13235763,-0.081321724,-0.0925528,-0.004238289,-0.02172115,-0.040650774,0.018844282,-0.04588642,0.009900919,0.07136881,0.054497644,0.0028857037,0.03933711,-0.019782081,-0.037880793,-0.12600076,0.0056285914,0.069679946,-0.01180042,0.022148052,-0.03708475,0.0072529973,0.024239484,0.17580472,-0.014797679,-0.018802537,0.013250537,0.016215166,0.058132503,-0.04037749,0.008022736,0.018236184,0.021959115,0.0030467815,0.0006495152,-0.09499313,-0.0715941,0.009639475,-0.0073507787,-0.078121066,0.023889693,0.07397375,-0.011279232,-0.009719055
TCGA-BH-A0C0-01A,-0.020444617,-0.014648393,0.07510858,0.09097401,-0.056364533,0.05823733,0.0020235023,0.102079414,-0.08591466,-0.03721899,-0.0366646,0.018191263,0.0050078537,0.12599903,0.17714351,-0.06692616,0.0033983707,0.13319974,-0.017604314,-0.14815557,-0.049428582,-0.030787626,-0.025242833,0.14999959,0.036683284,-0.054827373,-0.11596291,-0.07964587,0.060701728,-0.048794374,-0.02920961,0.0009482531,-0.044159964,-0.17339948,0.0048665316,-0.13616087,0.006601018,-0.041300055,-0.043957338,0.0074109416,0.04910326,0.070168935,0.18863557,-0.051545143,0.0010138064,-0.12135538,0.027148789,0.013353386,0.03674338,0.08424706,-0.009269349,0.09708271,0.08155298,0.04006631,0.033292353,-0.03329892,0.015073204,0.08924165,-0.13588074,0.029789174,0.012017802,-0.044641078,-0.15525687,0.055406842,-0.087305345,-0.08270136,0.13343683,0.012443031,-0.06490091,-0.045553584,-0.10018536,0.036327694,-0.010922136,-0.097224064,-0.02328078,0.018946989,-0.06736493,-0.04483849,0.02756987,-0.0068355487,0.048507508,-0.07018653,0.009738908,0.035880584,-0.022735583,-0.06955669,-0.0095092235,0.07971306,0.0511293,-0.068512104,0.1386141,-0.06878578,0.076565616,0.048713215,0.066379905,-0.025872305,-0.08308412,0.0003620487,0.06577433,-0.02469077,-0.03902952,0.09309222,-0.0175948,-0.046146616,0.031352296,-0.01998245,-0.0716905,-0.071518295,0.091858305,0.041086305,-0.08104281,-0.14012289,-0.08610792,0.11533496,0.084452845,-0.046469867,0.035039082,-0.05952093,-0.083448544,-0.1281932,0.116857514,-0.09611254,0.06794241,0.053670797,0.11321042,-0.0369737,0.021823041,0.07337898,0.018243967,-0.015008972,-0.0012874955,-0.037298992,-0.0066982876,0.050265413,-0.15487951,-0.13074629,-0.0009922814,-0.058882333,0.07917947,0.021969736,-0.06542491,-0.08544369,-0.018069321,-0.012323806,-0.0171782,0.060530853,-0.06308109,-0.005126174,-0.028223427,-0.102257885,-0.05416364,0.07706738,0.09690371,0.054042198,-0.011162557,0.11155917,0.015049743,-0.005241343,-0.046863653,-0.00463723,0.034931466,-0.067511186,0.015124673,-0.027210584,-0.08015845,0.007656995,0.07774827,0.025039366,-0.07274438,-0.09402663,-0.029222446,-0.055200484,0.04856105,-0.052019525,0.031870022,-0.110703155,0.0032222425,0.023859642,0.040372945,0.21980211,0.043818463,0.07836983,-0.042076357,0.05332975,0.00024925344,-0.065425545,-0.11986216,-0.02178388,-0.08496164,0.056077324,0.024859631,-0.0029853703,0.05541318,0.07596456,-0.027804088,-0.004439959,-0.057542317,0.07659028,-0.025048556,0.038952522
TCGA-D8-A1JE-01A,-0.043905906,-0.08640064,0.07800924,0.017319536,0.037240654,0.08719632,-0.04372585,-0.014102979,-0.121577404,0.06748554,-0.035302147,-0.033996873,0.1394702,0.14223298,0.10557755,0.062636875,-0.00059954915,0.079259716,-0.013131816,-0.11318448,0.0074153338,0.012249743,0.052865963,0.05480539,0.09412593,0.015648996,-0.076702215,-0.0018614049,-0.06449282,-0.06390554,-0.07010565,0.021146758,-0.12511936,-0.10447453,-0.14934094,-0.13408381,-0.09893665,-0.010483125,-0.05484995,0.006276857,0.0013163368,0.019132916,0.1332591,-0.06769496,0.0013055397,-0.016865978,-0.040134825,0.09440298,0.06261053,0.07353369,-0.0696001,0.060279913,0.05706846,0.13574402,-0.054718178,-0.032916892,0.0631297,0.035942726,-0.05752691,0.04447357,0.02807346,0.013187522,-0.021327075,0.037846196,-0.04894278,-0.05034723,0.07772174,0.018612675,-0.0966444,0.0640905,-0.13794962,0.054658845,-0.050148834,-0.14738572,0.07999486,0.007444949,0.029709036,0.032846086,0.058285877,0.009141103,0.021252777,-0.043725587,-0.06738494,0.090212345,-0.0044236425,-0.022131978,0.003919604,0.07100782,0.098331675,0.08145057,0.11191257,-0.15781714,0.023734063,-0.029178664,0.037117384,-0.087074675,-0.05676541,-0.054404378,0.122231014,-0.10676441,-0.03434698,0.07879561,0.03183202,-0.107735366,-0.045484353,0.061945077,-0.121744454,-0.06379692,-0.048919395,-0.005085822,-0.004524674,-0.07662632,-0.10920401,0.0672529,0.16126621,-0.08003242,0.021836864,-0.074538805,0.020745482,-0.046217237,0.11423473,-0.058989625,0.084406234,-0.029095849,0.08909383,-0.035007924,-0.01727846,-0.0028725474,-0.023575325,0.07177051,0.11313149,-0.065861106,-0.011085018,-0.008916249,-0.1567444,-0.03434508,0.025427986,-0.09367044,0.010046312,0.030748202,-0.041409895,-0.033304676,-0.06561942,0.03247819,0.004244705,0.008995279,-0.039995402,0.051552363,-0.016764933,0.027951593,-0.019828277,-0.015353894,-0.013836541,0.011855072,-0.11063879,0.03913926,0.17380312,-0.10864933,-0.04187646,-0.035266753,-0.068772435,-0.14832886,0.058025863,-0.15271035,-0.10567724,0.06388441,0.08533868,-0.11825561,0.025130419,0.030162325,-0.025098987,-0.013392663,-0.06192793,-0.06087304,0.08825831,-0.048231028,-0.017665347,0.092760086,0.13170828,0.058201227,0.04584996,-0.05324016,-0.01621259,0.09374698,0.0070919273,-0.024591124,-0.10022955,-0.011708928,-0.06916261,0.018142276,0.103844605,-0.032947462,-0.04113248,0.008904742,0.03212366,-0.031868763,0.044602994,0.0853603,-0.013343578,-0.022065576
TCGA-E2-A1LG-01A,-0.025939763,0.025544971,0.069272906,0.12350702,-0.07042087,-0.036159158,0.05172411,0.0846539,0.013591368,0.08830786,-0.0264647,0.004251539,-0.055900443,0.11443679,-0.0069468506,-0.056135647,0.060058985,0.014369516,-0.046001513,-0.16791637,-0.08794267,-0.07271965,-0.10753393,0.092528164,-0.03376531,-0.04921464,-0.090116724,0.04303374,-0.013269493,0.0139710065,-0.036315095,0.012419762,-0.110516995,-0.061583627,-0.14151306,-0.10392686,0.048061006,-0.01666349,0.009982979,-0.0684213,-0.056263577,0.045045227,0.09420242,-0.116468,-0.09345344,-0.008704697,-0.019501464,-0.07505295,0.065048814,0.06520352,0.101023905,0.06993087,0.067396484,0.090777315,0.025726302,-0.04368401,0.07511335,-0.06348096,-0.07698116,0.053448364,0.012988772,0.015719414,-0.079530954,0.028343897,-0.071984,-0.06770268,0.13095048,0.013936407,0.00012162822,-0.056765646,-0.013245221,0.03773145,0.03372943,-0.1721494,0.06906454,-0.00028680923,0.03626978,0.047493458,0.06667807,0.08090963,-0.047053423,-0.010391112,-0.009944197,0.010312985,-0.12938403,-0.08977879,-0.065842874,0.015470215,0.10351719,0.011551604,-0.0020622492,-0.06697119,-0.02810812,0.043613702,-0.019320281,-0.03553374,-0.03677858,0.0425977,-0.0085597085,-0.14124829,-0.10214227,-0.00882148,0.03267792,-0.115710445,-0.07843971,0.0027044485,-0.02633595,-0.14594442,0.012570633,0.0049460204,-0.04148798,-0.0863117,-0.031511065,0.0909604,0.13106915,-0.064925864,-0.006930186,0.0049329004,-0.015774636,0.052985784,0.22470209,-0.078761354,0.00694251,0.0524723,0.09867569,-0.072395615,-0.048852205,0.112183325,-0.0067518363,0.19944172,0.06433935,-0.0882323,0.031382915,-0.072432995,-0.12374285,-0.091232486,-0.024579803,-0.043524414,0.0038158468,0.06285839,0.015473052,-0.13997345,-0.016251734,0.06596422,0.08658454,0.034833852,-0.06673639,-0.0405033,0.0057142368,0.03502982,-0.011734181,-0.011549601,-0.029608442,0.026425464,-0.06287065,0.029265368,0.048608698,-0.06595712,-0.079726554,-0.058875024,0.038212936,-0.0276905,0.05610782,-0.1598037,-0.0049044667,0.06866713,0.065482706,0.09273821,-0.10221823,-0.039242968,-0.120206,-0.08389679,-0.01824645,0.08661542,0.06479883,0.053576536,-0.067073636,0.048157856,0.020878477,0.13733871,0.07151865,-0.034092017,-0.0970961,0.0420551,0.03310636,-0.10765774,-0.028268645,-0.06695515,0.028939502,0.08041497,0.0036592535,-0.10373597,-0.09418241,0.04272564,-0.03369392,-0.047094334,0.020336978,0.06557469,-0.01760123,-0.015288504
TCGA-BH-A0AW-01A,-0.037174344,-0.06878485,0.16104157,0.026177557,-0.03952551,-0.013278972,0.012093986,-0.0379295,-0.069835104,0.054846305,-0.06519563,-0.08688891,0.0053871623,0.12173807,0.10775587,-0.025755472,-0.01020482,0.0010982355,-0.058273602,-0.07694722,-0.047113378,0.02360626,-0.0688934,0.09681158,0.032526564,-0.056890093,-0.17018148,-0.011668882,0.010286294,-0.10402518,-0.013447809,0.056639183,-0.02917538,-0.13038918,-0.033619132,-0.096932344,-0.06546254,-0.033564862,-0.07178995,0.00048197026,0.00351856,0.07457302,0.16269967,-0.080662064,-0.040673263,0.018565731,-0.0012662116,0.0227872,0.026876612,0.05440483,0.057503887,0.014417977,0.06885526,0.08357315,-0.0044833017,0.030439131,0.03846879,0.018645352,-0.07472109,-0.0096637355,0.109099194,0.08620273,-0.07357257,0.15118729,-0.03210147,-0.06137707,0.13497898,0.029522402,-0.1413423,0.038832825,-0.09158491,0.031184325,0.0028827186,-0.14194202,0.052214775,-0.052602194,-0.06198076,0.050674528,0.070078306,-0.004755327,0.07955192,-0.063355036,-0.034276776,0.056155793,-0.023643652,-0.11111849,-0.056156535,0.09167625,0.0422513,0.048743095,0.08145239,-0.06722091,0.09072391,0.1129838,0.08096442,-0.054661416,-0.078435205,-0.010095756,0.07011436,-0.14384353,-0.052265093,0.072593056,-0.039779197,-0.087506816,-0.081587054,0.012472096,-0.019628977,-0.075936146,0.03987968,-0.024137799,-0.042868894,-0.12746742,-0.059611976,0.0150738945,0.09288436,-0.016663143,-0.048437975,-0.07619127,-0.053074103,-0.049397025,0.14217803,-0.10934375,0.08092972,-0.03150599,0.07964946,0.015753172,-0.036433034,0.017731993,-0.01495975,0.07346031,0.10720295,-0.15936416,-0.08663205,0.024468862,-0.21770486,-0.09549672,0.0036467954,-0.15209952,-0.014323094,0.03333689,5.8731446e-05,-0.076429,-0.112642646,0.021048097,0.012499029,0.04044746,-0.10452053,-0.016728276,-0.0177808,0.03347033,-0.010296335,-0.017770743,0.04833593,0.106289916,-0.06938546,0.0053373645,0.09367007,-0.06798773,-0.09225948,-0.0032340751,0.08340145,-0.020890133,0.06276575,-0.0010134152,0.0034903844,0.02278943,0.12265466,0.05170202,-0.04343068,-0.043791927,-0.011743359,-0.11183852,-0.06623148,-0.03712228,-0.001623896,-0.025783762,-0.093409315,0.07371859,0.109915495,0.09667114,-0.037490517,-0.057908203,-0.04552671,-0.02481979,-0.011102758,-0.09441258,0.01718202,-0.017182147,0.039186962,0.061870012,0.08827197,-0.08332373,-0.056178458,0.09579917,-0.073688485,0.027626345,0.030505953,0.06686868,-0.005513982,0.0060678925
TCGA-C8-A26Z-01A,-0.027161075,-0.026788324,0.1562654,0.04226565,-0.0554548,0.13096897,0.065006495,0.0034299025,-0.08044886,-0.014301116,0.0052318745,-0.09483568,-0.030221809,0.15357544,0.063708626,0.023343299,-0.017383574,0.050920717,-0.044310894,0.0054322304,-0.05064124,0.019696353,-0.025231568,0.025371535,0.020081813,-0.036519065,-0.12690043,-0.06387453,0.09358658,-0.012831018,-0.042270638,0.020976424,-0.15904893,-0.07448438,-0.054330934,-0.16583481,-0.0198117,-0.04756446,-0.07161021,-0.02937818,0.020693801,0.06553344,0.14592327,-0.09629045,-0.0011582928,0.031282656,-0.03361603,-0.009396412,0.12059183,0.0396384,0.11176971,0.043557562,-0.033341657,0.17755504,-0.11201282,-0.062522255,0.101691656,-0.07591535,-0.07115159,0.08113798,0.013277568,0.09713001,0.018409725,-0.018476285,0.018536225,-0.06401548,0.16312332,0.053303584,-0.015988024,0.05908641,-0.08646468,-0.06185029,-0.024553798,-0.20348068,0.11884347,-0.054292273,0.0012996146,0.027241515,0.16453186,-0.048248295,0.026972998,-0.15146801,0.008795109,0.020999316,-0.0018240517,-0.019772891,0.037031177,0.08336241,0.053310316,-0.015883174,-0.0006460175,-0.08039881,0.06230019,0.15520331,0.105641484,-0.034192592,-0.0984121,0.035289258,0.043973036,-0.046582118,-0.043258652,0.124083996,0.073977485,-0.088148475,-0.049874295,0.043231625,0.00095736823,-0.054439813,0.05690181,-0.030498711,0.012936089,-0.05110098,-0.09309057,0.06833393,0.12501362,-0.052377455,0.029997278,-0.032111865,0.027721673,0.023355938,0.12832256,-0.037305064,0.06266476,-0.0005774253,-0.0036628447,0.055531263,-0.12048754,-0.024216505,0.04482493,0.06815005,0.017994078,-0.0936136,-0.09508316,-0.07393255,-0.18689683,0.038687203,-0.09407009,-0.08777487,-0.064292215,-0.0027339,-0.069156796,-0.08842099,-0.057651702,0.02555326,0.0449712,0.027434766,-0.05466485,-0.035033524,-0.07710432,0.03758244,-0.04067197,-0.039628174,0.014359659,0.039510716,0.06874665,0.03327227,0.053319015,-0.038692273,-0.023903571,-0.061320875,-0.05023051,-0.11012696,0.00879293,-0.10145457,0.0033203634,0.008014381,0.026391672,-0.0072910017,-0.041747507,-0.0920432,0.020002142,-0.056219134,0.036369286,-0.024695396,0.000715608,-0.065284446,-0.039003123,0.10111645,0.047827836,0.049829014,-0.036787383,0.00520936,0.08385474,0.034618687,0.01039418,-0.055015203,-0.06218483,-0.064303346,0.001879819,-0.0008206502,0.08477825,-0.12737289,-0.07316087,0.12661438,-0.06448956,0.06100473,0.044964295,0.013410679,-0.046243604,-0.047423895
TCGA-AR-A254-01A,-0.03187886,0.046176773,0.14954223,0.087331176,0.005188455,0.004644514,-0.0554485,0.027590133,-0.049701,-0.03104257,-0.0061109248,-0.04138569,-0.029482864,0.21220289,0.068171084,-0.065107636,-0.04779599,0.072018154,0.06876672,-0.020036953,-0.030133594,0.027196156,-0.100803055,-0.01752888,0.0065661855,-0.032513823,-0.19724362,-0.045302667,0.015638584,-0.10160058,-0.04561848,-0.00021241895,-0.08331395,-0.15374671,-0.08868396,-0.07214944,-0.104446664,-0.0469023,-0.052869327,-0.03205713,0.059713583,0.047678754,0.12911603,-0.014263318,-0.012782787,0.0069817924,0.025846472,0.004958032,0.013366176,-0.03238777,0.07698426,0.08718422,0.06968936,0.035334203,-0.09191855,-0.11667304,0.0750691,-0.018446192,-0.03718163,0.060802776,-0.022828182,0.0014800206,-0.05460103,0.08693445,-0.09339841,-0.011502039,0.09940036,0.0061440254,-0.059530865,0.027400656,-0.113388,0.051009074,0.027609844,-0.15144333,0.039861366,0.09719331,0.06748237,0.115034446,0.10383672,0.019835422,-0.06662763,0.0043550828,0.0076140175,-0.013829015,0.078757145,-0.099638715,0.026708094,0.053872593,0.15295815,0.06029608,0.031329244,-0.17751345,0.08530874,0.10303025,0.03932532,-0.037653714,0.0016041029,-0.025001865,0.0110682,-0.04738424,-0.021569617,-0.0002658135,-0.10552734,-0.044145815,-0.041529924,-0.039893314,-0.13902992,-0.12996544,0.051340934,-0.058747217,0.04663115,-0.15073077,-0.033893004,0.062235005,0.07272249,-0.03959434,-0.04685469,-0.005340275,-0.036057245,-0.022429183,0.04617186,-0.08086283,0.0660646,0.00057311344,0.03280216,-0.104720175,-0.038211953,-0.028437123,-0.061401047,0.14509805,0.14108205,-0.06714258,-0.05928481,-0.037344415,-0.072069764,0.003880412,-0.031646866,-0.0407557,-0.08537328,-0.027143596,0.023877298,-0.057977017,-0.059567053,-0.01777561,0.043513812,0.024772344,-0.067791045,0.0523954,-0.12079327,-0.07699886,-0.00077191147,-0.03073348,0.0013258674,0.09939871,-0.15280364,0.004868149,0.01230246,-0.09747514,-0.041877773,-0.054754782,0.009336204,-0.037085902,0.08616021,-0.16728638,-0.06041645,0.04900571,0.09023276,-0.02394222,-0.09022966,0.022784622,-0.048853528,-0.08374061,-0.012550731,0.10616157,0.038445372,-0.06608772,0.0064999666,0.069922574,0.12513767,0.010236756,-0.002599789,-0.066948965,0.019273141,0.09454948,-0.011499933,0.017321188,-0.042043895,0.019830966,-0.08842983,0.06679776,0.054342985,-0.072562456,-0.044990078,0.057615824,-0.053729706,-0.036803123,0.07500449,0.037404906,-0.045637187,-0.13004008
TCGA-BH-A1EX-01A,0.020654935,-0.026936522,0.192845,0.060158346,0.005744715,0.039813835,-0.086780444,-0.0060782772,-0.07031267,-0.025636114,-0.01277251,0.11921765,-0.054904155,0.060526073,0.012414845,-0.10639333,0.0072128573,0.111683846,0.055612616,-0.060025577,-0.020826703,-0.11992223,-0.05008424,-0.0060507995,0.03262852,-0.019207964,-0.09943335,-0.064120226,0.096868776,0.014771096,-0.028689459,-5.8577294e-05,-0.11529593,-0.22416322,-0.058148604,-0.13546504,-0.06414276,-0.0896949,-0.00038103765,-0.01646677,0.0011266264,0.05352667,0.054174215,-0.17732683,-0.09645258,-0.027892102,0.01176178,0.08170851,0.021242188,0.12110375,0.068303704,0.050569132,-0.006847681,0.106446154,-0.07592348,0.059028897,0.17850167,-0.11368856,-0.05370492,0.043278366,-0.012375483,-0.011939687,-0.03185059,0.085144155,-0.07795889,-0.02664604,0.101761736,0.0030044217,-0.07893092,0.055578545,-0.054824077,-0.041873597,0.017422233,-0.10078233,0.068188235,0.010632576,-0.0015609618,0.0149813015,0.08141929,-0.00031415335,-0.006154195,-0.022494854,-0.02609777,-0.019618416,0.05529888,-0.04487494,-0.011324639,0.0009393853,0.12950473,-0.061268862,0.01022083,-0.022788474,0.10449521,0.043865263,0.033148427,-0.11831623,-0.112717114,-0.033482805,0.030026292,-0.1028352,0.030938854,0.030394306,0.0126973735,-0.09957844,0.018221686,0.061384503,0.03252006,-0.16198213,0.061814737,0.0413016,-0.04430586,-0.09413479,-0.027935304,0.09370364,0.08718537,-0.08241313,-0.00017155013,-0.064724684,-0.11495298,-0.017332701,0.10033051,-0.044269864,0.07758323,0.005809126,0.07835392,0.017022384,-0.11007497,0.080746405,0.08549786,0.06736214,0.12624241,-0.09020525,0.023549527,0.0538095,-0.19880158,-0.013266289,-0.067460865,-0.018392973,-0.030205593,-0.015205328,-0.0037144686,-0.17138103,-0.07445794,-0.011887584,0.068814844,-0.04628793,-0.009003922,-0.040453542,0.044926595,0.015736736,0.0061966754,-0.0047371583,-0.04858306,0.06661453,-0.050588544,0.07764463,0.027498614,-0.061926823,-0.08521376,-0.069454364,0.029803395,-0.092927836,0.103546835,-0.058203213,-0.047665678,0.022283051,0.027935563,0.07488862,-0.028320946,0.03157079,-0.014267239,-0.060920652,-0.010366622,-0.07511372,0.08482589,-0.028467514,-0.10609812,0.098186165,0.08919828,0.03767146,0.051414832,-0.014384827,-0.06242926,0.015790284,-0.010066751,-0.03544014,-0.06799866,-0.0031035128,0.011271876,0.0010092314,0.13232033,-0.062568896,0.050014526,0.0012315261,-0.096103735,0.04905813,0.042502213,0.057316434,-0.12464878,0.036654573
TCGA-BH-A1EO-01A,-0.030276043,-0.02559528,0.19228658,-0.02584827,-0.09098098,0.046226043,0.043220945,0.06495095,-0.05047408,0.052671943,0.030456895,-0.0022367102,0.0027276601,0.14209636,0.098027214,0.002618767,0.027377328,-0.036361504,0.08118696,-0.03815136,-0.06552416,-0.07276106,-0.018867834,0.07792931,-0.03185372,-0.0634642,-0.11092436,-0.0054304684,0.028838104,-0.0022067616,-0.050688796,-0.05549243,-0.10778467,-0.11624105,-0.16649711,-0.070124015,0.049812436,-0.0029512777,-0.017316878,-0.05375785,0.07765133,0.055331502,0.016534755,-0.14509207,0.07596769,-0.10125553,0.113519326,0.07230639,0.110034026,0.10346147,0.04488444,0.014864456,0.01850515,0.0046223784,-0.11086155,0.0124591645,0.080798134,-0.053140607,-0.075471304,0.03626165,0.02795577,-0.041059382,-0.05378544,0.03321868,-0.056063827,-0.05016669,0.07555218,0.05452107,-0.034853637,0.11831619,-0.15043196,0.02659251,-0.044660654,-0.105447695,0.05138537,-0.020926876,-0.040507033,0.12751147,0.120677434,0.035082668,0.01948888,-0.07523724,0.009706433,0.060502026,-0.02005279,-0.06496149,0.002040928,0.027749173,0.10003183,0.0070677777,0.04111026,-0.12825295,0.04682711,0.06807148,0.028161898,0.019797798,-0.11038472,0.020985369,0.041349687,-0.082806975,0.039776713,0.036009472,0.039303288,-0.039369542,-0.07210803,0.012135723,-0.04222499,-0.19211347,0.0715811,-0.07351197,-0.033531174,-0.077795655,-0.070245124,-0.0065331063,0.14901435,-0.046891946,0.07560999,-0.12177954,-0.07507311,0.08847211,0.13055016,-0.060951203,-0.032172896,0.080163345,0.032832835,0.114416495,-0.07741026,0.11593227,-0.007892029,0.038841806,0.04179178,-0.09924306,-0.06150466,-0.023426587,-0.1646073,0.07647372,-0.020122582,-0.048506647,-0.0078711435,0.07508164,-0.04522951,-0.08636514,0.014166333,0.06154934,0.010127406,-0.02387542,-0.04261645,0.009426539,-0.12019557,-0.00295152,0.017040674,-0.029472725,0.052762754,0.059187286,-0.026906136,-0.049602356,0.05092191,0.01630068,-0.052227437,-0.07892147,-0.090989776,-0.04591588,0.017206877,-0.11461676,-0.04761066,0.021467822,0.11713188,-0.03959547,-0.07469803,0.02743922,0.10496155,-0.08392573,-0.023197744,0.05938361,0.05363492,-0.043955673,0.020245805,0.046910223,0.041356508,0.15882829,0.010269534,-0.02694577,-0.03633017,0.15338184,-0.039391536,-0.026096057,-0.025201207,-0.026951244,-0.10722804,0.06851223,0.124992155,-0.061208893,-0.027283289,0.007857788,-0.039855603,-0.08183925,-0.011938762,0.07632093,0.01962653,-0.06661817
TCGA-3C-AALK-01A,-0.05083696,-0.067051694,0.07743432,0.026068712,0.054674517,0.108501986,0.12236836,0.019090129,0.0019558372,-0.054020453,0.062714875,-0.07748384,0.02205212,0.19811088,0.14691664,-0.05943462,0.060260847,0.07038157,0.014389683,-0.14374234,-0.017815905,0.03005462,-0.026823066,0.047751244,-0.0063072126,-0.02588462,-0.23922724,-0.13324143,-0.001242757,-0.051956706,-0.10775941,0.035728905,-0.047319412,-0.13020274,-0.051091656,-0.08132138,0.028783558,0.03187797,-0.031536758,0.08501751,0.059020247,0.041140456,0.14774019,-0.045665495,-0.040545862,-0.01727902,-0.046107966,0.036795624,0.015839946,0.13889681,0.03223547,0.08048096,0.014598154,0.045333054,-0.016355453,-0.020552345,0.08450937,0.08133336,-0.020260878,0.079604626,-0.007156986,-0.049133237,-0.11652868,0.056227285,-0.07035103,-0.09579713,0.09919188,0.051795714,-0.030287543,-0.061906353,-0.075562865,-0.0045137606,-0.09237256,-0.15615653,0.11027594,-0.021841517,0.050700314,0.015214182,0.118757576,-0.068314716,0.03245216,0.009043364,-0.043764137,0.03993398,-0.05211411,-0.05828159,-0.11990639,0.09957745,0.090361185,-0.005975682,0.049436763,-0.050690714,0.024573721,0.07196573,0.01070413,0.029497473,-0.044915557,0.057164334,0.023434075,-0.020931046,-0.0067763817,0.051085666,0.07562634,-0.0716679,-0.059857372,-0.010034877,-0.037759427,-0.09811883,0.06171753,-0.063079245,-0.17191261,-0.03333526,-0.049262688,-0.016612977,0.019386562,-0.024016667,0.013537839,-0.012274517,0.012052659,-0.07742356,0.045158204,-0.07276419,0.0011320242,0.07455971,0.040961567,-0.012726229,-0.065770365,0.066925086,-0.042790093,0.20264554,0.0005621397,-0.07858038,0.04747663,-0.038446166,-0.19988105,-0.024813779,-0.064332046,0.04054626,-0.11325784,0.061235756,-0.0044629937,-0.15576015,0.007285929,-0.060645483,-0.074398585,-0.020999348,-0.061166737,0.00027723762,-0.168869,-0.0017848408,-0.026829485,-0.07615711,0.007683341,0.012590769,-0.011207391,0.0431964,-0.04043228,-0.039762873,0.006968261,-0.079249725,0.025072427,-0.008296388,0.02820712,-0.13901159,-0.0105656795,0.047860757,0.06084928,-0.006367741,0.011029372,-0.1228616,0.0945394,-0.14026405,0.051968813,-0.027794626,0.04073528,-0.04991392,-0.031499766,0.049560808,0.05267697,0.042501573,0.029321654,0.036128867,0.028248161,0.06738745,0.11587988,-0.029168706,-0.038765702,-0.017039906,-0.03650621,0.040672027,0.07724121,-0.037263762,-0.023630641,0.01860036,0.007128157,0.08692437,0.05968184,0.078461036,-0.058519457,-0.050541583
TCGA-BH-A0E0-01A,-0.047405668,-0.034733035,0.15868467,0.121267796,0.066327095,0.081097536,-0.045994956,0.04191558,-0.0006852093,0.01349408,-0.017051214,0.0040068435,-0.050550908,0.21721864,0.02773622,0.0336382,0.070398465,0.029121535,0.09684865,-0.07453474,0.031589158,-0.060868148,-0.07610247,0.025215687,0.026201349,-0.008812564,-0.16969165,-0.05131523,0.023760708,-0.10700384,0.017983133,-0.0136369215,-0.13220124,-0.17461474,-0.056177784,-0.15477629,-0.0003879731,-0.07773506,0.004572803,-0.009100377,-0.085144475,0.07916465,0.04094464,-0.08098665,-0.071663916,-0.014972541,0.096968964,-0.05404198,0.0697212,0.09867408,-0.002619353,-0.05980926,0.06473156,0.08468275,-0.09678693,-0.00865282,0.08189264,0.07498736,-0.051459316,0.073913075,-0.019215643,0.037225343,-0.091657564,0.019059746,-0.03047723,-0.08219531,0.074225,-0.027029725,-0.052039728,0.03101127,-0.036849603,0.020026723,-0.018198425,-0.2212337,0.109826654,0.018883727,0.012770693,0.06210847,0.014449163,-0.02769183,-0.024907898,-0.09340243,-0.042523477,0.013863407,-0.04645224,-0.008943163,-0.046338458,0.091533795,0.00865245,-0.037707325,0.07975012,-0.06325411,0.0051703597,0.019027703,0.06917766,-0.116898365,-0.06643963,-0.026012663,0.10169769,-0.16458371,-0.017779246,0.07179924,-0.057885543,-0.11406922,0.03632687,0.011585244,0.0015432449,-0.14204541,0.04037658,0.015816648,0.006744511,-0.06685471,-0.08772721,0.13046496,0.13051273,0.004463267,-0.02473799,-0.10562682,-0.06342045,0.062334653,0.10227708,-0.026000291,0.08993593,0.08390997,0.054390296,0.025562227,-0.08468031,0.06565866,-0.035105027,0.10992888,0.083901495,-0.12373575,-0.086839505,-0.03858795,-0.14101967,-0.11112454,-0.0006451841,-0.00038409224,0.0016513228,-0.047453932,-0.0069267415,-0.14911962,-0.039941095,0.007976786,-0.09981799,0.02092604,-0.06508628,0.08054529,-0.07554441,0.014964136,-0.06804474,-0.007828445,0.013346524,0.040553343,-0.10769788,0.00682876,0.025999999,0.06326372,-0.010435033,-0.036461663,0.017852262,-0.012493372,0.0022488933,-0.15469371,0.049921624,-0.017743647,0.059782077,-0.0111615015,-0.0072256406,0.004931848,0.07021635,-0.11550928,0.052337155,-0.092796326,0.023912014,-0.093227826,-0.025658302,0.017911362,0.039746016,0.12765656,-0.011169134,0.001570845,0.030770559,0.028163422,0.002159262,-0.06678696,0.035655744,-0.09719619,-0.03416441,-0.029240526,0.06641322,0.013876413,-0.0344702,0.04582958,0.040516596,-0.017347407,0.0070598465,0.078788355,-0.08645205,0.02477557
TCGA-E2-A1B1-01A,-0.02384591,0.006282902,0.052679703,0.03591939,-0.0543136,0.06527208,0.16465458,0.041742187,-0.032521926,0.035093863,0.048819162,0.025542213,-0.01269004,0.1181557,0.17264314,-0.00037440137,0.091691695,0.038546793,-0.01693586,-0.08480912,0.0023709903,-0.025426872,0.0062691374,0.0826993,-0.011614839,0.016514072,-0.03606208,-0.06861117,0.05484743,0.017049268,-0.092154495,0.016976107,-0.054449566,-0.11932604,0.018894492,-0.14441793,-0.042300805,-0.025314106,-0.02323989,-0.08835443,0.02667862,0.050856397,0.09046508,-0.08249139,-0.062767684,-0.06279975,0.03373057,0.02369741,0.0987487,0.15782444,0.13119507,0.06039155,0.015236208,0.10364607,0.0008072579,-0.035987034,0.054841045,0.03866597,-0.009678269,0.087571636,0.004175697,0.0040940107,-0.05510497,0.08249487,0.0049460814,-0.06494674,0.21315895,0.0011609098,0.009412833,0.017141994,-0.050768808,-0.04087708,0.0046594827,-0.19702466,0.017149022,-0.055824816,-0.033376787,-0.009802034,0.08783857,-0.05030118,0.009135457,-0.00968495,-0.054406736,0.012726539,-0.0916582,-0.06123971,-0.029826535,0.13958237,0.08257817,-0.08213166,0.049870044,-0.07811718,0.022058439,0.108788654,0.12552892,-0.051089916,-0.027477752,0.11426285,0.036526516,-0.10337385,0.06326995,0.04824442,0.027532427,-0.029376408,-0.06547004,-0.0047569727,-0.08537811,-0.0013649364,0.02803174,-0.109106034,-0.016466353,-0.060126573,-0.058563806,0.11507449,-0.03830426,-0.05515612,-0.12220336,0.008471068,-0.020196792,-0.04211032,0.018408714,-0.08891534,0.055632524,-0.0005142395,0.043880515,-0.051409308,-0.10856739,0.021245193,-0.06655623,0.1390771,0.0330865,-0.006585665,-0.00067265314,-0.033357453,-0.20632873,0.013541337,-0.09883801,-0.01632568,-0.049926832,0.059077483,-0.10430012,-0.07256442,0.0057955734,0.06402146,0.10179743,0.02861599,-0.116445474,-0.021084955,-0.07037597,-0.032167006,0.011987724,0.0015253656,0.039170895,0.066992335,-0.08661478,-0.012949945,0.047589302,-0.09454146,-0.0542665,-0.17209357,-0.0890627,0.044239864,0.030339692,-0.043838628,-0.09852023,0.0690332,0.059490222,0.003917265,-0.003547815,-0.10454015,0.03730124,-0.14636716,0.0381697,0.050790284,0.11106105,0.029015949,-0.055398848,0.061887234,0.03137463,0.08170512,-0.0019271869,0.008301322,0.02269818,0.05112272,0.0034512822,-0.009148313,-0.12070743,-0.04107778,-0.03430462,0.0028884176,0.08619774,-0.0771867,-0.101823695,0.008476522,0.113098815,0.065315574,0.083715536,0.08096811,0.06626141,-0.06887463
TCGA-E9-A1N4-01A,-0.071717754,-0.075891495,0.07852818,0.05850035,0.006775389,0.044167783,0.04507497,0.015414174,-0.049203303,0.10698167,0.05328077,0.079462565,0.0022952592,0.11577893,0.10185714,-0.019943085,-0.037119813,0.061577026,0.029372806,-0.091598906,-0.022233484,-0.0057771862,-0.024462985,0.092050426,0.046889193,-0.0728616,-0.09487497,0.015746916,-0.048683457,-0.04426519,-0.06477512,0.11921222,-0.0430717,-0.026255738,-0.07121704,-0.12031923,-0.041251052,-0.093341514,-0.070959896,-0.043751113,-0.0026398818,0.06439016,0.064180315,-0.023741104,-0.04895052,-0.0037824428,0.04507143,0.00020049764,0.090158686,0.11927817,0.09366754,0.0154578015,0.03334228,-0.010264213,0.04080864,0.010094053,0.040500388,0.04406595,-0.13102955,0.011498514,0.09176486,-0.042239,-0.04801084,0.05698561,-0.037445888,-0.088707596,0.12933888,-0.0176568,-0.08762061,-0.057035685,-0.17681344,0.059749592,0.028405625,-0.14529994,0.10974238,0.11924585,-0.013823146,0.021296248,0.015681041,0.043940276,-0.040264938,-0.08976384,0.05797403,0.03170538,-0.034288496,-0.124483645,-0.08389575,0.12064529,0.10182936,-0.04878598,0.054956257,-0.19091856,-0.037940327,0.040408432,0.08655438,0.018444497,-0.046687547,-0.06313769,-0.01115248,0.0150005305,-0.040932443,0.09679993,-0.015398898,-0.17832801,0.052349187,-0.032473575,-0.059729576,-0.08043409,0.062128626,-0.040689852,0.045850933,-0.090973124,-0.004840632,0.058621094,0.063524246,-0.0023382793,-0.005270037,-0.031269222,-0.05204549,0.0052716527,0.080526866,-0.08557001,0.08198553,0.031436864,0.074022405,0.051297866,0.04180443,0.050919276,-0.039306577,0.17304732,0.11116784,0.036085267,0.009238566,-0.08497892,-0.17145419,-0.051356934,-0.025753813,0.035434004,-0.049231123,0.02486426,-0.10646338,-0.17675257,0.0017700596,0.06386178,-0.061556682,-0.013043076,-0.09351584,-0.06387603,0.0026854603,-0.13074684,-0.038967878,0.072316535,-0.022426011,0.023217356,-0.012973984,-0.07618818,0.0640761,-0.10237172,0.024881808,-0.046577945,-0.05262749,-0.031339012,0.11847212,-0.1468251,0.009257194,0.022406934,0.04688319,0.07515978,-0.02091504,-0.078669704,-0.043245528,-0.06992749,0.07865599,0.0059178555,0.04461697,0.05020173,-0.08980652,0.14141932,0.0027698795,0.09719258,-0.044460777,-0.057275668,0.028585847,0.02579114,0.08366647,-0.055473503,-0.09974186,-0.039463423,-0.032517485,-0.02518889,-0.0013073026,0.029178683,-0.06952334,-0.00053741736,0.027244017,0.12745696,0.04499427,0.08718164,-0.062190026,-0.031860165
TCGA-D8-A1XQ-01A,-0.019243237,0.08229812,0.09166178,0.04982552,0.023074001,-0.020975295,0.09529449,0.034057688,-0.059949607,-0.035773654,0.01339125,-0.017678693,-0.024285147,0.11858934,0.06398768,-0.023571799,0.052491263,-0.010225011,-0.047970634,-0.06670501,0.027637692,-0.047231436,-0.06255675,0.103223495,-0.026230857,-0.0112347435,-0.1551497,-0.047894962,0.005419268,-0.11580987,-0.0043896576,0.010306329,-0.067987196,-0.22992653,-0.088546574,-0.1269175,-0.023135258,0.005308583,-0.06933526,-0.050378803,0.009309459,0.059747543,0.15798491,-0.023400437,-0.042670645,-0.03532732,0.018685127,-0.024193147,0.06581236,0.018330505,0.070108145,0.02885697,-0.010143625,0.025161993,-0.051413577,-0.03771936,0.05250962,0.020964924,-0.0187911,0.119201295,0.08828249,0.018754898,-0.094580546,0.1746749,-0.03553934,-0.049934216,0.15107593,-0.07875605,-0.06762247,-0.04056216,-0.054512817,-0.0035884525,0.08052647,-0.14805637,0.01592578,-0.017216422,-0.033263907,0.08104083,0.12042383,0.04229371,0.05482505,-0.02496175,0.04209473,0.112415455,0.010328292,-0.18761575,0.0005913489,0.09462317,0.072424985,-0.112645864,0.09267128,-0.12018728,0.10209629,0.13223687,-0.01562559,-0.03210897,-0.037003346,0.06988636,0.052358225,0.0050078114,0.03134629,0.061572373,-0.08034743,-0.089293234,-0.055211216,0.03870526,0.038991842,-0.1177369,0.04311031,0.076014,-0.04260638,-0.026962724,-0.00063973747,0.094505765,0.06306136,-0.10949019,-0.11813322,-0.08354346,-0.004114223,-0.08205971,0.1670232,-0.044077,0.065425,-0.045073956,0.05433881,-0.06713018,-0.14173183,0.015992193,-0.07325406,0.09660332,0.019776165,-0.124259606,-0.04438518,-0.034543213,-0.17286818,0.00484945,-0.031033324,0.0021655618,-0.0156209385,-0.0072803316,-0.05820735,-0.05493326,-0.08834472,-0.012375196,0.009989,0.046505958,-0.03888415,-0.09862516,-0.007951596,-0.091258995,0.0062131644,0.003860624,-0.03354335,0.051061887,0.019067824,-0.053679015,-0.022777999,-0.058529932,-0.056115206,-0.019404793,0.025168149,-0.028891608,0.0555014,-0.022997197,0.032325603,0.058632035,0.08308371,0.025405355,-0.07491109,-0.003429901,-0.036641344,-0.01637577,-0.037386656,0.0216289,0.016067114,-0.072535865,-0.08242444,0.10170432,0.1627005,0.035092555,-0.017146913,-0.10824821,0.009923715,0.060597368,0.0056459447,-0.012150595,0.016313458,-0.04235057,0.02550821,0.008581124,0.103213914,-0.06685177,-0.16779323,-0.044750337,-0.058783073,-0.0037816335,0.04583155,0.052640487,-0.0030239548,-0.09104471
TCGA-E9-A1RE-01A,0.020365933,-0.0066218623,0.15213424,0.06848589,-0.010230715,0.086775705,0.04598975,-0.020389669,-0.019795818,0.011401349,0.03993769,-0.03756449,0.034515057,0.1080881,0.10212344,-0.08480635,0.030931344,0.021118613,-0.034340087,-0.09521471,-0.1120978,0.027997408,-0.06639918,-0.027334867,-0.043361366,-0.08571175,-0.1782452,-0.07247219,0.026286256,-0.028409027,-0.06356944,0.024939107,-0.08689178,-0.06998559,-0.13897459,-0.135787,0.056894038,-0.07610539,-0.05396337,-0.016811103,0.034319773,0.1401074,0.058843754,-0.11109457,-0.016384507,-0.09067162,0.053221136,0.14289251,0.05291902,0.1276003,0.08589696,0.07089603,0.025484774,-0.008038117,-0.095537774,-0.00777328,0.021225289,0.011255751,0.007887945,0.01785884,0.13546659,0.06140035,-0.10060877,0.051954266,-0.07737459,0.05700069,0.10883607,-0.044033136,-0.10273804,-0.034134485,-0.18930463,0.012668026,-0.063413374,-0.08940131,0.106804565,0.042211402,-0.061069373,0.02824357,0.096058585,0.0036956323,0.030715441,-0.04399493,0.00547288,0.053717144,-0.07221482,-0.05138457,0.019249922,-0.01073793,0.15558892,0.03171301,0.11840772,0.0006712654,0.06498177,0.008102347,0.06482455,-0.0882763,-0.03514094,-0.06824286,-0.055478457,-0.071908936,-0.027844386,0.05046254,0.011916712,-0.050375253,0.024869712,-0.03247523,-0.09259624,-0.13542312,0.011380641,0.03574701,0.03914088,-0.050961647,-0.10644011,0.023468593,0.04655699,-0.056215886,0.0069496133,0.06559515,-0.05578018,-0.028758701,0.08443975,-0.04338583,0.056093093,-0.021994563,0.13803759,0.0406304,-0.054432113,0.06787179,0.043825988,0.13405344,0.1120565,-0.11139735,0.06048758,-0.048060913,-0.14712532,-0.026775055,0.0130533865,-0.07026039,0.046969004,0.026785322,-0.05861208,-0.16637917,-0.111018226,0.046027053,0.04402839,0.040562924,-0.13910066,-0.018812314,-0.016998662,-0.017063947,-0.028548185,0.032133166,-0.01371472,-0.0027627323,-0.038210914,-0.0027796265,0.03437781,-0.0683136,-0.04420442,-0.035444975,0.04657691,0.045300946,-0.013315961,-0.1095974,-0.02764475,0.016551856,-0.013330904,0.041630287,-0.15904215,0.06587633,-0.00128988,-0.017888712,-0.059829418,0.034150966,0.13919377,0.016783647,-0.06388426,-0.004790731,0.07115754,0.09424694,-0.019373586,-0.07480816,-0.012169699,-0.05552242,0.0157312,-0.0398679,-0.071625285,0.019372342,0.039923772,0.012316307,0.040139202,-0.09901967,-0.047101323,-0.033644166,-0.0884157,-0.019035738,0.13224319,0.1490896,-0.021034122,-0.021554101
TCGA-LD-A7W5-01A,-0.03116135,0.025677405,0.07324097,0.040246107,-0.06525703,-0.035532817,-0.004918155,0.0077417395,-0.014847513,0.057330467,-0.052690335,0.014041225,-0.06863583,0.13667762,0.039264183,0.09751596,0.04316976,0.07059754,-0.018313278,-0.07552984,-0.014957444,-0.015749877,-0.07443734,0.045719463,0.08693377,-0.0042721475,-0.07989807,-0.09901906,0.009204383,-0.064584784,-0.05822099,-0.049345937,-0.08600614,-0.13693926,-0.04171964,-0.10799742,-0.044810012,-0.025380328,0.0042635365,-0.05482131,-0.013622231,0.09978614,0.17863749,-0.14279146,-0.06895047,-0.020534912,0.094618216,-0.00876266,0.04790348,0.07783955,0.091418654,0.052923247,0.06255409,0.009465278,-0.01750426,-0.11505373,0.07175711,-0.041940723,-0.06863412,-0.02196979,-0.0001271111,0.048309322,-0.06915179,0.035986282,-0.12796354,-0.037614327,0.13620289,0.012308848,-0.1393628,0.10114833,-0.12282876,-0.013431432,-0.019497532,-0.154538,0.08315837,0.09124972,-0.07553581,0.03110143,0.05788042,0.044919763,-0.045379832,-0.037834927,0.07522813,-0.0006382379,-0.013261143,-0.10765735,-0.03514639,0.15867,0.038988613,-0.007915653,0.06364169,-0.097942576,0.0673962,0.047934193,0.075121686,-0.1030755,-0.08814016,0.07048998,0.038176447,-0.09416603,-0.007045009,0.052946728,0.04897765,-0.13317366,-0.0024414104,-0.01908643,-0.075312376,-0.095322855,-0.055676684,-0.044338882,-0.0062420326,-0.08712476,-0.060896125,0.11007155,0.06029446,-0.004268899,0.04384364,-0.07012408,-0.020247592,-0.057737377,0.06946472,-0.09604848,-0.0019258579,-0.013044622,0.09512329,-0.012463597,-0.08255352,0.025745008,0.06954775,0.06943722,0.012408628,-0.15373679,-0.029231817,0.020807069,-0.20254137,-0.073456466,-0.042189967,-0.07269259,0.009574709,-0.029369757,0.003568466,-0.12505375,-0.015776046,0.058223564,0.019999925,0.076181814,-0.016280653,0.059698418,0.0032879466,0.060540255,-0.017444953,-0.06393413,0.05550293,0.07291659,-0.046624828,0.15589917,0.03318946,-0.042306412,-0.0023860862,0.05427522,0.052133106,0.034066085,0.12958473,-0.1789947,-0.05707489,0.046222582,0.05333068,-0.03433299,-0.024553733,-0.035497755,0.016207097,-0.13264771,0.013594848,0.04337372,0.029759148,0.016663212,-0.117918424,0.056642186,0.078739665,0.07349604,-0.013748653,0.032954928,-0.06519809,0.10242035,-0.005735815,-0.08502024,-0.059473038,0.008900127,-0.047883112,0.0048420383,0.06882886,-0.0705525,-0.113140166,0.021503476,-0.02008742,-0.03181315,0.07887804,0.08346205,-0.07149203,-0.064331934
TCGA-OL-A66I-01A,0.030966036,-0.04399162,0.06644227,0.07286215,-0.047472734,0.069533564,-0.04435717,0.09716516,0.103793435,0.05862465,0.021459397,-0.0035448587,-0.041636113,0.13650951,0.102882296,-0.014754583,0.0018681049,0.08303279,-0.012045994,-0.011037358,-0.09684994,0.01995661,-0.08789895,0.066647366,-0.06576858,-0.11750568,-0.14574987,-0.021419957,0.06546615,-0.07183093,-0.09578536,-0.015099665,-0.015295837,-0.121923484,-0.15199864,-0.015164378,0.011424283,0.009994212,0.029567815,-0.07766402,0.011587463,0.076980054,0.12184047,0.013671011,-0.06068293,-0.04635476,0.0549609,-0.0112077715,0.028942307,0.108132794,0.022684926,0.07153505,0.0086689545,0.053281862,-0.040782776,0.048485953,0.01586868,0.010175795,-0.05554871,0.07423363,0.007352534,0.08238328,0.019178936,0.05505079,-0.04284293,-0.06470759,0.14852168,-0.0151031,0.012202086,-0.02889648,-0.17949903,0.0014418273,0.012971203,-0.13800265,0.21273193,-0.006963793,-0.0034640175,0.03410554,0.14402407,0.0015134714,-0.06952981,-0.0013785107,-0.086038634,0.0598295,-0.10246083,-0.05831239,-0.06345169,0.15072629,0.16480449,0.018412763,0.08724955,-0.10255759,0.106736,0.05111591,0.095321886,-0.06614008,-0.061263483,-0.053556357,0.07059672,-0.12933323,-0.090762034,-0.015374146,-0.05440041,-0.124863945,0.006793866,-0.006696318,0.022045052,-0.08434975,0.03677961,0.10571016,-0.07669353,-0.085294686,-0.09516298,0.06266164,0.06138578,-0.060417518,0.048038922,-0.040834274,-0.059245277,-0.009001254,0.08230381,-0.036566604,0.036153655,-0.0027011265,0.07474432,0.05671439,-0.051056623,0.0369394,0.026308617,0.038177777,0.08214856,-0.05106106,-0.04586783,-0.075724654,-0.16449702,-0.014020469,-0.019088812,-0.0707134,0.011805919,0.12180613,-0.027862636,-0.062094662,-0.026669119,-0.036649168,-0.008445475,-0.0047121868,0.017833825,-0.016038371,-0.02878224,-0.0077485633,0.0018934131,-0.07753579,-0.010239958,0.07992333,0.020509468,0.009662446,0.057978213,-0.040952656,-0.13187611,-0.05712101,0.05085959,-0.025681114,0.023805449,-0.11726448,-0.056879465,0.029457139,0.016040675,0.03754572,-0.033466425,0.005393199,-0.04264474,-0.09009545,-0.020751944,0.100928485,-0.036095895,-0.073731266,-0.10814385,0.060244635,0.14335275,0.15281498,-0.07881497,-0.0022167813,-0.07461629,0.0682282,-0.05560726,-0.021981306,-0.09333897,-0.044695053,-0.038730953,0.03954203,0.10748567,-0.008655169,-0.11358473,0.103326805,0.045678955,-0.0035406025,0.033512317,-0.012902336,-0.04026046,-0.0013459368
TCGA-LL-A740-01A,-0.147418,-0.005143939,0.14552514,0.07099898,-0.07917079,0.04187528,0.0011822012,0.09440915,-0.11584548,0.01992039,0.028032871,-0.046072524,-0.027818415,0.16967975,0.06159115,-0.043718725,-0.0100932075,0.14882344,-0.097474456,0.044264335,-0.050133605,-0.058241956,-0.052656896,-0.01929965,-0.0027867032,0.041711736,-0.097118795,-0.00032600854,-0.079373956,-0.12084194,0.028382158,-0.08266018,-0.060334366,-0.062993474,-0.071160324,-0.1057582,-0.06766798,-0.04938893,-0.07112602,0.07372012,-0.057769593,0.041276637,0.028461399,-0.13822132,-0.029042473,0.05178966,0.0046971985,-0.030549392,0.018112466,0.09477267,0.028029947,0.032168396,0.08796305,0.0104849,-0.0052439333,-0.13502696,0.09924748,0.0130000785,-0.003267483,-0.009902518,0.093340516,0.017649844,-0.05787933,0.077965185,0.06607466,-0.012124703,0.09222028,0.009779849,-0.04580111,0.04215169,-0.14462395,0.0067633027,-0.004729645,-0.23618793,0.12728345,0.028457351,0.021221595,-0.08220056,0.0006535629,-0.021080865,0.06504975,-0.10790725,-0.0485072,0.1258764,0.029474216,-0.038112108,-0.0044137966,0.07227973,0.0510895,0.035273474,0.061116856,-0.15346408,0.14500843,0.021673422,0.07259554,-0.054561973,-0.11612552,0.049818605,-0.009514484,-0.06470589,0.014807185,0.061690453,0.000116107425,-0.061809096,-0.06214852,0.005542452,-0.045440957,-0.09484901,-0.006056837,0.030463738,-0.047972653,-0.121987596,-0.04782324,0.10030271,0.10033754,-0.097988956,-0.022782944,0.027491761,-0.020715078,-0.027318051,0.092719994,-0.048350006,0.020341938,-0.0013244901,0.023040902,-0.008070254,-0.06912057,0.10696245,0.028531391,0.103471585,0.0934971,-0.012910583,0.0032491535,0.016096145,-0.22701769,-0.07289146,-0.029630927,-0.06656947,-0.06351148,0.016771667,0.008576404,-0.115207165,-0.048073873,0.016917536,0.04999083,-0.081977144,-0.17154193,0.015548848,-0.029904643,-0.02627203,0.015450901,-0.013421264,0.14652483,0.02284967,-0.050076753,0.009140889,0.030038966,-0.116509564,-0.044417676,0.024432927,-0.037226375,-0.07518876,0.049903456,-0.12193134,-0.040770147,0.04863339,0.0900638,-0.07092579,-0.01900283,-0.049228385,0.07088006,-0.058939647,-0.0154543,-0.0029909918,0.07047122,-0.07651807,0.023090519,0.020286193,0.08926391,0.13790505,0.0028662402,-0.048976183,-0.023366038,0.032638483,0.016277216,-0.031325758,-0.07094814,-0.0674099,0.007486701,-0.036860082,0.10153239,-0.01479121,-0.001608304,-0.013966811,-0.061432056,0.06309787,0.0633845,-0.008943149,-0.05106781,0.017029788
TCGA-AO-A0JG-01A,-0.05978775,-0.013893359,0.06234401,0.070671216,-0.053190887,-0.027953906,0.03893044,0.02084123,0.022392279,0.1490509,0.04399669,-0.07231143,-0.037841596,0.15034387,0.106117606,0.018397564,-0.055550814,0.02005627,-0.010962622,-0.084348455,0.026035773,-0.021914579,-0.032434545,0.09968889,-0.03806385,-0.049004965,-0.07462941,-0.036865626,-0.1573053,-0.062405344,0.019818462,0.030700747,-0.033950787,-0.05462373,-0.034532316,-0.079603516,-0.04330811,-0.031799775,-0.09434702,-0.029249791,-0.12754984,0.0820847,0.1005201,-0.02431151,-0.044631284,0.071753964,-0.019106735,-0.0020906855,0.09632143,0.12128141,0.13443176,0.0015123988,0.03427692,0.060585257,-0.012519966,0.04634404,0.08448779,-0.028359866,-0.025026426,-0.064222164,0.02468782,-0.037486147,-0.10628443,0.075057685,-0.086808756,0.0032474264,0.119139336,-0.030534329,-0.019928254,0.05622795,-0.1266215,0.07601152,0.030447423,-0.26665398,0.10807473,-0.06677611,-0.017312758,-0.04448353,0.010122204,-0.09378676,0.0039388174,-0.092906035,0.032355864,0.028317304,0.043376077,-0.06229904,0.004982547,0.08771406,0.053094763,0.009226396,-0.06478567,-0.024603121,0.15360527,0.008745513,0.08747563,-0.115367316,-0.08593687,-0.05101406,-0.00954066,0.04230604,0.03359491,0.10669091,0.030056445,-0.099862635,-0.07583991,-0.04471337,-0.012081771,-0.08387979,0.031613275,0.007779557,0.048118517,-0.097681984,-0.021191482,0.064710684,0.08256532,0.015913486,-0.019996824,-0.008607638,0.024847478,-0.020045161,0.1652518,-0.115998045,0.070409656,0.04045085,0.008708994,-0.006296515,0.022728728,0.08113238,-0.0025706845,0.111800805,0.11371465,-0.056860924,-0.025749872,0.028476529,-0.21383889,-0.03961593,-0.13809106,0.059940703,-0.057426605,0.0032129935,0.060215857,-0.091793075,0.016219186,0.021368038,-0.02251849,0.006276214,-0.20139948,-0.030258203,-0.013608461,-0.027075207,0.024888288,0.092210084,-0.006750181,0.059799086,-0.04054237,0.061964545,-0.05420253,-0.07531498,-0.025991831,-0.016203694,0.041652527,-0.03271695,0.09588024,-0.13266735,0.01196155,0.03963676,0.061989684,0.01942187,-0.0028037375,-0.028191216,-0.0061750044,-0.14606383,0.0846265,-0.015046276,0.03581689,-0.14286497,-0.032328703,0.078737006,0.023916941,0.10015671,-0.10337982,-0.06635843,-0.08499691,0.055759005,0.029767806,0.013956544,-0.087434046,-0.022768097,0.05172455,0.0049279314,0.0557831,-0.0024135213,-0.07590492,-0.067108944,-0.0006801306,0.046466406,0.052903622,0.02894,-0.04697802,0.037455965
TCGA-BH-A6R9-01A,-0.002864689,-0.019989176,0.16306934,-0.06957062,-0.012382627,0.12874167,-0.021231024,-0.07949034,-0.10866571,0.058088325,0.016212162,-0.07270353,0.011974471,0.13925387,0.108005375,-0.04782688,-0.02339352,0.011403662,-0.00034660555,-0.06419503,-0.07149836,-0.10331641,-0.02869898,0.11219691,0.032039065,-0.017226292,-0.13691336,-0.08512598,-0.021424849,-0.08638807,-0.1024332,0.11253353,-0.08950645,-0.10444435,-0.07044279,-0.07839861,0.01720298,-0.0183052,-0.10796502,0.0045521567,-0.038681846,-0.06464076,0.057838093,-0.054994285,-0.0625609,0.015995795,0.02213832,0.0072890543,0.11131556,0.11733418,-0.003938586,0.069616675,0.094016574,0.06821666,0.036099516,0.052582886,0.0689891,0.017161895,-0.0721428,0.05262866,-0.04212423,0.07230626,-0.023820017,0.0370668,-0.047626004,-0.08206105,0.06092588,-0.016920896,-0.14425953,-0.026896467,-0.08280346,0.01899195,-0.030958869,-0.12378866,0.045000717,-0.095044896,-0.038469438,0.099050954,0.04959686,-0.051486943,-0.039533082,-0.04248852,-0.10903336,0.020450832,-0.033156674,-0.09292634,-0.045806143,0.11258071,0.12520665,0.037744056,0.07077287,-0.12893032,0.12518947,0.024170311,0.07528039,-0.08185819,-0.024857422,-0.08110255,0.03592094,-0.05758442,0.05546673,0.022233251,0.027835842,-0.07972701,-0.029597275,-0.04280714,-0.09900002,-0.055174775,-0.054645993,-0.06905134,-0.037504666,-0.124061815,-0.059296183,0.10590861,0.055108532,0.020104028,-0.022732593,-0.03806716,-0.016657462,-0.031144597,0.12701847,-0.11250242,0.11138254,0.050694153,-0.018429834,-0.03236658,-0.021836895,-0.031039964,-0.022958029,0.1175432,0.06627443,-0.09243257,-0.06545601,-0.005077137,-0.14090514,-0.04125445,-0.14336611,-0.019694647,-0.0067453017,0.06180122,-0.032928005,-0.09476524,-0.013582748,-0.0018484581,0.059556942,0.039189063,-0.12790442,-0.016373666,-0.060821056,-0.04142268,0.05720552,-0.014713658,-0.029091844,0.064432845,-0.018837415,0.07358186,0.058113325,-0.15292582,-0.06354456,-0.06773492,0.015982922,0.01815002,0.04291271,-0.12115949,-0.011801199,0.05995138,0.09647885,0.011350875,0.033398863,-0.01955391,-0.045447387,-0.09791406,-0.07512094,0.027240958,0.024532784,-0.05368773,-0.08004418,0.011040993,0.05215225,0.10845888,-0.1167677,0.03399655,-0.044161372,0.006543598,0.010069223,-0.079058394,-0.18378714,0.039084293,-0.049119685,0.022500502,0.11785187,-0.033570427,-0.118505195,-0.025354475,0.04621527,-0.0838282,0.0586229,0.011918668,-0.0018477774,-0.04111963
TCGA-D8-A1J9-01A,-0.07280122,-0.10187869,0.10818007,-0.008872249,0.017631128,0.071086,0.1274589,0.0018606482,-0.015620489,0.040107124,0.00067293586,-0.07756676,-0.021920247,0.14258692,0.13522449,-0.036016118,0.09717751,0.108242266,0.023298051,-0.13146593,-0.07790492,-0.031975415,-0.09283772,0.10754594,-0.041945238,-0.057963636,-0.15640329,0.019062363,-0.051802922,-0.12547345,-0.10434947,0.03303895,0.04433011,-0.10325196,-0.056833804,-0.0697733,-0.02021542,0.0047026966,-0.04037359,-0.043022558,0.060314506,0.034868576,0.14701138,-0.101878345,0.07392459,-0.017596014,-0.0077066156,0.007916857,0.020179376,0.07938628,0.095460646,0.0051209866,0.040296752,0.13815752,-0.062190212,0.0537462,0.05197677,-0.0128059825,-0.030183425,0.035514656,-0.003160456,0.08431856,-0.025129298,0.042460665,-0.046521142,-0.0031957978,0.16638798,-0.019887304,-0.13102649,0.060764644,-0.07616292,0.030889705,0.06109308,-0.14618595,0.07782268,0.04803389,-0.026494922,0.0119324485,0.019316161,-0.053234275,0.11047543,0.11300791,-0.024737261,0.12084111,-0.06937533,-0.08372952,0.0063503436,0.12411158,0.13907702,0.015465395,-0.04359699,-0.06874299,0.072222404,0.035175007,0.044169664,-0.08894092,0.05128384,0.058473956,-0.04185623,0.0021955564,-0.011571891,0.014271328,-0.010050459,-0.10130797,-0.105607346,0.0023681088,-0.09682102,0.036251973,0.006337855,-0.08593645,-0.011092959,-0.111100614,-0.16458352,0.042887498,0.09670738,0.035275638,0.0020963845,-0.056072604,-0.04694915,0.0062443186,0.09019508,-0.114543974,0.0063269725,-0.026766488,-0.0041911365,-0.08431002,-0.1309651,0.014913784,-0.02741968,0.1340385,0.11687512,-0.074914895,0.011614801,-0.10107716,-0.05513126,-0.023214355,-0.06506765,0.038086955,-0.0796797,0.06729451,-0.023619302,-0.12759335,-0.012360416,0.060843166,-0.016504629,0.036703046,-0.061639417,0.053153705,-0.04138831,-0.09849199,-0.12648645,0.053449035,0.053261694,0.04043782,-0.06889022,-0.002558827,0.07398002,-0.08035616,-0.07836612,-0.0036683881,0.0048413174,0.021158801,0.027815187,-0.15544449,-0.016670609,-0.007620886,0.110068284,-0.043844335,0.00079317275,-0.05379353,-0.028220298,-0.0337164,0.01786729,0.03830247,0.0352997,0.07503568,-0.07217508,0.031300068,0.093188785,0.119354255,-0.0686341,-0.0719754,0.01774869,0.093344875,0.056805138,-0.009278838,-0.09040522,0.042852037,-0.062709585,0.00075795286,0.07612341,-0.030701922,-0.023374299,-0.011923336,0.0023621488,0.01472926,0.09158463,0.038467992,-0.05085147,-0.0074306885
TCGA-A2-A0T4-01A,-0.036417432,-0.08376261,0.12643914,0.029743496,-0.054824043,0.07267181,0.010124156,0.03474718,0.055157907,-0.021272825,-0.04015903,-0.13873212,-0.08746988,0.10474397,0.05824091,0.046469312,-0.015949842,-0.033450816,-0.06641727,-0.089051396,-0.014808166,-0.09499204,-0.00669083,0.038587403,0.08284925,-0.07910684,-0.08728647,-0.03888628,-0.021694632,-0.034769725,-0.0343408,-0.011091561,-0.05407798,-0.13358243,-0.088205755,-0.10611157,-0.116270244,-0.0035997296,-0.070490316,-0.04992304,0.0058075073,0.03247659,0.05744312,-0.13975908,-0.037298433,0.017419508,-0.022113249,0.03583209,0.06046468,0.117913455,0.024151491,0.012934743,0.098583244,0.14080666,-0.016661271,-0.052512154,0.07550943,-0.046588346,-0.033592045,0.031426,-0.019345047,0.029326921,0.020818753,0.08528877,-0.023102676,-0.0018973878,0.12744333,-0.12150955,-0.10400703,0.09390907,-0.20654316,0.04845054,0.006711755,-0.10606551,0.10988775,0.098307006,-0.0042740647,0.050528675,0.038451597,-0.045218125,0.04308962,-0.07873431,-0.033854935,-0.00042758987,-0.008869246,-0.04999749,-0.038889326,0.07532571,0.16479611,-0.0010230911,0.03204991,-0.12387954,0.07733838,0.019702533,0.07808355,-0.01393929,-0.028259378,0.025427299,-0.040926307,-0.124239065,-0.051226404,-0.003847486,-0.0031123979,-0.09464768,-0.1035271,-0.066122554,-0.06799184,-0.1077959,0.012028721,-0.040369228,-0.044646,-0.09287298,-0.076069765,0.1217559,0.06958329,-0.063322544,0.01348571,0.0069541405,0.024186792,-0.056241296,0.0054601533,-0.07011687,0.033786178,0.03900699,0.11896519,0.029228954,-0.035343505,0.027190268,0.042464256,0.106581226,0.13876864,-0.080030896,0.029376209,0.03602252,-0.2144947,0.05752765,-0.06782248,-0.03501762,-0.055917267,0.006493718,0.036527827,-0.10861529,-0.03793857,0.0016268047,0.12062428,0.024096057,0.025513405,-0.0013760462,-0.043925688,-0.05159852,-0.038709816,0.031896427,0.04418247,-0.021008426,-0.07167453,0.047415752,-0.015733736,-0.05531667,-0.05302437,-0.11194606,-0.0040560733,-0.02701286,0.025590617,-0.17802168,-0.022365691,0.094705984,0.07268182,-0.08942681,0.0033953714,-0.03737719,0.03205696,-0.008624733,-0.024067296,0.059080146,0.09451008,0.057575252,-0.024588428,0.051024463,0.1350952,0.06828355,0.009349362,-0.004705929,-0.08869071,0.12620611,0.046111785,-0.029318865,-0.085238405,0.0047213393,-0.094047755,-0.03156665,0.1390186,0.08664987,-0.06398122,-0.07115243,0.06493327,0.069642626,0.034307253,0.06565118,-0.0067676636,-0.07695803
TCGA-LL-A50Y-01A,-0.008604708,-0.11035797,0.09128015,0.051671118,-0.033276547,0.01769192,-0.0022199077,-0.037498794,0.008842829,0.074477755,-0.026000544,0.026648872,-0.013710857,0.08438179,0.18660127,-0.049995866,0.08152589,0.07297154,-0.061256845,-0.1551516,0.026719647,0.020416776,-0.02715362,-0.0039907102,-0.03610033,-0.061748933,-0.17823344,0.032630447,-0.08081056,-0.044148065,-0.04091715,0.0101029035,-0.07010829,-0.073387474,-0.08735907,-0.04898737,0.010227069,0.0118128415,-0.009622445,-0.0535569,-0.037764754,0.04161585,0.053829916,0.042362873,0.0057428675,-0.047637403,-0.009637198,-0.01700641,0.012788499,0.118092485,0.05916623,0.09534434,0.13919547,0.11381339,-0.015378303,0.015492434,0.13329755,0.038565524,-0.07391339,0.009386659,0.05825473,-0.018550655,-0.04560953,0.047431905,-0.045838166,-0.00076509005,0.10761934,0.05654878,-0.09952607,-0.00080997695,-0.066109054,0.045487165,0.03595421,-0.16449085,0.04268974,-0.0053047957,-0.040563043,0.058569606,-0.044290397,-0.037285715,-0.07456393,0.09348891,-0.032134116,0.019060016,-0.008134382,-0.020787299,0.027678706,0.09869612,0.14062445,0.046837162,0.10074159,-0.051329643,0.08084986,0.02391415,0.099060304,-0.06454863,-0.15832843,-0.065992184,0.08827325,-0.012927855,0.025149394,0.01254911,0.028802639,-0.108433865,-0.027000105,-0.020306617,-0.1041601,-0.14836031,0.00017773973,-0.051836107,-0.014468439,-0.09534116,-0.027404556,0.062450215,0.09536331,-0.020679375,-0.023379654,-0.021647286,-0.04504208,0.026280923,-0.006053912,-0.029122801,0.067985,-0.028489228,0.061027553,0.05763416,-0.0021468336,0.06324443,0.010621629,0.1394735,0.13526769,-0.009386262,0.07035432,0.021797938,-0.09328494,-0.034946762,-0.1361664,-0.032774612,-0.08085591,0.07560421,-0.031632632,-0.1649468,-0.022898467,0.09376725,0.011534553,-0.055102773,-0.14947629,-0.027474793,-0.08798107,-0.073319234,0.071926415,-0.013818825,-0.044109087,0.07197025,-0.11031401,0.03899029,0.056058604,-0.095690094,-0.049583983,-0.12222343,0.08970132,-0.08190162,0.10891878,-0.12935197,0.02775405,0.036745697,0.16702011,0.056147795,0.022905804,-0.033539306,0.04106523,-0.13564773,0.06323027,0.029434985,-0.0073593687,0.0066007245,-0.04239422,0.071350396,0.07083193,0.18950436,-0.0737128,-0.07647104,-0.002206066,0.06255577,-0.020425173,0.053213645,-0.088958204,-0.04085235,-0.06562661,0.013548705,0.040316526,-0.04461014,0.0059977146,-0.049052734,0.0016933806,0.09856978,0.03339029,0.027296094,-0.016246295,-0.010466272
TCGA-OL-A5RW-01A,0.012004036,-0.025804263,0.095220864,0.097762875,-0.043015648,0.11071492,-0.039532002,0.092616454,-0.11748648,0.050926577,0.050572082,0.008885894,0.07200416,0.17170767,0.07731182,-9.071649e-05,0.0039649787,0.05718285,0.010412303,-0.064253405,-0.075191066,-0.025565075,0.04160314,0.047506038,0.06776535,-0.0382226,-0.107828125,-0.048493266,-0.07254531,-0.11167936,-0.078949995,0.06284688,-0.14339547,-0.113124445,-0.06661272,-0.09089916,-0.057731934,-0.018195817,-0.015396807,-0.05104915,0.012513875,0.047778536,0.18412508,-0.02447003,-0.062046196,-0.030823223,0.028962359,0.05523379,0.04283134,0.09600476,0.056587365,0.08065164,0.1058389,0.03787573,-0.007811057,0.035996795,-0.0020709366,0.049257323,-0.05804085,0.0033384594,-0.059590418,0.036717422,-0.10057183,0.053398505,-0.06316476,0.00023644199,0.0843339,0.049106482,-0.11573437,0.03985509,-0.031673834,-0.013501194,0.0045317975,-0.15285134,0.035982445,-0.13630791,0.009203239,0.010256039,0.052995738,-0.016987434,-0.049847025,-0.03189327,0.020956647,0.082757324,-0.01169771,-0.07845699,-0.0494048,0.09799639,0.09992285,-0.0533961,0.103212215,-0.121227555,0.041239567,0.06289997,-0.02266337,-0.018948756,0.0067516044,0.027021624,0.06078811,-0.050528448,-0.03191296,0.0801429,-0.008796737,-0.12711145,-0.032930415,-0.05925256,-0.03337782,-0.13373756,0.03169661,0.050387755,-0.04334498,-0.07276441,-0.07592329,0.14123347,0.17369334,-0.056192473,0.011653426,-0.03182739,-0.06779734,-0.025210572,0.101189986,-0.022332292,0.088933714,0.04777317,0.078860834,-0.006703422,-0.011122378,-0.005075764,-0.059853036,0.10420055,0.044665474,-0.08062378,0.0006041959,-0.13450284,-0.10562188,1.6146987e-05,0.026242519,-0.065735824,0.009947153,-0.018303623,-0.11107749,-0.13370366,-0.045829806,0.09263784,0.07020399,0.038938064,-0.049763866,-0.0065194606,-0.052635867,-0.06377335,0.005217411,0.026882408,0.09375663,0.042517528,-0.03277288,0.09917811,0.09499474,-0.089259095,-0.04036758,0.038586926,0.057813253,0.051933784,0.060117327,-0.11633932,-0.08675739,-0.04276614,0.062094394,0.040129203,-0.10356861,-0.091771476,0.068013564,-0.0057144244,0.0017265143,-0.037053388,0.102378055,-0.07800316,-0.078828454,0.055421572,0.11283852,0.11364606,0.011523227,-0.022272322,-0.017292295,-0.043058522,-0.09931536,-0.12328644,-0.056521803,-0.06149267,-0.027373413,0.015669877,0.06353025,-0.13889417,-0.12681969,0.09354711,-0.06870906,-0.011724212,0.048609875,-0.052806787,-0.031537514,0.006162446
TCGA-OL-A5RX-01A,-0.076022044,-0.041250788,0.0966732,0.0123164635,-0.009850522,0.07680266,0.12613495,0.07122358,-0.01139362,0.007520258,-0.055379476,-0.045643754,0.034082927,0.07010412,0.074586056,-0.10191541,0.034631275,0.03792437,0.047162414,-0.07636865,0.023592774,-0.108613946,-0.012470218,0.03537511,-0.03510569,-0.06746544,-0.08006545,-0.09405053,0.020143854,0.018344354,-0.050165314,0.02034575,-0.124288365,-0.11002372,-0.20775783,-0.09187793,0.044936616,-0.05409858,-0.08136311,0.0015165122,0.009119152,0.082491934,0.057097472,-0.09775596,-0.0059994115,-0.01873249,0.04304951,0.010039853,0.08671828,0.062023308,0.015904697,0.020609941,0.045208592,0.11811682,-0.06599672,0.046722468,0.117864825,0.10257401,-0.010440389,0.05093146,0.007136281,-0.026414854,-0.13690726,0.100092165,-0.04376729,-0.082618825,0.10223771,0.08988816,-0.05453967,-0.010969824,-0.15036206,0.0057518366,-0.076068304,-0.19821465,0.104466036,-0.11964794,0.024914388,0.046567842,0.023065142,-0.14435427,0.040749148,-0.053805657,-0.045188803,0.020456836,-0.025321135,-0.06444575,-0.10104344,0.073983304,0.10479414,-0.111937545,0.027230022,-0.046887282,0.03028014,-0.022395195,0.08592583,-0.060412984,-0.0117479,-0.05310891,-0.0014594252,-0.016999204,0.031303298,0.036631,0.002577435,-0.013601048,-0.0065459437,0.059909098,-0.052765448,-0.08852976,0.010229463,-0.07287721,-0.010555683,-0.0844403,-0.09123193,0.042477343,0.1253703,-0.031996235,0.04098479,-0.06268458,-0.043598667,-0.02991249,0.12710585,-0.09210642,0.098821156,0.12467783,-0.06243558,0.0048897313,-0.017603198,0.042760253,0.012025476,0.13346602,0.15360823,-0.058140114,-0.02490638,-0.016005732,-0.14689685,-0.02266782,-0.031459063,-0.048984107,-0.03646093,0.039886832,-0.085084714,-0.11171151,0.016954614,-0.010025214,0.038808916,0.041328214,-0.17426656,-0.058405757,-0.0019352724,-0.004831846,-0.026185408,0.0662118,0.06300287,0.02437037,-0.025373591,0.03908253,-0.025226107,-0.050350044,-0.11171128,-0.042768944,0.021134662,-0.07295687,-0.044600915,-0.12619635,0.0070664757,0.033076677,0.14777415,0.011140005,0.019155832,0.06240448,0.015374997,-0.05215908,0.103148505,0.0156942,0.04653292,-0.022572823,-0.09132916,0.017925574,0.076604396,0.16517638,-0.025975933,-0.02849215,-0.06596937,0.011765582,0.044320952,0.018556,-0.12235128,-0.048118107,0.021892946,-0.007720359,0.035844512,0.03597116,0.00081839086,-0.05218779,0.023515135,0.005865597,0.09007811,0.117208384,-0.06941429,0.095026106
TCGA-A7-A13F-01A,0.03992509,0.014261697,0.13740993,0.006456458,-0.02680147,0.006515505,0.108778976,0.0012301649,-0.06820838,-0.09937561,0.0037319632,-0.009681632,-0.09448475,0.08635151,0.14331128,0.00021168833,0.047758184,0.028146159,-0.014345968,-0.078802764,-0.10983338,-0.046635374,-0.040577047,0.10194022,-0.048592184,0.0040182485,-0.09211077,-0.11391263,0.030129006,-0.06273899,0.0054711318,-0.014605015,-0.12150579,-0.18916531,-0.06724074,-0.1566249,-0.018326247,-0.041690424,-0.065741435,-0.03985837,-0.013324316,0.0844869,0.23235582,-0.0714419,-0.018726151,0.011599377,-0.05895402,0.05962479,0.02516587,0.013203835,0.04664486,-0.029134817,-0.07637879,0.021622298,-0.052658245,0.008864644,0.05205166,-0.03878774,-0.06401251,0.0068479017,0.03354544,-0.0031119585,-0.023895573,0.08275469,-0.13978457,-0.091425836,0.15717196,0.04854752,-0.111992575,0.033497944,-0.13835792,-0.05864272,-0.045114134,-0.13263664,0.12888652,-0.017454706,-0.114513874,0.06395289,0.11282102,0.04583994,-0.015975352,0.0018241382,-0.0118346745,0.07410289,0.06826989,-0.051321603,0.09316773,0.08349015,0.11390457,-0.124375984,0.055515956,-0.017324187,0.07588321,0.0077701653,0.05090227,-0.12459926,-0.07883024,0.055426143,0.09118892,-0.03386038,0.016992722,0.0016643277,-0.021418698,-0.110864446,-0.04328047,-0.040609464,0.013017196,-0.11269117,0.04984628,0.063728966,-0.003005731,-0.06712203,-0.16237397,0.071884684,0.10874883,-0.016179407,-0.034531057,-0.006770069,-0.084797,-0.037744876,0.17049286,-0.10831663,0.10261903,0.030682817,0.04093584,0.015127655,-0.0628245,0.0006583676,0.03208734,0.08288234,0.13831736,-0.04416311,-0.02528692,0.03270983,-0.18602319,0.004154354,-0.05295012,-0.0695245,0.082485616,-0.031273335,-0.021219725,-0.10475288,-0.028669814,0.05895353,0.06258478,-0.017991597,-0.025965568,0.00934612,0.061594084,-0.08424032,-0.038691994,0.0076977643,0.0044475533,0.07179516,-0.05150763,0.022993678,0.018990831,-0.008338082,-0.059966095,-0.08003557,-0.01175554,-0.050351866,0.051865146,-0.082667515,-0.06407466,0.07459294,0.04688225,0.06497379,-0.052244797,0.057615254,-0.041164275,-0.041179422,0.029072914,-0.04463135,0.01265699,-0.072556905,-0.07530752,0.04713899,0.1133577,0.07439914,-0.08737091,0.009010062,-0.011213262,0.035858903,0.008166696,-0.017299784,-0.12389325,-0.03574644,0.014736147,-0.013590396,0.036488295,-0.036594104,0.0016270049,0.0070093055,-0.069313705,-0.060383014,0.02203825,0.010554419,-0.015518434,0.018011043
TCGA-BH-A0BS-01A,-0.02532126,-0.042508453,0.04829113,0.009267878,-0.026164893,0.046792954,-0.13830146,-0.06448115,-0.1519554,0.045380164,0.041798577,-0.0887724,-0.0219366,0.15840828,0.091148235,-0.06291526,-0.01002053,-0.0013887956,0.020891897,-0.08855467,-0.07034814,0.011694147,-0.07978797,0.10080766,0.00015457829,-0.021203384,-0.14302413,-0.11423708,-0.04382472,-0.05780962,-0.065688305,-0.05498249,-0.07458485,-0.14230609,-0.06505335,-0.08260776,0.0069719255,-0.12746064,-0.060451098,0.016417308,0.023402873,0.1553916,0.038757242,-0.15487902,-0.0015198275,-0.0014815152,-0.045433745,-0.051605523,0.10591633,0.04434367,0.09276007,-0.05575309,0.028811114,0.07313754,-0.0769679,0.043477535,0.14248018,-0.00811828,-0.019578986,0.07773745,-0.029101914,-0.0033331409,-0.0064182524,0.04044168,-0.07950919,0.030011103,0.04593096,0.014403265,-0.098076224,-0.0077108825,-0.15718365,0.00846611,0.08944838,-0.19813764,0.13588674,0.013939548,-0.033799984,-0.06903408,-0.005511275,-0.03428502,0.07730741,-0.048898257,0.013182909,0.00051374186,0.013996968,-0.04237304,-0.042451534,0.0022887788,0.050816488,0.03967394,0.018627688,-0.065923415,0.13730079,0.02325491,0.04764713,-0.16857141,-0.023834737,0.039091863,-0.043764394,-0.033333384,-0.04756344,0.0142234275,0.018455176,-0.11742844,-0.046386104,-0.026922652,-0.032165565,-0.09745147,-0.04152017,-0.013620086,-0.038615562,-0.15596664,-0.078147605,0.12200457,-0.0025359045,-0.036930174,0.0056326515,-0.04566747,-0.037763856,-0.017134564,0.046104852,-0.07987903,0.08348589,0.073974274,0.0131400395,-0.090252206,-0.14134772,0.024420066,0.10264176,0.1459767,0.08598065,-0.0610919,-0.014188038,-0.015488523,-0.13676393,-0.016499586,-0.068226114,0.0094885295,0.009441224,-0.09075496,-0.04772548,-0.16080223,-0.045298908,-0.018606072,0.020542223,0.0028297056,-0.05894522,0.027153827,-0.010637492,-0.10401244,-0.04488968,0.042275283,-0.03382945,0.0020283887,-0.05083931,0.08527699,-0.008093221,-0.09721525,0.043232102,0.0048063216,0.08876022,-0.020369017,0.071404085,-0.1554719,-0.04626128,0.05710801,0.049012814,-0.035578318,0.0053238915,-0.062748276,-0.031668108,-0.090120785,-0.028750937,0.0013217933,0.06720912,-0.054148328,-0.059446365,-0.007881892,0.027833717,0.1304366,-0.029026894,-0.056580693,-0.04414537,0.0028340523,0.0137997605,-0.035130717,-0.11074739,-0.0019090056,-0.018940663,-0.018319054,0.047071934,0.01209643,-0.035774894,0.090693235,-0.018498315,0.12995896,0.0633526,-0.025312562,-0.0916831,0.112602174
TCGA-D8-A3Z6-01A,-0.10709759,-0.049710743,0.17159171,-0.022406334,-0.11241634,0.119855575,-0.012502602,0.029050179,-0.055438448,0.0036622162,-0.012943783,-0.089492224,-0.0013146248,0.1761298,0.07063538,0.02673137,0.00060114724,0.087743334,0.023140343,-0.16716081,-0.016401568,-0.147981,-0.09675386,0.093752004,0.06348137,-0.01196382,-0.14530456,-0.07364046,-0.012266433,-0.050996657,-0.05624668,0.017204704,-0.04375929,-0.14482225,-0.004037587,-0.04161831,0.033353817,0.027515339,-0.06739961,0.05296927,0.021642057,-0.0035016492,0.06401068,-0.07797861,0.04991384,-0.03457709,-0.03885403,-0.049014937,0.047558345,0.093536995,0.084541805,0.0021261605,0.04748558,0.1211375,-0.06089962,-0.055181276,0.1398941,-0.002741168,-0.1040985,0.04296765,0.050143447,-0.044359516,-0.009699609,0.05572624,-0.0026260675,-0.09322894,0.09032264,0.035272878,-0.10600479,0.015794922,-0.13423891,-0.044338565,-0.027320165,-0.16298509,0.0164115,0.05787973,0.017829617,0.05931031,0.10533973,-0.07973919,-0.014810081,-0.026916146,-0.016306266,0.10863053,0.003078147,-0.008150236,-0.09219792,0.1285506,0.13602857,0.023639113,0.021925112,-0.06905422,0.15147384,0.08746062,0.056263175,-0.053926338,-0.012976458,0.046274237,-0.0067882435,0.016287167,-0.01882858,0.13473578,0.0027037556,-0.09792298,-0.02777721,0.025847018,-0.0011331134,-0.086139604,0.017150166,-0.04923584,-0.08899974,-0.10637507,-0.101749055,0.052355547,0.12042235,-0.11722822,0.031617314,-0.057833005,-0.060038082,-0.07974057,0.065215,-0.1008876,0.06391258,0.044654943,-0.020737283,0.081853904,0.017958367,0.009128711,0.047946755,0.050825495,0.10724471,-0.029124746,0.029415533,-0.031784046,-0.14578703,0.06430782,-0.037662547,-0.036780324,-0.08905858,-0.0062506227,-0.06940842,-0.12075412,-0.0062541803,-0.05835771,0.0035794447,-0.02910394,-0.041855067,0.07372258,0.020444095,-0.041268732,-0.069732204,-0.06569142,-0.03734942,0.028597808,-0.1000895,0.04963527,-0.027854498,-0.030406637,0.043513652,0.024955813,0.00089577807,-0.10973192,0.061162587,-0.13274255,-0.009168408,0.020755244,0.06061346,-0.040432297,-0.010187145,-0.036738954,0.008280605,-0.0861411,0.0020875733,-0.0028147383,-0.018903146,0.013218521,-0.10687649,0.042816672,0.0364678,0.10697331,0.00892747,0.045487516,0.0031689918,0.114454105,0.056999873,0.0056730644,-0.09557625,-0.021297347,-0.11897126,0.039887883,0.14435701,0.06702466,-0.07917079,-0.010348812,-0.085002705,0.027922848,0.0035931568,0.076188244,-0.07698333,-0.01659019
TCGA-AR-A256-01A,-0.07814584,0.04053851,0.12242384,0.070591964,0.11654413,0.07543002,-0.041979186,0.12152382,-0.111102,0.120693475,0.08544961,-0.028433083,0.009621032,0.17614307,0.04183861,-0.020301612,0.02839701,0.081377015,0.033166427,-0.018774044,-0.04336334,-0.041253623,-0.038531438,0.08670881,-0.10154181,0.07831006,-0.11542127,-0.06565915,-0.026936866,-0.080401376,-0.041496765,0.045227267,-0.08101488,-0.11637543,-0.0054053846,-0.12608638,-0.022009496,-0.010492615,-0.07378293,-0.08211158,0.019948218,0.026818767,0.10163373,0.027613755,0.00056903996,0.05249424,-0.018524176,0.034387037,0.106026754,0.026981412,0.063007005,0.015154197,0.027301256,0.07830387,0.058211252,0.012730235,0.070966035,0.06536636,-0.0036386363,0.011776321,-0.004735631,0.015660826,0.042458642,0.1360724,-0.03204309,-0.041919798,0.12029911,0.028053591,-0.08357246,-0.00873294,-0.0618745,-0.045058616,-0.00467584,-0.16160561,0.09316779,-0.012213197,-0.0562432,0.064120464,0.075613335,0.07943637,-0.045075566,-0.06914633,-0.008598924,0.05214402,0.06356799,-0.15739189,0.059026536,0.084982246,0.1058657,-0.014359018,-0.015019879,-0.1248189,0.06516177,0.02347592,0.0447552,-0.0071196533,-0.012525646,0.02907404,0.052470878,-0.056255024,0.052977163,0.055362105,0.0067527294,-0.10835596,-0.081967324,0.029048145,-0.08650268,-0.16636808,0.036385495,-0.0021800427,0.013712072,-0.048863355,-0.028027223,0.11088669,0.14621654,-0.035383392,-0.0037067696,0.0054255337,-0.08613271,0.05612519,0.18561254,-0.0654948,0.040782582,-0.019244585,0.11440309,-0.07094755,-0.12818891,0.08681013,-0.033916757,0.072621055,0.11650283,-0.06490292,-0.056046486,-0.05687177,-0.16163671,0.051203586,-0.052831303,0.030822508,-0.10396073,-0.043159176,-0.04113461,-0.10974989,0.009090487,-0.03420079,0.049693685,0.11872254,-0.01679904,-0.08457221,-0.015129518,-0.09188378,-0.017777646,0.051606182,0.06213259,0.061580863,-0.030133886,-0.00037958956,0.03505921,-0.09478167,-0.07277631,-0.029546998,-0.011509838,-0.009470434,0.06644816,-0.1057297,-0.051029317,0.08196496,0.16051921,-0.051607996,-0.067330636,-0.047184885,-0.027834974,-0.08315663,-0.02749979,0.0022930242,0.052879203,-0.08303495,-0.03449492,0.11519189,0.063228466,0.03811216,-0.08325279,0.015006554,-0.10402454,-0.008696622,0.030901125,-0.04871282,-0.07592427,0.015484673,0.068694286,0.009205448,0.029321993,-0.0476081,-0.01049144,-0.05714264,0.040864147,-0.012711403,0.09107321,0.012465468,0.015990242,-0.10939696
TCGA-E9-A248-01A,-0.0074485587,-0.03778161,0.09339156,0.11373621,-0.030363528,0.031968024,-0.004147288,0.056006562,0.0027708046,0.052316654,0.022367746,0.086481236,-0.028855553,0.16653967,0.050299037,0.015259196,0.028896773,0.11191035,-0.029142898,-0.03136537,-0.06663478,-0.0623276,-0.020964079,0.03428945,0.0029714375,-0.07367072,-0.13516045,0.008288266,0.034594797,-0.06259487,-0.025709951,0.00819772,-0.055047557,-0.1845475,0.041447073,-0.05651135,-0.13107091,-0.030835863,-0.026240155,0.0043246364,0.010488284,0.047398802,-0.017276568,-0.08130018,-0.06928368,0.018360168,0.04648739,0.08122945,-0.0339075,0.0918705,0.03035478,0.08991038,0.012143014,0.112435564,-0.041427985,-0.025858546,0.15732197,0.0150116775,-0.12943956,0.07448586,0.05158216,0.025063599,-0.098664455,0.13617502,-0.059336737,0.00049880164,0.1282325,0.028280612,-0.057454377,-0.06028924,-0.124492005,0.022659566,0.051858485,-0.10512272,0.060522057,0.05803395,-0.04537463,-0.024664853,0.085067816,0.028673196,-0.04534081,0.017426116,-0.027374484,-0.013856844,0.017643884,-0.11865718,-0.0026478935,0.07859043,0.16199322,-0.07059943,0.11705182,-0.12366864,0.025792425,0.022693502,0.089068964,-0.056139823,-0.037400354,0.04869886,0.053297926,-0.09935169,-0.037867248,0.008410072,-0.0441016,-0.12126732,0.017847367,0.009927649,-0.050013937,-0.117547,0.043627415,0.059387073,-0.025900831,-0.08236066,-0.015982557,0.07660949,0.118849605,-0.040133994,0.0060290135,-0.042220976,-0.06296325,0.07562416,0.0572279,-0.15877579,-0.016886594,-0.06848561,0.11367015,-0.060702927,0.028649148,0.09632877,-0.04893352,0.11847866,-0.0021252078,-0.004475639,-0.04622783,-0.057936944,-0.16226915,0.0008144886,0.009466938,0.029841028,-0.029055942,0.07783335,-0.04788343,-0.08330024,-0.066347584,0.056903053,-0.04166307,0.06307657,-0.07051841,-0.009390129,0.035913862,-0.046733137,0.040818382,0.046001304,0.067995496,0.06779961,-0.05106359,-0.032227844,0.09119139,-0.08946514,-0.06070992,-0.07212798,0.106017806,-0.07988447,0.109708086,-0.17466538,-0.060058795,0.09746802,0.07227376,0.0077797617,-0.060999703,-0.017069781,0.020890541,-0.07891096,0.0005596903,0.07675115,0.048719484,-0.020299418,0.016971808,0.085343264,0.19846231,0.058670808,-0.03454841,-0.025295973,-0.05406913,0.034498118,0.019211465,-0.10404452,-0.03201839,-0.009618256,-0.06609265,0.09881468,0.08162388,-0.09347919,0.011966203,0.006394265,-0.051833138,0.057301212,0.02495013,0.021014296,-0.11976059,-0.046723787
TCGA-AR-A250-01A,0.032577112,-0.07270569,0.14589027,0.06372229,-0.030724637,0.0233952,-0.0034317365,0.10321842,-0.04378485,0.009019936,-0.057008475,-0.0011645814,0.08262729,0.09754497,0.018404137,-0.060008287,0.034223102,0.039790526,0.03283683,-0.0304842,0.057616025,-0.029921543,-0.09729705,0.19112201,0.04724497,-0.034904044,-0.028354801,-0.028679922,-0.033833757,-0.00560625,-0.005858484,-0.057428665,-0.07947993,-0.17428555,-0.04408526,-0.114853695,-0.031937715,-0.047313828,-0.014206847,-0.04813248,0.11854768,0.018885301,0.11743258,-0.03795075,-0.014775595,-0.011651308,0.02302954,0.023449399,0.059133932,0.13128377,0.025885668,-0.0031040215,0.036508586,0.08603677,-0.06695403,0.07411981,0.04011448,0.0591527,-0.031089114,-0.047985587,0.00283273,-0.03194228,-0.07482001,0.08693323,-0.04515574,-0.0208642,0.10410482,-0.024040379,-0.102413304,5.2590094e-05,-0.09334409,0.04662034,-0.012732119,-0.10318665,0.08476055,0.07665658,-0.055445384,-0.09472067,0.1574385,0.058306247,-0.057344828,-0.008158215,-0.01531833,0.07032781,0.016848285,-0.14566666,0.03499041,0.06851438,0.05746801,-0.0067498274,0.050832905,0.001197293,0.10097832,0.043533694,0.09730293,-0.06413438,-0.025707325,-0.060867563,0.12954076,-0.035107125,-0.0071347803,0.09198932,-0.03944382,-0.061471317,0.085676245,0.036147486,-0.025920382,-0.08234923,0.009165749,0.08222723,-0.048421428,-0.14455126,-0.123335026,0.163657,0.091851935,-0.05331491,-0.01052727,-0.12078617,-0.053723857,0.116228305,0.035261873,-0.08107031,0.05143862,-0.03696068,0.016421324,-0.043839656,-0.055852845,0.1376545,-0.017424835,0.09304864,0.1441248,-0.12427287,-0.04354878,0.016533982,-0.15318047,0.062881105,-0.11958992,-0.048318285,-0.0051866276,-0.06751409,-0.005256941,-0.02346822,0.00093241554,0.018263122,0.0074587623,-0.01617079,-0.0496762,-0.062368337,-0.0055418815,-0.03609655,0.07032048,0.0025761889,0.17583758,0.064176925,-0.0023978455,0.028507868,0.0292018,-0.13486533,-0.012669544,-0.07722228,-0.05388307,-0.10374852,0.04794997,-0.002156021,-0.021931862,0.09009387,0.09123145,0.035107512,-0.023285484,0.074301906,0.025774341,-0.017770136,0.057435233,-0.018698392,-0.005055751,-0.019560238,-0.09121218,0.0886151,0.049855165,0.12858345,-0.11466368,0.04909702,-0.13136809,0.04757361,-0.020001167,0.026450193,-0.08453632,-0.06291916,-0.10317557,0.049654447,0.03656227,-0.08514748,0.050320104,0.012462749,0.047769308,-0.008667193,-0.0054050013,0.13679135,-0.018436607,-0.022212684
TCGA-AQ-A1H2-01A,0.007157038,-0.102106616,0.09351695,0.0235451,-0.017498264,0.16338186,0.018793724,-0.026763858,-0.12046545,-0.03513372,-0.06034477,0.0047558686,-0.03282074,0.098307,0.11979306,-0.03219016,0.053098645,0.056947224,0.03047538,-0.05088038,0.049275585,-0.04138145,-0.097900376,0.09984951,-0.034786236,-0.06930926,-0.19867027,-0.042928383,0.0021497456,-0.041307054,-0.10896428,0.050519638,-0.128295,-0.063386016,-0.13054839,-0.11574008,-0.039720163,-0.023556411,-0.03297115,0.028413849,-0.009526267,0.017696165,0.0152037805,-0.07497375,-0.08856961,-0.07614684,0.09671512,0.046254516,0.057390828,0.10995047,0.065330945,0.11039538,0.038565937,0.08928897,0.0018984952,-0.039750233,0.024883047,0.022624532,-0.007457696,0.040904,-0.033932064,0.10656308,-0.06347203,0.10170943,-0.055793855,0.056391727,0.122208185,-0.019790664,-0.07862944,-0.01222444,-0.09660034,0.019483587,-0.039240688,-0.1291642,0.058565404,-0.045415144,0.059136257,0.058622155,0.08829154,-0.00520593,-0.042856533,-0.07388354,-0.034258753,0.060158618,-0.0027990835,-0.11357484,-0.06977605,0.046189148,0.14532183,-0.04488616,0.05760077,-0.06420259,-0.015886888,0.037922844,0.20489849,-0.14064272,-0.05947245,-0.0047521032,-0.012696234,-0.075600155,-0.011003405,0.035260636,-0.038847502,-0.10726087,-0.09935998,-0.018423965,0.0466798,-0.061388936,0.009718998,-0.025990862,-0.091091156,0.013836621,-0.1260776,0.16358386,0.11997801,-0.004684604,-0.016274072,-0.08175799,-0.022627443,-0.017525958,0.052954987,-0.14231336,0.10299165,0.015586371,0.068774566,0.00026932338,0.032012463,0.012019554,-0.037163418,0.0780517,-0.03517813,-0.009324968,0.0097210575,0.014020705,-0.1398608,0.079694025,-0.12527305,0.043621287,0.037553646,0.024036631,0.012444179,-0.05190302,-0.1457831,-0.0033384294,-0.06826888,0.007099548,-0.11192648,-0.05885311,-0.06873131,0.04049471,0.017867249,-0.014175438,-0.030962627,0.06861575,0.012209226,0.042207163,-0.008734413,-0.076084055,-0.08682385,-0.079032406,0.07971988,0.042799067,0.024866957,-0.11368991,-0.0441533,-0.019758342,0.0783485,-0.03864153,0.0053306464,-0.014518881,0.09052814,-0.13268995,-0.003358144,-0.013390076,0.021484707,-0.01632833,-0.08684598,0.068694435,0.10349272,0.062048156,-0.077351615,0.0033339683,-0.063030854,-0.014562319,0.108010024,-0.07290858,-0.05130903,0.03528795,0.04605642,0.041588344,0.119437985,-0.06262159,0.05489052,0.01975402,-0.013629293,-0.030529816,0.05922912,0.094737835,0.023189433,-0.07243484
TCGA-D8-A1XZ-01A,-0.036998916,0.035079613,0.1484481,0.09980305,-0.033734363,0.085487545,0.09774344,0.057447966,-0.020635631,0.004986226,-0.03422944,-0.04244335,-0.02335556,0.1182108,0.053548593,-0.051311653,0.011677739,0.14511599,0.04606843,-0.05463791,-0.071352944,-0.06224392,-0.058602728,0.034247685,-0.04844047,0.011490632,-0.039079826,-0.10706063,0.03626971,-0.05766882,-0.066964425,0.028667286,0.0028940642,-0.036267553,-0.03879897,-0.17068803,-0.03444832,0.0050537256,-0.11899991,0.016599286,-0.0037191215,0.014004552,0.13256519,-0.08207159,-0.09915929,-0.022081839,-0.10312844,0.0497974,0.062503584,0.014031082,-0.015236208,0.038644604,0.012906707,0.11672565,0.00039205566,0.018464068,0.059461795,-0.095715724,-0.0038201588,0.05988201,0.05874788,0.035162155,-0.04941697,-0.024082806,-0.057726808,-0.06314743,0.16475679,-0.111477695,-0.01384074,0.00012493203,-0.09825887,0.08191453,-0.0089036785,-0.13925664,0.023734119,0.0117967725,-0.0059932563,0.038658343,0.12998445,-0.053568885,-0.009894047,-0.0560528,-0.03225535,0.014257246,-0.00322797,-0.19541499,-0.071444705,0.106701225,0.2517839,-0.038655434,0.059880953,-0.052709043,0.021837354,0.08033438,0.053029455,-0.005181624,-0.016940229,-0.046906896,0.06468771,-0.11362148,-0.003980289,0.06584631,-0.013980537,-0.05310851,-0.11032315,-0.018958613,-0.1322703,-0.12978633,0.09383657,0.009462013,-0.017855607,-0.078631245,-0.10843062,0.11089268,0.17069058,-0.053518,0.059690703,0.0026524176,-0.024616979,-0.07380293,0.0343371,-0.044715438,0.023949929,0.033863585,0.09035994,0.05618705,-0.08867542,0.077238694,0.04288638,0.09713794,0.09457785,0.0038028338,-2.1907275e-05,-0.0015336447,-0.11533056,-0.021468995,0.012231864,-0.050240595,-0.043289453,0.08186907,-0.031042174,-0.1422517,0.018386325,-0.0019643593,0.015522794,0.04834475,-0.050521072,-0.07059678,-0.02643695,-0.010763852,0.0070513077,-0.012551078,0.04888552,0.04432473,0.018198797,-0.024658615,0.058660157,-0.029286377,-0.08198503,-0.042307556,-0.039223135,-0.08903788,-0.03613913,-0.13190593,0.014860057,0.060946506,0.092723496,-0.030186059,-0.081895076,-0.09113053,-0.021621227,-0.0059386985,-0.03204528,0.019991815,-0.027249895,-0.021814559,-0.08958525,0.069227204,0.0059882747,0.14500055,-0.027119426,-0.015763247,-0.08227875,-0.007091005,-0.0032628097,-0.18123826,-0.10000589,-0.06575889,-0.06887993,-0.029181067,-0.014416572,-0.09937886,-0.08207412,0.059852734,0.03059739,-0.029937906,0.024547448,0.10876893,-0.008204101,-0.027844071
TCGA-E9-A1R3-01A,-0.047292057,-0.054510504,0.12414964,-0.05184461,-0.015383008,0.040658046,-0.048071496,0.031469304,-0.018985735,0.02443602,-0.049241398,-0.08583026,-0.025279362,0.06708963,0.05103609,-0.14471468,-0.027903426,-0.087707244,0.094267465,-0.064751424,-0.0788307,-0.06780221,-0.123965696,0.014185029,0.005944881,-0.013993296,-0.16283442,-0.05538038,0.039425485,-0.11820298,-0.06271869,-0.017108794,-0.08561687,0.00819713,0.0003983692,-0.08191324,-0.0820949,0.10840485,-0.07119668,0.00041703632,0.006294984,0.09342695,0.028175116,-0.010666262,-0.03809298,0.015666083,-0.022556191,0.043092567,0.012744133,0.07179469,0.03392297,0.038021535,0.11876528,0.03673827,-0.0047902293,0.047790587,0.11235372,0.0059927204,-0.031087415,0.14398342,0.0375702,-0.10577887,-0.113886565,0.14884345,-0.007272466,-0.013011232,0.15114531,0.059642907,-0.09553942,-0.038628202,-0.05628365,0.07532057,0.04064022,-0.087838255,0.023287985,-0.021723783,-0.004410492,0.07087967,0.037236996,-0.04806099,-0.0109299645,0.030280264,-0.054860443,0.086062424,0.018800074,-0.10686398,-0.043043777,0.04391155,0.10776519,-0.030663963,0.07714193,-0.16444686,0.09221683,-0.004830299,0.066891745,0.010377829,-0.059429694,-0.055244066,0.023159645,-0.13376409,-0.029911363,0.0036310153,0.051126786,-0.050253823,0.030073157,0.043302637,-0.03048731,-0.11132126,-0.0018720499,0.05604347,-0.044864815,-0.081398025,-0.10219493,0.06529424,0.15509412,-0.02835602,0.02368866,-0.049740117,-0.0758033,0.019271487,0.07369133,-0.07150734,0.062323812,0.07498168,0.020965645,0.020313509,-0.10589518,0.068150885,-0.045057103,0.08010416,0.11851471,-0.09232143,-0.01156123,-0.0677381,-0.095956765,0.056451935,-0.023495758,0.0024500992,-0.041042376,0.0036650077,0.05929126,-0.19500528,-0.07830566,0.027258856,0.020337667,0.0073313722,-0.18512423,-0.026717648,-0.04529898,0.01739786,0.022194283,-0.005817165,0.111514665,0.043831315,-0.08550385,-0.04493263,0.021452315,-0.003851136,-0.15598312,-0.0038900706,0.07740608,-0.076950304,-0.04853488,-0.050428793,0.011179971,0.0025377185,0.06361728,-0.024733786,-0.08645781,0.0421352,0.032455347,-0.005001043,0.01430719,0.04906623,0.08805808,-0.06473715,-0.0042445115,0.048912913,0.13714764,0.17589611,-0.069832236,-0.01596074,-0.102685936,0.054133754,-0.049849603,-0.038568538,-0.027498294,-0.0062672175,-0.024857622,0.0367912,0.16733828,-0.09500547,-0.08947051,0.048629005,-0.03357753,-0.050307255,0.09007176,0.10547722,0.012914646,-0.0031560317
TCGA-AC-A6IW-01A,-0.029003862,-0.036923394,0.13359533,-0.012499121,-0.09686009,-0.0013815897,0.011825782,0.008510897,-0.022523418,0.077345975,0.078061,0.03630844,-0.032340378,0.13789855,0.034832116,-0.026500652,0.08116948,0.09880723,-0.027768144,-0.06535313,-0.06086172,-0.095458075,-0.002710222,0.014271222,0.046522908,0.0066697784,-0.12184007,-0.047363203,0.09505592,-0.05413111,-0.057542242,0.02394837,-0.05881443,-0.1218125,-0.047378503,-0.086893104,-0.06598673,-0.031046387,-0.056968305,-0.0038408325,0.031363424,0.023913283,0.07839712,-0.08307145,-0.097931966,-0.0025751158,0.06897966,-0.07639839,0.0857899,0.054430954,0.004317454,0.04834508,0.04218147,0.06966377,-0.059151597,-0.025528755,0.12362663,-0.017739614,-0.10642324,0.046275098,0.08020336,0.0059608417,-0.039383795,0.1290521,-0.006969223,-0.0507102,0.14689101,0.08389859,-0.07760296,-0.02392178,-0.17063189,-0.02910955,-0.012489457,-0.14473374,0.1077245,0.05305479,-0.08751995,0.05337647,0.09245029,0.006638869,-0.030414814,-0.13878176,-0.01211537,0.020163558,0.017367851,-0.051092915,-0.054896392,0.04879759,0.06291536,-0.014338565,-0.021357754,-0.17284703,0.15435122,0.05074479,0.056359664,-0.10689659,-0.011859387,0.014435533,0.0070408173,-0.10064127,-0.02437685,0.052637417,0.0014510837,-0.07322313,0.021489393,0.048222758,-0.019547068,-0.06677528,0.0804864,0.007727632,0.025708547,-0.10254216,-0.058050003,0.061239902,0.06586244,-0.04158786,-0.06080064,0.04075485,-0.038931884,-0.014206874,0.07831587,-0.09974218,0.056773968,0.023733404,-0.009920522,-0.0052713933,0.033485897,0.069013946,0.04637454,0.11549092,0.23333903,-0.07800841,-0.09564879,-0.030439485,-0.17068042,-0.022322,-0.14621772,-0.026298314,-0.024484985,0.060466867,-0.025977895,-0.095459804,-0.06873201,-0.020976402,0.07479332,0.005109299,-0.102997966,-0.03594635,0.0002827156,-0.078998394,-0.073534556,0.029627088,-0.09255587,0.026231078,0.06863556,0.05091358,0.052799262,-0.0040197177,-0.12971744,-0.03158844,0.03601247,-0.028211392,-0.013305265,-0.20861518,-0.042448543,0.0076840175,0.0566362,0.05583849,-0.007860915,-0.0094312215,-0.05646933,-0.13752295,0.019300325,0.02956725,0.12926382,-0.010646297,0.10714759,0.10472795,0.034284703,0.13446398,0.026674848,-0.028486863,-0.015427073,-0.004256722,0.073136434,-0.00013659858,-0.06255111,-0.035108857,0.01242638,0.050282076,0.044482086,-0.040302455,-0.07466068,-0.07146263,0.025077134,-0.03221759,0.005088412,0.009379784,-0.03631592,-0.07616772
TCGA-EW-A1P3-01A,-0.05998754,-0.026810464,0.113191985,0.11280878,-0.07583321,0.055762265,0.052516364,-0.061325505,-0.06662484,0.05697741,0.020482413,-0.040012777,0.035090506,0.004015349,0.10008084,-0.037975684,0.07240435,0.036355913,0.037469175,-0.088822454,-0.03937852,-0.1014266,-0.0199954,0.03353058,0.0014505534,-0.06257354,-0.11625039,-0.06680366,0.018870004,0.037074126,-0.024589265,0.09448671,-0.19225574,-0.12375763,-0.06170244,-0.09966799,0.013155841,0.032728743,-0.06034998,-0.0027206908,-0.07397905,0.13300222,0.09442525,-0.08860334,-0.074545816,0.039881952,-0.009327605,0.039744385,0.07813645,0.074950814,0.14758989,-0.029461747,0.068172395,0.09559868,-0.06963698,0.0033191543,0.12186158,-0.08708767,-0.052789565,0.007166465,0.06894096,0.07158225,-0.002817474,-0.042610522,-0.03744315,0.012540345,0.09535766,0.039264407,-0.090977535,0.0246786,-0.12567903,0.03889584,-0.041260682,-0.14659056,0.043549072,-0.056882307,0.00838227,0.042267986,0.023680301,-0.06625734,-0.01604246,-0.06783727,0.0004892428,0.0007631286,-0.113419876,-0.035234384,-0.024230346,0.09039521,0.08553558,-0.06522024,0.0127006,-0.11708452,0.05249099,0.020283239,0.12687826,-0.08354728,-0.035308573,-0.013147111,0.036500636,-0.046231292,-0.032841332,0.086930394,0.05725017,-0.047879446,-0.08164111,0.09018045,-0.08122471,-0.099723734,-0.0067019286,-0.064583845,0.035495244,-0.12720655,-0.083320245,-0.0142314425,0.12790829,-0.064477995,-0.03748407,-0.03698968,0.010472162,0.010553707,0.055863563,-0.079439454,0.062251214,0.09714578,0.06492842,-0.017206142,-0.024681948,0.012590452,-0.009626619,0.14086288,0.06967963,-0.07301181,-0.06831589,0.029204303,-0.15338993,-0.049340423,0.04007425,-0.0357717,-0.011213761,0.12983182,0.016979935,-0.14665474,-0.02485293,0.020377956,0.050521582,0.059617355,-0.10884461,0.0030136188,-0.040501237,-0.10745869,0.068421915,0.06411663,-0.0051915194,0.029274989,-0.096049316,0.039680067,-0.05775743,-0.051794827,-0.15442255,-0.019809784,-0.024487963,-0.0011092257,0.07469169,-0.20473157,0.05205989,0.01720374,0.11134402,-0.016824625,-0.0627241,-0.032424025,-0.08372735,-0.03258282,-0.04460497,-0.03376076,0.008384822,-0.03408284,0.02958684,0.0050217677,0.027258752,0.11852714,0.0032003613,-0.10367162,0.00912658,-0.046373755,0.05097458,-0.10742492,-0.068588376,-0.14199865,-0.073577814,-0.057466336,0.048059464,-0.044378217,-0.07515957,-0.045757104,-0.07240991,0.010579981,0.11528216,0.016109306,-0.043074533,0.0072380374
TCGA-E9-A2JT-01A,-0.037027523,-0.041615546,0.06742961,0.04789622,-0.012900861,0.021555038,0.018074252,-0.050801136,-0.08510289,0.024710428,-0.008341704,0.024154581,-0.06807671,0.17872842,0.1332514,0.05372959,0.070713505,0.1083688,-0.0039111497,-0.011362239,0.010783139,-0.008368173,-0.017528959,-0.022838853,-0.044627156,-0.035110086,-0.08365441,-0.03507399,-0.031990275,-0.04704927,-0.103889264,-0.016849065,-0.08648234,-0.12571506,-0.11069669,-0.012483627,-0.04099627,-0.019753944,-0.02321042,0.026117068,0.0018643632,0.051243205,0.060329244,-0.06866302,-0.060924888,0.008385574,-0.0036500809,0.10974592,0.1149763,0.13440804,0.028558077,0.09945508,-0.020266214,0.19026631,-0.014652809,0.013882049,0.19774555,0.016442034,-0.03519287,0.04746767,0.048714455,0.046642438,-0.056439098,0.02687133,-0.036448676,-0.077956416,0.14858273,0.08370124,-0.04079781,-0.017792773,-0.07616102,-0.060761563,0.0041796723,-0.2716736,0.05652846,-0.07319409,0.006008308,0.0036522772,0.051095784,-0.019980432,0.030361662,-0.08044083,0.013594426,-0.03881333,-0.09867855,-0.0003269294,-0.06876485,0.057707272,0.025632935,-0.05659162,-0.024555748,-0.06821553,0.08125505,0.07719664,0.018142633,-0.04916598,-0.09011664,0.041115034,0.026030622,-0.046250723,0.0100855725,0.049120132,-0.058423005,-0.09781129,-0.10005304,0.028263053,-0.07279092,-0.09852402,-0.0130235795,-0.06996225,-0.023707684,-0.067048974,-0.053582806,0.061870407,0.17394224,-0.14803456,-0.004527082,0.009511954,-0.049901932,-0.06753939,0.1337239,-0.11527004,-0.0152751785,0.041769,0.052241568,0.020297093,-0.0849077,0.078479506,0.033020396,0.100621365,0.057780292,0.041950464,-0.07271897,-0.08773452,-0.110444315,-0.034593392,-0.0809216,0.030201439,-0.13294059,0.018399037,-0.067664295,-0.06373513,-0.011883428,0.069146976,0.03586143,-0.035246797,-0.108176835,-0.032781135,-0.042825207,-0.050383843,0.046061046,-0.05134911,0.019560946,0.06320933,-0.08526181,0.01050627,0.037445422,-0.10283436,-0.03522361,0.0042444444,-0.0036164399,-0.043719966,0.016379047,-0.23775707,-0.007551797,0.00749784,0.0112289805,0.034277752,-0.052182563,-0.07647922,0.041555595,-0.16211982,0.046201635,-0.018767761,0.004291769,-0.012224826,0.013866154,0.14476508,0.117621586,0.081585735,-0.040491752,0.040908966,0.007760854,-0.014367925,-0.014181722,-0.033863325,-0.051224977,-0.041028865,0.036890488,0.052552238,0.059917055,-0.049790096,-0.06533005,-0.0052376925,0.052090343,0.027977504,0.07713914,-0.077721,-0.014214804,-0.070328996
TCGA-OK-A5Q2-01A,-0.079936594,-0.04264974,0.11304898,0.0007691666,-0.0153009975,0.044198588,0.040546004,0.014657807,-0.078863226,0.057067078,-0.02796397,-0.05993893,-0.0073421635,0.1659417,0.07280774,-0.08936096,0.011440929,0.15424582,0.05119684,-0.09909444,-0.016765494,-0.05964318,-0.036123917,0.10350059,0.038075946,0.008334678,-0.102441005,-0.09702518,-0.017341327,0.00034090833,-0.03259251,-0.10119553,-0.082992524,-0.11651066,-0.07952051,-0.15274364,0.025812026,-0.029716404,0.0333045,0.01785678,0.00520731,0.11861084,0.10077069,-0.10573732,0.016839027,0.0016274553,0.011750653,0.01121846,0.06411416,0.016463237,0.025634505,0.06592162,-0.04196012,0.10275111,0.019185297,0.020882955,0.14289275,0.06786397,-0.029578762,0.024039831,0.07549985,-0.010526302,-0.10289979,0.09698068,-0.05831397,-0.0012268687,0.11159932,0.020196686,-0.07309194,-0.041697625,-0.12940201,0.006337365,-0.026342843,-0.19376187,0.082808845,-0.07956085,0.041300654,-0.043509677,0.02444135,-0.02195518,-0.0042450796,-0.07127735,-0.10316203,-0.028619273,-0.055394474,-0.029689308,-0.07396792,0.09217424,0.15266034,0.031301647,0.06936217,-0.09998887,0.052581027,0.008540714,0.07518995,-0.036555503,-0.059413828,-0.042460162,-0.01257726,5.7714387e-05,-0.030857911,0.07767348,0.06908233,-0.11279979,-0.13746266,-0.059100665,-0.012256045,-0.0671496,0.013543565,-0.03522783,-0.02310778,-0.052429307,-0.08107978,0.07594709,0.061418127,-0.0388691,0.08938016,-0.08009095,-0.078647986,-0.025970398,0.13089278,-0.08775278,0.04467108,-0.00077190757,0.054317445,0.051217575,-0.03130215,0.059718963,0.034153737,0.07794852,0.10651542,-0.01663351,-0.0009852309,0.045827135,-0.18037048,-0.09855345,-0.06064801,0.04479499,-0.03838956,0.06152886,-0.061448045,-0.1577402,0.0004582004,-0.03278427,0.0016297593,0.039702777,-0.12347488,0.03817204,-0.011706139,0.06281861,0.092946276,-0.040445708,-0.032251194,0.047040995,-0.01093727,0.0654794,-0.018453537,-0.037473783,-0.06361903,0.042547133,-0.015040422,-0.08551082,0.005406999,-0.05209753,-0.047965933,0.00095481036,0.09481835,0.0060172677,-0.07441658,0.03597818,0.13700934,-0.07130658,0.044359192,0.037969958,0.0025892013,-0.0001179005,0.0023586492,0.048793875,0.15990897,0.15261398,-0.018419921,-0.034471773,-0.057011787,0.04629976,0.07874103,-0.046654645,-0.1996578,-0.0747735,-0.08077861,0.031333905,0.042753477,0.02797466,-0.07880156,0.016010383,0.0006834646,-0.025472311,0.05529553,0.10425846,-0.0552682,-0.014236026
TCGA-D8-A1Y0-01A,-0.0050210985,-0.05412709,0.14151752,0.0879847,0.054385304,0.03287451,0.05878507,0.025261635,-0.001483696,0.057454076,0.03197663,0.014225353,0.033104528,0.041133065,0.053216998,0.010792339,0.021090176,0.07006205,0.0009110185,-0.16225821,-0.03717937,-0.09834343,-0.08148885,0.10673602,0.06137707,-0.09406742,-0.18313308,-0.049534854,-0.0127077075,-0.07677441,-0.0856242,-0.0026133202,-0.026802098,-0.079984255,-0.14102487,-0.059925836,-0.11187049,0.032964367,-0.018212868,0.043296352,0.014283144,0.15292847,0.03202777,-0.11417815,0.11193026,-0.018382296,-0.057119455,0.10280423,0.06199482,0.1825342,0.10943366,-0.0145523865,0.020944891,0.03287482,-0.011762557,-0.017821401,0.087751225,0.019731894,-0.061608274,-0.05096091,-0.035546675,-0.033623252,0.0047516474,0.05413682,-0.03373771,0.013983511,0.073724635,0.034095023,-0.10172711,-0.013667746,-0.110073365,0.015308309,-0.019754723,-0.07958121,0.10275635,0.014651268,-0.007289967,-0.024060406,0.1905143,-0.055333804,0.018906865,0.016209785,0.044188555,0.056100164,-0.07615327,-0.07711791,-0.02416161,0.023922758,0.1287529,-0.061104015,-0.00024492465,-0.17057122,-0.01732281,0.07362266,0.09298291,0.04212712,-0.055469733,0.0025445984,-0.016638767,-0.060624484,0.0016248823,0.029624248,0.07830685,-0.09661894,-0.03496533,0.054282453,-0.033731982,-0.020783588,-0.03269934,-0.0463085,-0.043136444,-0.098334625,-0.09601978,0.046873774,0.0588046,-0.038916852,-0.03003655,-0.020004157,-0.056729697,-0.052387774,0.015124466,-0.21236716,0.029583111,0.057930604,-0.0602209,-0.037765265,-0.098326676,0.060929157,-0.03683246,0.13257402,0.031972695,-0.033805333,0.012733042,-0.08123514,-0.14080171,-0.0013560456,-0.050954185,-0.005436051,-0.08640997,-0.008004598,-0.026098462,-0.09616692,-0.026719822,-0.010716168,-0.04776332,0.0075154607,-0.10587995,-0.011900149,0.030066382,-0.08470274,-0.012194034,0.030740293,0.10313175,0.020667057,-0.0032440845,-0.02787604,0.029514853,-0.13491337,-0.050047364,0.007749603,-0.026122749,-0.017932676,0.06054416,-0.20047075,-0.015707351,0.0427332,0.08440823,0.05098607,-0.047629625,-0.03675074,-0.050211042,-0.1273538,0.036367204,0.04467159,0.06354294,-0.042275995,-0.037646864,0.09249856,0.1037463,0.11441312,0.0025122655,0.045071736,-0.13081823,0.13713834,0.06584548,0.02843307,-0.08465927,-0.0016830368,0.02958928,0.019408891,0.05528268,-0.048626125,-0.08461456,0.056943953,0.025286714,0.03605329,0.08879415,0.10733926,0.009578025,0.049942084
TCGA-AR-A24K-01A,0.03244609,-0.07748168,0.1204766,0.023604652,0.0035472778,-0.041457083,0.01249152,0.016859684,0.0301032,-0.10814805,0.034115274,-0.03251059,-0.016383737,0.17143537,0.16365579,-0.06746148,0.0063518374,0.10476097,0.0007659487,-0.11092584,-0.021756154,0.022108333,-0.032086052,0.06904428,-0.0078835515,-0.0997559,-0.057780996,0.0063901576,0.009326919,-0.16960746,0.012659559,0.088603005,0.015019205,-0.1439045,-0.07689308,-0.11444601,-0.09049241,-0.046121404,-0.14305142,-0.045133248,-0.0065945704,0.11263953,0.13853684,0.013173456,-0.100666076,-0.07261949,0.0071866526,0.009866243,0.0028064095,0.045068227,-0.04183469,-0.030237954,0.093254514,0.06445994,-0.03693371,0.054068744,0.07408441,-0.017415576,-0.048361536,0.10697836,0.028091738,-0.009015241,-0.036681473,0.055993658,-0.127621,-0.008454902,0.14532231,-0.04554891,-0.07677109,-0.019912343,0.013858968,0.0810476,0.025914427,-0.20841658,0.06215472,0.0063293693,0.04232431,0.061912533,0.08735114,-0.11297246,-0.089846596,-0.032133013,0.0015264136,-0.059125394,0.062205747,-0.099032536,-0.023038937,0.0910424,0.11673517,-0.07105704,0.08540463,-0.05752515,0.057505693,0.02904883,0.06564,0.0138094,-0.10465217,0.032156643,0.012563021,-0.026588034,-0.05510372,0.005863763,-0.03763642,-0.028680835,-0.0699543,0.0072637806,-0.058845174,-0.09100344,-0.023945503,-0.016677994,-0.043907057,-0.11651901,-0.095307074,0.108580716,0.19508477,-0.01723065,-0.04623369,0.014606468,0.03222936,-0.014735759,0.048082046,0.025832726,0.036046218,-0.0151184,0.13319072,-0.018674802,0.014256077,0.021391623,0.029185362,0.1171281,0.15234917,-0.05230242,-0.033379182,-0.010023428,-0.15686421,-0.03896454,-0.019104753,-0.09639423,-0.062118445,0.03613062,-0.082200594,-0.1956648,0.0101277325,0.095722616,0.017201664,-0.032497022,-0.100336745,0.080986515,-0.052649274,-0.040221337,-0.031492703,0.006778122,-0.025716886,0.0043038083,0.017134344,-0.058537222,0.0835851,-0.05585436,-0.051745713,-0.06784696,0.05342348,-0.0904139,0.07342186,-0.081229456,-0.040548414,0.028135346,-0.0125619555,0.14007203,0.010291134,-0.029751867,0.08004284,0.0019766102,-0.012968923,0.019743403,0.055693064,-0.03588913,0.0067549907,0.03030824,0.063390054,0.0757648,-0.12199832,-0.077362485,-0.053665448,0.044875573,0.027062755,-0.04798774,-0.0041383374,-0.021913288,0.0037442632,0.042058595,0.008896325,-0.053860642,-0.069544464,-0.04784367,0.005494026,0.067200236,0.04399488,0.1239229,-0.025735078,-0.035207137
TCGA-AR-A2LL-01A,-0.042879734,-0.07865356,0.043359984,0.009505009,-0.0119688315,-0.13098913,8.8935834e-05,-0.041930977,-0.08550232,0.0069550136,-0.0023162246,0.016855022,-0.058608096,0.17192675,0.062807545,0.080456175,0.084426254,0.0935248,0.0024991094,-0.08140689,-0.009162989,-0.016723648,0.04939007,0.085618086,0.07767093,-0.041017372,-0.10994583,-0.0008258834,0.023027837,-0.00940652,-0.067170605,0.021526216,0.0011373863,-0.109693944,-0.019460969,-0.078444526,0.008711274,-0.0060520545,-0.04117736,-0.027238052,-0.053473033,0.04192735,0.15385559,-0.03741728,0.030115621,-0.047740597,0.028630033,-0.03916353,0.018487994,0.076583266,0.05276415,0.060006898,0.13909392,0.058144946,-0.057843827,0.010996285,0.08607781,-0.035891097,-0.047064602,0.015150756,0.055551384,-0.10149414,-0.009321405,0.09596465,-0.02488679,-0.08721215,0.11015891,0.05776565,-0.059042998,0.022114748,-0.18379349,0.0626062,-0.013892969,-0.23103999,0.15092854,0.034567576,-0.06574152,0.007887484,0.15127945,-0.043658104,-0.037117075,0.070008144,-0.008516899,-0.003766694,0.010528567,-0.10583888,0.035423003,0.13860668,0.09832056,-0.060446154,0.08190221,-0.05126729,0.03346095,-0.0008009913,0.09061092,-0.06946809,-0.087657884,-0.08367706,0.035264604,0.033780873,-0.023385268,0.032353044,0.08876653,-0.12551935,0.08007397,-0.0054124384,-0.11188496,-0.07124776,0.040733337,0.0049372874,0.03838017,-0.094020955,-0.08306062,0.035985038,0.0544806,0.016192084,0.045307554,-0.05729503,0.03984022,0.016506707,0.12671381,-0.13457833,0.00083006854,0.042387303,0.05823788,-0.015433817,-0.030672366,0.0023297407,-0.0034514528,0.097672015,0.19820374,-0.024025448,-0.029490544,-0.0015864982,-0.17050031,-0.009316685,-0.09448681,-0.01428163,-0.041592956,0.046259057,0.09764774,-0.12594499,0.0015081543,0.04469127,-0.011258574,-0.038852345,-0.069686495,0.023632757,-0.06837602,-0.005045862,0.03332453,-0.07219181,-0.060121365,0.064511724,-0.029320173,0.10983472,-0.0020124712,-0.045056988,-0.02551259,-0.050751667,-0.08194889,-0.097023144,0.011695181,-0.20449978,-0.015488251,0.014308145,0.102198556,0.012270088,-0.044802316,0.0026649805,-0.02256009,-0.063892975,-0.05698869,0.059037376,0.023556065,-0.024303367,0.008258332,0.11977196,0.094498195,0.09340365,-0.056779817,-0.12630062,0.06252071,0.048647575,-0.03544827,-0.034432765,-0.082155794,-0.06842822,-0.05610195,0.06897806,0.090141095,0.0093658995,0.012128362,-0.033402316,-0.027773889,-0.013095677,0.029700046,0.0018283572,-0.09727861,-0.028154453
TCGA-A7-A6VX-01A,0.04307036,-0.059968863,0.054054543,0.039664757,-0.0496573,-0.023789257,-0.034548655,-0.021678388,0.0058048805,-0.016126296,-0.045886684,-0.046771582,0.0382111,0.14227885,0.06739617,-0.064024225,0.034376808,0.045821343,-0.067595676,-0.08252598,0.12173116,-0.028608013,-0.05708667,0.09974552,-0.04514749,0.0120082,-0.17107491,-0.0030700415,0.003929724,-0.035821322,-0.035763983,-0.019840421,-0.10143206,-0.10869095,-0.15597405,-0.109570175,-0.02600667,-0.0025777977,-0.07817081,0.024309719,0.0001963261,0.014481297,0.019167798,-0.094445534,0.020233868,-0.041263215,-0.07428002,0.035363942,0.04090773,0.096181616,0.0118565075,0.013479521,-0.040480006,0.12143598,0.007768896,-0.0714904,0.13304828,0.04233713,-0.080288954,0.15833424,0.10213278,-0.027501285,-0.14050947,0.03896658,-0.017055305,-0.0042984555,0.1345653,0.0044224975,-0.091787785,0.055031795,-0.073087156,0.02060792,-0.00555205,-0.20279191,-0.0032725306,-0.09778049,-0.05560508,0.100573696,0.08088306,-0.06760487,-0.005103568,-0.07349713,0.030413352,0.056586217,0.011123633,-0.07558067,0.025838444,0.115619585,0.121868536,-0.088560246,0.09389204,-0.040128805,-0.0828537,-0.0018214505,0.09191796,-0.04976973,-0.13251664,-0.004089014,0.013008384,-0.10608682,-0.014869055,0.011993622,0.04522953,-0.02910212,0.0014552737,-0.035796538,0.014654408,-0.1461024,0.039513495,-0.016828796,-0.00048259436,-0.08205179,-0.14141119,0.10445371,0.10646693,-0.057747174,-0.009756936,-0.100115456,-0.045249417,-0.012425603,0.08935952,-0.13362072,0.028634805,0.076882444,-0.013777178,0.059711162,-0.14994651,0.07645616,-0.03086522,0.1902735,0.0061951205,-0.10091685,-0.08401473,-0.08281265,-0.14098608,0.0050078,-0.07748995,-0.010424786,-0.022589197,0.05229025,-0.04638881,-0.09611508,0.032027613,0.10037039,-0.047337938,-0.0057865656,-0.16047044,-0.094755605,-0.054843545,0.02175243,0.08017513,-0.021267807,0.025333053,0.06235388,-0.005526425,0.025688907,0.08096574,-0.053669903,-0.046906274,-0.010438275,-0.06333355,-0.052945603,0.036812607,-0.12339802,-0.00085945934,0.08815456,0.016839053,0.011887395,0.0086462265,0.031627845,0.010553296,-0.02915878,0.06968733,0.017066753,-0.01073978,-0.07127446,-0.036662847,0.07440724,0.009436857,0.07158705,-0.04520988,0.0075254124,-0.042708497,0.041810032,-0.004125106,0.000118625045,-0.058945574,0.0052634645,-0.001522283,0.03008831,0.048305877,-0.07816633,-0.042282213,0.01475008,0.008259128,0.060024362,0.0940037,0.14777139,0.032906234,0.07303397
TCGA-BH-A1FG-01A,0.005322622,-0.021630796,0.09977153,0.049998794,-0.035803534,0.10170353,0.008488339,-0.023676489,0.030279618,0.040136144,0.04855321,-0.016554775,0.034014713,0.09596929,-0.023629475,-0.03397848,0.070652805,0.05278545,-0.051078804,-0.065421805,0.011188254,-0.030480852,-0.077132754,0.0026452737,0.069292605,-0.005707443,-0.1920531,-0.061272174,0.002922093,-0.09516415,-0.057460852,0.07891936,-0.15158314,-0.15890636,0.017341118,-0.14765926,0.05270755,-0.032976847,-0.081969425,0.0043260334,0.020349283,0.094992846,0.046889175,-0.06389267,0.028397856,-0.021463647,0.06555514,-0.03946783,0.029420491,0.19171971,0.0329448,0.02707377,-0.025292978,0.110640764,0.041397553,-0.08600772,0.13809583,-0.03227127,-0.11036982,0.00829847,-0.025333716,-0.0545876,-0.07088967,0.028778369,-0.02265684,-0.029872652,0.13055192,0.049732223,0.00029619245,-0.042797174,-0.14705202,0.02940992,-0.044348408,-0.13540785,0.058513805,-0.021464787,0.023705363,-0.026198748,0.05427801,-0.028433274,-0.024024595,-0.025986068,-0.048656553,-0.004839611,0.00042720584,-0.09734386,0.022079546,0.06084352,0.16531944,-0.13170272,-0.009024187,-0.069250986,0.096483685,0.14654206,0.14970809,-0.060562924,-0.060527354,0.013011851,0.035340037,-0.069640346,-0.063924395,0.07997989,0.04535108,-0.044100128,0.008018312,0.05771814,-0.0019666564,-0.14735274,0.011167511,-0.021886067,-0.057765823,-0.11900015,-0.033774175,0.07951949,0.01930484,-0.065940104,-0.074745975,-0.13810916,0.010097335,-0.045897365,0.059890136,-0.08162982,0.10864622,0.02521726,-0.0139480475,0.038789578,-0.15600535,0.06505603,0.018031763,0.07833168,0.09557431,-0.14820945,0.033714663,0.029844843,-0.14035408,-0.040748198,-0.034451645,-0.016999504,-0.070935205,-0.014076542,-0.07253912,-0.16677998,-0.02446601,0.066297166,0.04192223,0.0055861794,-0.09961322,-0.054930504,-0.07034912,-0.0019896568,-0.060623813,0.01744168,-0.057332613,0.050097056,0.0011746925,-0.060856424,0.016193379,-0.024231585,-0.027052764,0.009040855,-0.020824298,-0.02176442,-0.03271923,-0.085806824,-0.03275569,0.052191135,0.053425785,0.049377296,-0.015016309,0.002444475,-0.0033549606,-0.042897966,0.059336882,0.029373929,0.010252215,-0.11579479,-0.048577372,0.0009741212,0.0786774,0.118887216,-0.014509614,-0.09058682,-0.0011391854,0.13680072,-0.008252859,0.004100147,-0.10447461,-0.033754397,-0.09770701,-0.039444555,0.010760966,-0.044742204,-0.12901881,-0.010535906,-0.012056108,0.041297227,0.07378919,0.16042382,0.023428721,-0.049809672
TCGA-B6-A0X5-01A,-0.009597817,-0.0921843,0.12854132,0.08609378,-0.009395179,0.1062931,-0.020801654,0.08615449,-0.079073235,0.07261226,0.06735859,0.05782745,0.1027648,0.12556913,0.04577281,-0.015898978,0.056046095,0.054296065,0.037520584,-0.080646165,-0.016314581,0.023902178,-0.04164217,0.06765121,-0.061618786,-0.010783937,-0.10452243,-0.06957234,-0.021208156,-0.09029005,0.0033346233,-0.0011185046,-0.09371148,-0.077609286,-0.025514515,-0.16640773,-0.0362411,0.0163708,-0.092182726,-0.04611765,-0.12739787,0.027435826,0.07825935,-0.063630655,-0.027436262,-0.0022535394,-0.056114312,0.0040275673,0.08048505,0.09968866,0.1120498,0.05883651,0.04484449,0.1408861,-0.026546646,0.046156846,0.0718112,0.032338407,-0.028321376,-0.0708027,0.03368078,-0.0788662,-0.040536482,0.07648734,-0.021225018,-0.035367806,0.093785875,0.06336892,-0.092798665,0.07676311,-0.09445123,0.015131472,-0.07508925,-0.1588396,0.02653819,0.0022257667,-0.050128434,-0.0026828363,0.09340979,0.008470512,-0.072966866,-0.09641418,-0.03811199,0.07533648,-0.011432324,-0.0415215,0.01752457,0.046970673,0.107241735,-0.038925946,0.020768646,-0.07834844,0.057243995,0.10868792,0.058497287,-0.08259309,-0.025193779,-0.07728711,0.0075203227,-0.08997243,-0.029181715,-0.020287005,0.024075946,-0.17423634,-0.09444751,-0.047068108,0.022494866,-0.11546077,0.07335161,-0.037265114,-0.036305595,-0.049762152,-0.0965867,0.08994604,0.0597599,-0.049220234,-0.03298072,0.009555162,0.049510002,0.020322312,0.020122705,0.01571135,0.11539993,0.0061547603,0.048506137,0.011673602,-0.028152972,0.077015854,-0.024907036,0.038509376,0.14298023,-0.053419355,-0.008319681,-0.047812838,-0.061038185,-0.06348443,0.01338409,-0.12974906,0.022455694,-0.05660451,-0.05696766,-0.11555144,-0.04153267,0.07780357,-0.086539656,-0.07850285,-0.042473696,0.044919685,0.010886574,-0.046149034,-0.012084375,0.03246167,0.021883518,-0.038836848,0.001707649,0.06673764,0.060016964,-0.015798379,-0.10475943,-0.10113592,0.013195552,-0.103051566,0.00820367,-0.16087763,-0.039709285,0.16524467,0.15310037,0.021389436,-0.029429283,0.028046098,0.02314759,-0.13297811,-0.005821813,-0.0040731323,0.027610777,-0.10626038,-0.06595105,0.09607073,0.042906426,0.14054447,0.040173076,-0.07389522,-0.06810769,0.033577487,0.09165026,-0.055456795,-0.07039589,-0.023003822,0.050696243,0.050323375,0.0701078,-0.02557139,-0.03927317,0.013807136,-0.053465396,0.1605244,0.00741341,0.16996616,-0.07439099,-0.00139571
TCGA-E9-A1RA-01A,-0.013050149,-0.044409834,0.104065515,0.037383296,-0.0013523089,-0.04324715,0.07932553,0.020853007,-0.018021759,0.026257923,-0.04723633,-0.05908101,-0.022903726,0.17973715,0.07344312,-0.020237306,0.05877909,0.028175456,-0.03045087,-0.045243993,-0.017203314,0.005757975,-0.035050623,0.0545491,-0.055385217,0.026905237,-0.17008102,0.0133454595,-0.014173411,-0.062018957,-0.052171346,-0.016638586,0.03667165,-0.17277122,-0.08628446,-0.08666495,0.036694627,-0.020055514,0.04484235,0.060747135,0.0011402183,0.09089227,0.08104874,-0.045642894,0.096211314,-0.02747091,0.083505094,-0.019610114,0.09206822,0.14108571,0.09460929,0.02711557,-0.04333391,0.0011597862,-0.0005009779,-0.059850644,-0.023706472,-0.01863948,-0.058436446,0.049120646,0.06965023,0.024696672,0.01665697,0.11417861,-0.02643025,-0.03644246,0.06888465,0.083885185,-0.092271,-0.045804612,-0.13073021,-0.0065163183,-0.017380046,-0.20555645,0.18757804,0.004784023,-0.028892372,0.013360582,0.09716036,0.030504894,0.02988877,0.0011199758,-0.019819986,0.15397893,-0.015279152,-0.114273824,0.033921644,0.058180504,0.06312365,-0.027938848,0.122448504,-0.08547374,-0.0042991526,-0.007534526,0.115453005,-0.029727552,-0.10717917,-0.02485803,0.020304818,-0.043762255,-0.09610521,0.11826581,0.0758551,-0.09865258,-0.04467445,-0.002291684,-0.07470967,-0.08504032,-0.003973565,-0.03876394,-0.11211241,-0.090356916,-0.075498916,0.015844932,0.08776451,0.006705259,-0.11433684,-0.052807122,0.018399581,-0.043688655,0.06862576,-0.1335961,0.05835676,-0.026962703,0.05191706,-0.03533069,-0.08984031,0.013736181,0.05367437,0.07880696,0.11553442,-0.051137365,0.019621437,-0.054085728,-0.1675738,0.009400071,-0.01223968,-0.015040991,0.04402598,0.1051521,0.00048372586,-0.054562915,-0.05403383,0.10420513,0.042199522,-0.019203372,-0.07605263,-0.051302902,-0.07561026,-0.0031589142,-0.027643822,-0.014544059,0.08446891,0.084603116,-0.09194777,0.02433593,0.025103463,0.0038680204,-0.084360056,-0.044674005,-0.03450006,-0.014897235,-0.007383181,-0.11191095,-0.10888142,0.054005217,0.061327245,0.056052253,-0.0014896401,-0.06335859,-0.04355832,-0.062454868,0.081756786,0.0703429,-0.021983426,0.005157945,-0.060031045,0.08422404,0.15871163,0.15065132,-0.04474274,-0.071790606,-0.06704465,0.17746784,0.003208859,0.031407554,-0.08737002,-0.04995699,-0.10286938,-0.044912837,0.033848908,-0.045816094,-0.020055663,-0.026213968,0.07374093,-0.044944257,0.03144309,0.11276267,-0.029533671,-0.027886825
TCGA-AC-A6NO-01A,-0.089470476,-0.045293823,0.10474995,-0.03175581,0.036652766,0.042741086,0.08935406,0.069334924,-0.11449727,-0.08106259,-0.048410635,-0.059326585,-0.010961894,0.085578136,0.09910295,-0.035546314,0.104894,0.14763786,-0.009021718,-0.03964111,-0.052682366,-0.07753831,-0.08284676,0.04997384,0.07120825,0.038980387,-0.09317288,0.0041093905,-0.044371996,-0.07085454,-0.067014486,0.0574086,-0.11428198,-0.16790035,-0.0419911,-0.19110909,0.0053813905,-0.06271164,-0.062477615,-0.027324926,0.051579535,-0.010087674,0.10185163,-0.04427976,0.0365333,0.042385884,-0.012896096,0.01865984,0.006243862,0.0087016225,0.046030946,0.040378172,-0.065028965,0.13903011,-0.06546606,-0.088434,0.063625045,0.07002665,-0.06006131,0.034991246,0.029938128,0.006779935,-0.10533574,0.109985225,-0.047236633,-0.043999344,0.12518618,-0.06936109,-0.06717536,-0.05362584,-0.15099865,0.022988342,0.021725696,-0.11422841,0.079578996,0.051395644,-0.020943806,0.07722065,0.19725162,0.050943106,-0.015112256,-0.049035423,-0.03304399,0.03525371,-0.04368099,0.011865153,0.0003069014,0.050357826,0.0886732,-0.084359296,-0.010755395,-0.07472796,0.039941847,-0.0012491284,0.051605072,-0.07270417,-0.045619965,-0.069592245,0.1412103,-0.028825672,-0.016171068,0.14062738,0.0010525434,-0.07273085,-0.04360383,-0.000614699,-0.10265199,-0.041724987,-0.0040359907,-0.034562882,-0.023759928,-0.09421938,-0.048809055,0.14941014,0.15814602,0.06813724,0.018863196,-0.09557285,-0.01366967,0.05014701,0.1874197,-0.11483863,-0.024583584,0.027212523,0.028332377,0.07593295,-0.032713454,0.03425932,0.0064976984,0.109442554,0.0429703,-0.018392917,0.036620725,-0.0710982,-0.13777728,-0.028733062,-0.0031329358,0.037764,-0.07241198,0.011443863,-0.05385935,-0.115940034,-0.07702939,0.025590638,0.12647551,0.0023728649,-0.02893726,-0.03686031,-0.04285524,-0.025879579,-0.057578333,-0.01104882,0.08475338,0.020267392,-0.04545181,-0.05609988,0.011696851,-0.08399377,-0.057958957,-0.083507374,0.0096258195,-0.026786499,0.006981358,-0.12898728,-0.008255271,0.03327444,0.070026994,-0.002660553,0.022479232,0.04419621,-0.022214781,-0.076655194,0.047988895,-0.06674863,-0.01189774,-0.015837794,-0.05941479,0.018368168,0.024863936,0.06509765,0.03294157,0.060556468,0.09067861,0.052276697,0.12128581,-0.039993,-0.12247421,-0.017677689,-0.035267845,0.0409052,0.09439994,-0.008676666,-0.024610786,0.054568615,-0.07841767,-0.060493954,0.07167197,0.15743163,-0.08172573,-0.019172475
TCGA-E9-A247-01A,-0.124341615,-0.05628426,0.08214669,0.06362819,-0.05263947,-0.018689059,-0.03716704,0.046539024,-0.06253615,0.015694842,-0.007959687,-0.049274586,0.016403722,0.09896777,0.091758,-0.038125075,0.0551667,0.09829156,0.021011446,-0.025634551,-0.0802244,0.043843765,-0.030638384,0.008956067,-0.015824463,-0.018787827,-0.13147509,-0.08207173,-0.018526986,-0.1064797,-0.049825095,-0.07965729,-0.06891582,-0.11774169,-0.122568056,-0.18275706,-0.034592796,0.04438947,-0.008336017,0.020833492,0.045977525,0.082277365,0.053531002,-0.050285056,-0.0016673337,-0.0019282588,0.010197785,0.04454445,-0.044979163,0.05594033,0.059137367,-0.018206878,-0.027543072,0.068668716,-0.049916413,0.0041622026,0.057566404,0.020196889,-0.12893409,-0.034074076,0.08480479,0.04875928,0.00011519315,0.11068939,-0.060420945,0.065629266,0.040830962,0.031233525,-0.070225105,-0.042568844,-0.18186748,0.07911114,-0.038643945,-0.20743404,0.14281552,0.08926542,-0.010376849,0.013197411,0.11206067,-0.0005947188,-0.022702329,0.019450044,-0.0042305323,-0.0059188125,-0.0343133,-0.05827318,0.06866515,0.12288136,0.0744428,0.009294073,0.047508586,-0.05368127,0.007690931,0.04885502,0.10576824,-0.019858884,-0.09295607,-0.044777617,0.07123885,-0.17491578,-0.065496616,0.08142082,0.011959365,-0.12013212,-0.018597495,-0.009294874,-0.013847006,-0.119941026,0.0049993447,0.03611557,-0.118412346,-0.1273903,-0.12833212,0.061666254,0.13405524,0.024996255,0.023760092,-0.013669615,-0.092165686,-0.01362697,0.08278962,-0.11614828,-0.019304026,-0.10638357,0.11864628,0.011425929,-0.14378728,0.02731165,0.021021994,0.06109173,0.108325176,-0.12614413,-0.067413,-0.0663754,-0.20133694,-0.045609213,-0.023623213,-0.086232044,-0.0826511,-0.0017541609,0.0037270638,-0.13872004,0.0022951951,0.01918646,0.014591569,-0.024130892,-0.06608464,0.02098875,-0.00940776,0.03940265,-0.044470984,-0.027167963,0.10043519,0.03202146,-0.13040939,0.0007845592,0.044541754,-0.021353792,-0.14501913,-0.06734155,0.04152914,-0.0063466593,0.04100902,-0.04888902,-0.025211776,0.048640408,-0.0037108227,0.03232009,-0.048692826,-0.022098893,-0.013518426,-0.05602267,0.0077643786,0.06706187,-0.027880512,-0.108346805,-0.054611836,0.018360136,0.102711834,0.1010433,-0.046917234,-0.0008901848,0.010399898,-0.009259234,0.03356423,-0.014266109,-0.023059897,-0.02719526,0.07653063,0.049019784,0.004405755,-0.027769499,0.011433412,0.092213735,-0.006127614,-0.07319919,0.15539785,0.018288765,0.030913895,0.007981798
TCGA-EW-A1J5-01A,-0.03581173,-0.0290137,0.027768748,0.10740893,-0.008023869,0.06893314,-0.048943892,-0.015075827,-0.121321455,0.047031462,-0.062376536,-0.087449044,-0.00732876,0.110722095,-0.024889873,-0.047196735,-0.011400314,0.08029607,-0.0818937,-0.032558493,-0.04054644,-0.008519086,-0.05839811,0.05978942,-0.04931637,0.051987216,-0.120219246,0.02127793,-0.030805936,-0.07576251,-0.10106161,-0.0012351077,-0.04052783,-0.03771043,-0.029949373,-0.14650145,0.024796939,-0.011719947,-0.060547557,0.025311789,0.048161786,0.07091451,0.11293649,-0.017454943,0.11431504,0.043746438,0.009404891,-0.02513374,0.091954365,0.08541168,0.05570933,0.07798242,0.05672389,0.09866772,-0.025517136,0.0104515245,0.079672724,0.0505636,-0.044123314,0.008414409,0.04959645,0.018234383,-0.034741662,0.08979757,0.030112883,-0.04209885,0.17110266,0.07949799,-0.13634092,-0.010087072,-0.06733104,0.015293406,0.018037863,-0.21875149,0.114500225,-0.06331509,-0.022952123,0.01615442,0.077086255,-0.0680686,0.07246471,-0.050024617,-0.026696518,0.074514724,0.04606909,-0.07991305,0.070218764,0.078187816,0.070042804,-0.011151567,0.029290482,0.013668653,0.047442935,0.07031779,0.16319567,-0.12949795,-0.078322254,-0.031111926,0.004367929,-0.049988825,-0.010890008,0.1033919,0.02314334,-0.1251831,-0.047914095,-0.038090073,-0.078731775,0.024370786,-0.020997094,-0.062038664,-0.10769577,-0.1114765,-0.13058966,0.16275032,0.057572782,-0.011127667,0.06303965,-0.068982214,0.0018927944,0.046138775,0.08492309,-0.14026684,0.022301706,0.03907479,-0.001385087,0.068749025,-0.06709841,0.06813492,0.092545606,0.036345582,0.04685616,-0.08787171,0.009337058,-0.0020557577,-0.12098186,-0.049838427,-0.09395152,-0.051031258,-0.013520146,0.028343856,-0.0037185631,-0.1298012,0.025613021,0.099980526,0.02188411,0.006991085,-0.10140936,0.01567926,0.005182965,-0.024616277,0.02641079,0.08106742,0.058925424,0.063865885,0.0043474208,0.11420459,0.007867465,-0.12696251,-0.09250413,-0.011676313,0.06238298,-0.019045146,-0.11782594,-0.1559069,-0.017279321,0.060715552,0.06262614,0.020226518,0.01846712,-0.083269976,-0.03889936,-0.07807794,0.042649254,-0.015776414,-0.009878204,-0.0860476,-0.036510196,0.08159163,0.10033537,0.14836283,-0.045918275,0.07700184,-0.08980797,0.068764284,0.0885971,-0.00012388402,-0.13724814,-0.018129235,0.0025005061,0.002341241,0.075161956,-0.042641878,0.03174456,0.016888278,-0.04971938,0.09243265,0.11064338,0.06090348,-0.0329891,0.013300002
TCGA-AR-A2LN-01A,0.03364882,-0.017679691,0.057283647,0.07008199,-0.04248957,-0.0171306,-0.07412582,-0.033089552,-0.12377733,-0.017367898,0.019816294,0.047655597,0.021822736,0.08004943,0.037849907,-0.040671494,0.077494204,0.006604897,0.012542239,-0.09527174,-0.1184458,-0.014641506,-0.059097514,0.10972153,-0.040748514,-0.0369879,-0.057908136,-0.006388202,0.06309005,-0.1206826,-0.11940539,0.026129788,0.0022882938,-0.1402032,-0.057177592,-0.12617157,-0.09936004,-0.0043746205,-0.08464782,0.014924427,0.035694513,0.13375019,-0.024425715,-0.09000774,-0.038246345,-0.10870679,0.01083679,0.07695126,0.072108,0.13808455,0.1398862,0.032627042,-0.019598223,0.054570515,-0.039068136,0.05233188,0.12397084,-0.007993641,-0.0038760314,0.14784954,-0.01233629,-0.024007546,-0.03289643,0.10930282,-0.00027033305,-0.04463786,0.11558556,-0.024275292,-0.026989602,-0.044771656,-0.22117412,0.076894045,0.0078589525,-0.15732129,0.0063032727,-0.073347695,-0.053377047,0.01217807,0.020133097,0.013058777,0.014127508,0.032325592,0.080807,0.003210988,-0.05962378,-0.06663916,-0.043383278,0.041744113,0.08133609,-0.0017296334,0.010600142,-0.12901545,0.029075224,0.0128583135,0.06236895,-0.08972733,-0.11072851,0.0002622059,-0.003004467,-0.097222164,-0.008612599,0.05595184,-0.064412035,-0.1729494,-0.094815135,-0.053423863,0.035150517,-0.09833413,0.030853447,-0.024505822,0.0018687848,-0.063795105,0.029214114,0.095034115,-0.032837324,-0.06424214,0.016220562,0.01207746,-0.047810838,-0.007076037,0.13824058,-0.11117589,0.015570883,0.03110124,0.06743086,0.07340495,-0.043075617,0.0679826,0.012027404,0.15975252,0.0122262575,-0.021759668,0.033624474,-0.057751656,-0.10313455,0.019945383,-0.039120167,-0.024477389,-0.0659553,0.0043342044,-0.02464131,-0.20817615,-0.07946993,0.042137716,0.04137685,-0.012473159,-0.045818157,-0.04536835,-0.036946744,-0.07622327,0.08147446,0.01248259,-0.051218502,0.0758113,0.0329662,0.029407812,0.08785796,-0.0723477,-0.05160294,-0.050029892,-0.024861138,-0.0008036735,0.04623135,-0.19377163,-0.14064445,0.017270682,0.081269816,0.024336156,-0.0005066842,-0.027505137,0.009027355,-0.044840384,-0.0897479,0.061673038,0.092891425,-0.036128346,-0.0028890641,0.0005134946,0.037026126,0.122639626,0.031381525,-0.043071482,-0.041182388,0.022098612,-0.019251123,0.003714471,-0.09584853,-0.08171297,-0.03368154,-0.025391502,0.08669634,-0.019678773,-0.08536016,0.04564651,-0.029532265,0.08271771,0.121117815,0.13452034,-0.07594038,0.015652662
TCGA-A8-A08O-01A,-0.045193758,-0.10594342,0.08224635,0.011761575,-0.07246766,0.061378434,0.02456437,-0.01689106,-0.013657155,-0.016801666,0.017932136,-0.053834666,0.011129675,0.15795241,0.067318015,-0.033805992,0.029005228,0.07948763,-0.12133205,-0.030804798,-0.07625381,-0.03833695,-0.0075843767,0.055812344,0.004034489,-0.12695608,-0.1741584,-0.0054933317,-0.015324609,-0.1664647,-0.09922746,0.022056777,-0.055564094,-0.06397536,-0.04582496,-0.042068288,-0.020082192,-0.04722353,-0.006566081,0.0008935913,-0.06420137,0.05833509,0.115008265,-0.099482104,0.0038942131,-0.05058306,0.0061827907,-0.003421944,-0.0111927865,0.10253638,0.11686653,0.09514514,0.06298551,0.044738285,0.007011155,-0.010419538,0.0662628,0.00575914,0.017399326,0.0358126,0.04797765,0.0042095073,-0.07284876,0.050849147,-0.027863001,-0.10468022,0.116169944,-0.015685568,-0.13602115,0.04320227,-0.14011303,-0.02393069,-0.089927055,-0.12698221,0.10045804,-0.003956284,-0.009216585,0.0021586672,0.03536137,-0.059511963,0.07164156,-0.05204282,-0.046086296,0.065647855,-0.035695642,-0.09971103,-0.10430411,0.059907027,0.04165613,0.023521895,0.042715855,-0.14934185,0.12945041,0.030456904,0.05022494,-0.03049261,0.014285193,-0.0203173,-0.08671369,0.011830668,-0.0999031,-0.0350733,-0.01538567,-0.10610587,-0.08680566,0.045895938,0.01216511,-0.12600882,0.0651634,0.021007413,-0.036936034,-0.07716336,-0.08470716,0.0950462,0.06906906,0.006243795,-0.031198796,-0.070639476,0.046445306,-0.06235715,0.16066249,-0.13260518,0.041733474,0.041551303,0.008246011,0.016418623,-0.06134573,0.04168261,0.036280308,0.05978121,0.12883238,0.040415574,-0.05318203,-0.001277527,-0.12031764,-0.029175773,-0.07084537,0.064762846,-0.0162679,0.040705267,0.0065591717,-0.09116634,-0.03865518,0.08587451,-0.107727714,-0.068275236,-0.052935276,-0.011231674,-0.04749641,-0.12220634,-0.01525638,0.012987723,0.0045158416,0.021018056,0.009214106,0.08603695,0.06711372,-0.026273375,-0.06969934,0.054096583,-0.048598997,-0.026136074,-0.029838493,-0.25786093,-0.020035565,0.11408986,0.11270098,-0.06967617,-0.040065046,-0.043572098,-0.066513665,-0.019249031,0.053581893,0.024051495,0.021276027,-0.03554092,-0.014256246,0.0864103,0.11607573,0.12545861,-0.08918461,-0.08736845,-0.1358316,0.047506686,-0.019105343,0.024270162,-0.04257166,0.004840037,-0.121614866,0.023968594,0.09749098,0.0005623436,-0.07829925,0.015390292,0.044245128,0.053446207,-0.0038612473,0.10115481,-0.048115194,0.028003128
TCGA-D8-A1XM-01A,-0.06720524,-0.011392904,0.012272551,0.0740693,0.024050986,0.02815331,-0.06595394,0.008673628,-0.07965029,0.035439733,0.036611892,-0.006904665,-0.06851739,0.13387357,0.04877235,-0.023901831,0.030719843,0.05687743,-0.06013994,-0.105212875,-0.038976714,-0.016178584,-0.072960824,0.13851596,-0.027519815,-0.075032085,-0.18343572,-0.042356327,0.051644187,-0.017073656,-0.073307045,-0.009310011,-0.082964085,-0.11413882,-0.039279483,-0.062590376,-0.036365286,0.019505067,-0.116054446,0.026280088,-0.079998404,0.118907966,0.05191203,-0.030991148,0.066323034,-0.0062910905,0.017898604,0.08684933,0.06264684,0.10310351,0.029318716,0.05045077,0.061316457,0.0360598,0.026738195,-0.06319521,0.20037806,0.01499544,-0.013175155,-0.01789875,-0.0345433,-0.014429266,-0.08347903,-0.0034833355,0.046565257,0.019822383,0.1225644,-0.024366157,-0.026117781,0.010298946,-0.08665105,0.048988216,-0.026399383,-0.19395839,0.06752986,0.0330421,0.035849188,-0.10878632,0.044154663,-0.11852432,-0.035212222,0.0343159,-0.047609534,0.045240134,-0.026674982,-0.040613238,-0.092598975,0.071775265,0.07747728,0.037507236,0.007671067,-0.12980199,0.056190584,0.061379254,0.07966791,-0.10172198,-0.13201663,-0.0011504808,-0.0039560096,-0.070023134,-0.072900005,0.0562024,0.06653497,-0.10977651,0.0045424425,0.0116019845,-0.043586563,-0.14885806,0.059506655,-0.021614736,0.0004789369,-0.12173444,-0.12317755,0.058917478,0.06358196,-0.02168138,0.067019716,-0.01035058,-0.07372025,-0.039721996,0.16225573,-0.11530505,0.03933475,0.07660579,0.033739675,0.00412331,-0.070005864,0.05229049,-0.07498112,0.11563989,0.07326004,0.01433736,0.06404994,-0.07304601,-0.15170413,0.0034332224,-0.042900357,0.05102286,-0.081770726,-0.06949094,0.01479303,-0.17065367,-0.0025794085,0.064055905,0.050501492,-0.017969385,-0.07940859,-0.011012301,-0.056140088,0.005224031,-0.059694234,0.0025497563,0.07125583,0.029571325,-0.124514736,-0.006921968,0.042458795,-0.091697626,-0.015073087,0.015342312,-0.005324066,-0.065731734,-0.013756298,-0.132808,-0.05038685,0.094424546,0.09547127,-0.10577345,-0.013613302,-0.062902525,-0.027063021,0.03278984,0.030996798,0.065893374,0.10396234,-0.020236572,-0.032679956,0.016545983,0.11295453,0.18425749,0.0134909265,0.008614357,0.0029747712,0.15108058,0.06422816,-0.0052751177,-0.03062477,-0.02949702,0.014296227,0.0035024984,0.03859222,-0.03102456,-0.08821076,0.08896661,-0.06602205,0.0738764,0.016852295,0.06734103,-0.04765029,0.046402764
TCGA-A8-A075-01A,-0.08896017,0.0069933794,0.08360332,0.101402745,-0.01139766,0.13146739,0.0639886,0.05374384,-0.041969027,0.060358703,-0.01832331,0.027924508,0.054847915,0.12875105,0.10399863,-0.007976404,-0.07963987,0.072883144,0.007853341,-0.03140042,-0.059688695,-0.007559616,-0.018038867,0.09564187,0.035332456,0.010567003,-0.105101846,-0.014528414,-0.004611759,-0.030618675,-0.06824886,-0.024068242,-0.15439492,-0.09085397,-0.09118171,-0.106156096,-0.07247075,-0.06366232,-0.06026403,-0.046149787,-0.004557762,0.06196045,0.12448709,-0.0862407,-0.047475267,0.038903244,0.029108627,-0.0019449827,0.03854726,0.08945459,0.049418863,0.11927368,-0.01230704,0.0597506,-0.012418652,-0.01959148,0.032164395,0.01109525,-0.117461205,0.014700783,0.085348494,5.1771138e-05,-0.078547455,0.025250336,-0.11817147,-0.06778441,0.07620093,0.06885601,-0.056608293,-0.015335588,-0.14110774,0.024406034,0.016319571,-0.13411205,0.12855177,0.037452806,-0.06193555,0.030844303,0.1552318,-0.018215489,0.013837065,-0.051901735,-0.022887463,0.09504762,0.013685812,-0.10360931,0.024305208,0.026025623,0.11423969,-0.0117930025,0.102387086,-0.05904145,0.052482963,0.08764523,0.071247466,-0.078945234,-0.0762295,-0.02551977,0.0708917,-0.10852192,-0.07105684,0.03222552,0.024627218,-0.09750176,-0.023397898,0.039497398,-0.06825856,-0.10030439,-0.018555457,-0.014783346,-0.06286408,-0.11153758,-0.08936078,0.12288605,0.09903747,-0.047853358,-0.00077764,-0.07315884,-0.00033869426,0.02194333,0.17298141,-0.03580299,0.08308617,-0.00024170282,0.022623595,0.05576643,-0.039783508,0.041619994,0.031978775,0.0813194,0.024781512,-0.1698672,-0.061165124,-0.094146565,-0.08015648,0.0003280093,0.033375017,-0.09876551,0.0022193247,-0.047845498,-0.11790484,-0.056206096,-0.0072827847,0.033739083,0.034088086,-0.044148173,-0.1304924,-0.042020533,-0.020389687,-0.006254363,-0.0555243,0.018881544,0.12961936,-0.042770516,-0.0029141195,0.007083826,0.013120509,-0.01794243,0.048691984,-0.044717778,0.033898577,-0.008033679,0.012577277,-0.18545781,-0.0062916707,0.022318367,0.0727245,0.02108448,-0.10867143,0.00817059,-0.024246622,-0.12888257,0.02029693,0.04138268,-0.089099295,-0.17369634,-0.13713753,0.09345801,0.11107463,0.15454133,0.06598781,-0.048092373,-0.013693293,0.042488102,-0.014638112,-0.011156007,-0.07948512,-0.0020051885,0.032745097,-0.014291852,0.07390511,-0.09472907,-0.021936316,0.05220492,-0.07012306,0.024006866,-0.0004283664,0.05753178,-0.067174435,0.008813435
TCGA-A2-A0YT-01A,-0.008878185,-0.1074156,0.13690947,0.027463006,-0.09492625,-0.0005867626,-0.055773146,0.015459431,0.08419481,0.04487566,0.017079633,-0.043115452,0.028789688,0.14982992,0.09377439,-0.055603687,0.0070761126,0.05258726,0.011499862,0.007133641,0.014599249,-0.01477412,-0.061576072,0.038181253,-0.027150845,-0.0105713345,-0.12552677,-0.049484156,0.11783019,-0.13626605,-0.062413782,-0.020559343,-0.08514391,-0.099829264,-0.18940261,-0.091244005,-0.018289363,-0.04946207,-0.122984976,-0.057725426,0.09746021,0.052669395,0.08351069,-0.022672426,-0.028568074,-0.04128275,0.062754646,-0.063208744,-0.04210027,0.12170686,0.025789848,0.085240684,0.0036848807,-0.01271634,-0.053588584,0.009451252,-0.004681986,0.054748595,-0.033279706,0.055888984,0.041495375,0.07300866,-0.11265623,0.102953434,-0.03986666,0.012168479,0.13066722,0.03413871,-0.119283915,0.013870141,-0.08884752,-0.049764276,0.0065474324,-0.10036765,0.038321014,0.066608846,-0.026783038,0.017289134,0.05006296,0.053261124,-0.042761553,0.0068810415,-0.014203598,0.047879394,-0.036705043,-0.11868376,-0.10352156,0.032260545,0.11108149,0.0151816085,0.024018671,-0.014374537,0.095386006,0.040700812,0.037317827,-0.007761032,-0.06990273,0.006995172,-0.04667384,-0.009877713,-0.00023611996,0.12698388,-0.0767641,-0.014268004,-0.10728355,0.05767482,-0.085452616,-0.11077654,0.012424304,0.0076206597,-0.03982352,-0.1741565,-0.07307285,0.1844618,0.049447045,-0.08030262,-0.07330707,0.029815983,-0.09499724,0.034278117,0.012949542,-0.07774794,0.05737552,0.022175513,-0.07437988,0.031436887,-0.036290653,0.08110917,-0.06326557,0.11189861,0.110358484,-0.12605119,-0.027931726,0.0065756934,-0.1852862,-0.07245476,-0.051818967,-0.023542153,-0.05552474,0.018838217,-0.029764203,-0.13681689,-0.0023188577,0.03198676,-0.08115545,0.0074220924,-0.13941737,0.03552278,-0.014492059,-0.019205265,0.040810622,0.022212569,0.12105042,0.09640417,0.0014492926,0.0078217685,-0.023867091,-0.089116275,-0.083904296,-0.048308317,-0.0107042575,0.021809155,0.030723687,-0.1253136,-0.052707136,0.017752636,0.11193279,0.11336153,0.0019511417,-0.05210445,-0.059718918,-0.028545385,0.060642872,-0.077139616,0.08081548,-0.10995626,-0.10603407,0.04992965,0.07500149,0.10472393,-0.06446628,0.04130051,-0.028894356,0.03364216,-0.06406711,0.03418376,-0.0567566,-0.051840395,-0.001300044,0.01726485,0.059291538,-0.08529998,-0.10906179,-0.00074302044,-0.0024925,-0.0426362,0.031084163,0.08968464,-0.028047545,0.09395717
TCGA-EW-A2FS-01A,-0.050427496,-0.035247926,0.09407697,0.078623585,-0.008168906,0.08312505,-0.049176175,-0.00055951206,-0.13787715,0.017658148,-0.031620104,-0.06786427,-0.034447465,0.027874757,0.05478384,0.019350879,-0.0038741624,0.018801525,-0.031054668,-0.075624906,-0.026105857,0.011419429,-0.046382166,0.05951217,-0.0503458,-0.07790925,-0.11569806,-0.060372148,-0.079792954,-0.065032996,-0.008718552,-0.06813488,-0.0351383,-0.02212837,-0.025198733,-0.016132172,0.019188914,-0.0069394656,0.0042312723,-0.013649444,-0.11616823,0.0372715,0.06320632,-0.17970653,-0.11518574,0.04057443,-0.012521498,0.048325468,0.081445284,0.19315629,0.035536237,0.06473984,0.034951404,0.062183786,-0.02627122,-0.03795923,0.10676967,0.046483465,-0.011444835,-0.01124747,0.0028988998,0.02733372,-0.081573196,0.039361354,0.040506557,0.0036686745,0.08348817,-0.08081275,-0.03081337,0.037414722,-0.13449112,-0.0056890296,0.06758149,-0.13177104,0.016344184,0.015531593,-0.06291913,-0.0016356097,0.13520499,-0.024400057,0.01691584,-0.041874733,-0.09707337,-0.0008017865,0.031679813,-0.022571767,-0.004264302,0.0976622,0.09882317,-0.01652757,0.09129167,-0.16415064,0.04157562,0.044360243,0.058034092,0.005806716,-0.0389834,-0.0106405625,0.057536654,-0.008273824,0.0060509145,0.036131974,0.13803841,-0.085560516,-0.12315194,-0.031279806,-0.025305662,-0.11992018,0.0038225986,-0.025789898,0.03309111,-0.037593044,-0.08034912,0.09590939,0.09135531,0.006772812,0.030141804,0.03306088,-0.003303124,0.019567724,0.04249346,-0.12785323,0.02533729,0.10935908,0.06081917,0.013496596,-0.02401473,0.14900468,0.008400704,0.1572375,0.061697252,-0.018354626,-0.07423507,-0.017821364,-0.13009842,0.044998534,-0.0019047604,-0.020933606,-0.02998274,0.060550828,0.014713869,-0.12173062,-0.133227,0.02556307,-0.03483142,-0.007518427,-0.08896954,0.044543285,0.0036024686,-0.049687754,-0.0004752246,0.0087193595,0.08263219,0.007210501,-0.07006251,0.12882756,0.08492382,-0.092645265,0.03918807,-0.010808404,-0.03316913,-0.08259002,0.0761228,-0.11956514,0.038581457,0.011200129,0.13576661,-0.050767537,-0.06958831,-0.09269067,-0.06979094,-0.1771037,0.1265149,0.078155935,0.067873776,-0.03781793,-0.08099331,0.048598837,0.06373516,0.19831647,-0.048820574,-0.07153108,-0.16435719,-0.020565627,0.030978888,-0.06618637,-0.053854704,-0.048429392,-0.014687991,0.0033004363,0.15423627,-0.04050285,-0.074009776,0.07987914,-0.030301651,0.07269774,0.04830975,-0.0227132,-0.031909067,-0.058398232
